,Raw Prediction Mean,Raw Prediction Mean 100k,Raw Prediction Q25,Raw Prediction Q25 100k,Raw Prediction Q75,Raw Prediction Q75 100k,Raw Prediction Q5,Raw Prediction Q5 100k,Raw Prediction Q95,Raw Prediction Q95 100k,Trend Prediction Mean,Trend Prediction Mean 100k,Trend Prediction Q25,Trend Prediction Q25 100k,Trend Prediction Q75,Trend Prediction Q75 100k,Trend Prediction Q5,Trend Prediction Q5 100k,Trend Prediction Q95,Trend Prediction Q95 100k,Trend 7Day Prediction Mean,Trend 7Day Prediction Mean 100k,Trend 7Day Prediction Q25,Trend 7Day Prediction Q25 100k,Trend 7Day Prediction Q75,Trend 7Day Prediction Q75 100k,Trend 7Day Prediction Q5,Trend 7Day Prediction Q5 100k,Trend 7Day Prediction Q95,Trend 7Day Prediction Q95 100k,RKI Meldedaten,RKI 7Day Incidence,is_nowcast,is_high,is_prediction
2021-06-28,0.3806145,0.23281024823518237,0,0.0,1,0.6116694293735894,0,0.0,2,1.2233388587471787,0.46346748,0.28348888463369804,0,0.0,1,0.6116694293735894,0,0.0,2,1.2233388587471787,,,,,,,,,,,0.0,,False,False,False
2021-06-29,0.7616051,0.4658505531551782,0,0.0,1,0.6116694293735894,0,0.0,3,1.835008288120768,0.51819956,0.31696683890913846,0,0.0,1,0.6116694293735894,0,0.0,2,1.2233388587471787,,,,,,,,,,,0.0,,False,False,False
2021-06-30,0.87618953,0.5359383521863492,0,0.0,1,0.6116694293735894,0,0.0,3,1.835008288120768,0.58040196,0.35501414004102116,0,0.0,1,0.6116694293735894,0,0.0,2,1.2233388587471787,,,,,,,,,,,0.0,,False,False,False
2021-07-01,0.8707737,0.5326256541593466,0,0.0,1,0.6116694293735894,0,0.0,3,1.835008288120768,0.6512081,0.3983240731031401,0,0.0,1,0.6116694293735894,0,0.0,2,1.2233388587471787,,,,,,,,,,,2.0,,False,False,False
2021-07-02,0.8204889,0.501867998536909,0,0.0,1,0.6116694293735894,0,0.0,3,1.835008288120768,0.73193735,0.4477036782191135,0,0.0,1,0.6116694293735894,0,0.0,3,1.835008288120768,,,,,,,,,,,2.0,,False,False,False
2021-07-03,0.69783664,0.42684532672865316,0,0.0,1,0.6116694293735894,0,0.0,3,1.835008288120768,0.82413,0.5040951236878755,0,0.0,1,0.6116694293735894,0,0.0,3,1.835008288120768,,,,,,,,,,,0.0,,False,False,False
2021-07-04,0.2983281,0.18247817479277728,0,0.0,1,0.6116694293735894,0,0.0,1,0.6116694293735894,0.9295886,0.5686009444616502,0,0.0,1,0.6116694293735894,0,0.0,3,1.835008288120768,4.698932822406292,2.874193558146086,2.0,1.2233388587471787,6.0,3.670016576241536,1.0,0.6116694293735894,11.0,6.728363723109482,0.0,4.0,False,False,False
2021-07-05,0.9493408,0.580682763029472,0,0.0,2,1.2233388587471787,0,0.0,3,1.835008288120768,1.0504228,0.6425114861485781,0,0.0,2,1.2233388587471787,0,0.0,4,2.4466777174943575,5.285887814044952,3.2332159829496856,3.0,1.835008288120768,7.0,4.281686005615126,1.0,0.6116694293735894,12.0,7.340033152483072,5.0,9.0,False,True,False
2021-07-06,1.7200543,1.0521046533540357,0,0.0,3,1.835008288120768,0,0.0,5,3.0583471468679466,1.1891065,0.7273400569829391,0,0.0,2,1.2233388587471787,0,0.0,4,2.4466777174943575,5.956794138789177,3.643588871769117,3.0,1.835008288120768,8.0,4.893355434988715,1.0,0.6116694293735894,13.0,7.951702581856661,0.0,9.0,False,False,False
2021-07-07,2.1091719,1.2901159607281443,1,0.6116694293735894,3,1.835008288120768,0,0.0,6,3.670016576241536,1.3485451,0.8248637641372625,0,0.0,2,1.2233388587471787,0,0.0,4,2.4466777174943575,6.724936860084534,4.113438291781325,4.0,2.4466777174943575,9.0,5.505024864362304,2.0,1.2233388587471787,14.0,8.563372011230252,0.0,9.0,False,False,False
2021-07-08,2.129399,1.3024882719037123,1,0.6116694293735894,3,1.835008288120768,0,0.0,6,3.670016576241536,1.5321578,0.9371740816277452,0,0.0,2,1.2233388587471787,0,0.0,4,2.4466777174943575,7.605887538671493,4.652288890658886,5.0,3.0583471468679466,10.0,6.116694293735893,2.0,1.2233388587471787,15.0,9.17504144060384,1.0,8.0,False,False,False
2021-07-09,2.129624,1.3026257875026204,1,0.6116694293735894,3,1.835008288120768,0,0.0,7,4.281686005615126,1.7439768,1.06673733171192,0,0.0,3,1.835008288120768,0,0.0,6,3.670016576241536,8.61792648100853,5.271322173022032,5.0,3.0583471468679466,11.0,6.728363723109482,2.0,1.2233388587471787,17.0,10.398380299351018,0.0,6.0,False,False,False
2021-07-10,1.650743,1.0097090125782415,0,0.0,2,1.2233388587471787,0,0.0,5,3.0583471468679466,1.988751,1.2164582585683092,1,0.6116694293735894,3,1.835008288120768,0,0.0,6,3.670016576241536,9.782548630475999,5.983685938622642,6.0,3.670016576241536,13.0,7.951702581856661,3.0,1.835008288120768,19.0,11.621719158098196,4.0,10.0,False,False,False
2021-07-11,0.7000555,0.4282025201973738,0,0.0,1,0.6116694293735894,0,0.0,2,1.2233388587471787,2.2721107,1.3897806638851762,1,0.6116694293735894,3,1.835008288120768,0,0.0,6,3.670016576241536,11.125069480419159,6.804864900829521,7.0,4.281686005615126,14.0,8.563372011230252,4.0,2.4466777174943575,21.0,12.845058016845377,0.0,10.0,False,False,False
2021-07-12,2.3358345,1.4287585145211779,1,0.6116694293735894,3,1.835008288120768,0,0.0,7,4.281686005615126,2.600705,1.5907717170193791,1,0.6116694293735894,4,2.4466777174943575,0,0.0,7,4.281686005615126,12.675353929042815,7.753126504885903,8.0,4.893355434988715,16.0,9.78671086997743,5.0,3.0583471468679466,23.0,14.068396875592557,2.0,7.0,False,False,False
2021-07-13,4.658496,2.8494594516814686,2,1.2233388587471787,6,3.670016576241536,0,0.0,12,7.340033152483072,2.982445,1.8242704754811712,1,0.6116694293735894,4,2.4466777174943575,0,0.0,9,5.505024864362304,14.468689929008484,8.850055312660018,10.0,6.116694293735893,18.0,11.010049728724608,5.0,3.0583471468679466,27.0,16.51507459308691,3.0,10.0,False,False,False
2021-07-14,5.4622874,3.3411142794648185,2,1.2233388587471787,7,4.281686005615126,0,0.0,15,9.17504144060384,3.426697,2.09600584639702,1,0.6116694293735894,5,3.0583471468679466,0,0.0,9,5.505024864362304,16.546843153953553,10.121198109913053,11.0,6.728363723109482,21.0,12.845058016845377,6.0,3.670016576241536,31.0,18.96175231058127,11.0,21.0,False,True,False
2021-07-15,4.6178956,2.8246255169506185,2,1.2233388587471787,7,4.281686005615126,0,0.0,12,7.340033152483072,3.944642,2.4128170480253175,2,1.2233388587471787,5,3.0583471468679466,0,0.0,10,6.116694293735893,18.959327533245087,11.596841053567003,12.0,7.340033152483072,24.0,14.680066304966145,7.0,4.281686005615126,36.0,22.020099457449216,5.0,25.0,False,False,False
2021-07-16,4.602088,2.81495649687713,2,1.2233388587471787,6,3.670016576241536,0,0.0,13,7.951702581856661,4.5495896,2.7828449674416333,2,1.2233388587471787,6,3.670016576241536,0,0.0,12,7.340033152483072,21.76494038057327,13.312948662935447,14.0,8.563372011230252,27.0,16.51507459308691,8.0,4.893355434988715,41.0,25.078446604317165,3.0,28.0,False,False,False
2021-07-17,4.7528243,2.907157249865122,2,1.2233388587471787,7,4.281686005615126,0,0.0,13,7.951702581856661,5.257436,3.2158128306036815,2,1.2233388587471787,7,4.281686005615126,0,0.0,14,8.563372011230252,25.033622259140014,15.312301442402157,16.0,9.78671086997743,31.0,18.96175231058127,9.0,5.505024864362304,48.0,29.36013260993229,2.0,26.0,False,False,False
2021-07-18,2.1883686,1.3385581041802652,1,0.6116694293735894,3,1.835008288120768,0,0.0,8,4.893355434988715,6.087197,3.7233523471513763,2,1.2233388587471787,8,4.893355434988715,0,0.0,17,10.398380299351018,28.84870806312561,17.645872799137308,18.0,11.010049728724608,35.0,21.408430028075628,11.0,6.728363723109482,58.0,35.47682690366818,2.0,28.0,False,False,False
2021-07-19,7.5170503,4.597949737217277,3,1.835008288120768,10,6.116694293735893,1,0.6116694293735894,22,13.456727446218965,7.0616565,4.319399522501044,3,1.835008288120768,9,5.505024864362304,0,0.0,19,11.621719158098196,33.30965846920014,20.374499788484794,21.0,12.845058016845377,41.0,25.078446604317165,12.0,7.340033152483072,68.0,41.59352119740407,3.0,29.0,True,False,False
2021-07-20,12.75276,7.8004733950365335,5,3.0583471468679466,17,10.398380299351018,2,1.2233388587471787,37,22.631768886822805,8.20817,5.020686512580141,3,1.835008288120768,10,6.116694293735893,1,0.6116694293735894,23,14.068396875592557,38.53539002943039,23.57092002999039,24.0,14.680066304966145,46.0,28.136793751185113,14.0,8.563372011230252,79.0,48.321884920513554,4.0,30.0,True,False,False
2021-07-21,17.07152,10.442126949783415,6,3.670016576241536,22,13.456727446218965,2,1.2233388587471787,46,28.136793751185113,9.559632,5.847334978170693,3,1.835008288120768,12,7.340033152483072,1,0.6116694293735894,26,15.903405163713321,44.6683155708313,27.322243096289796,26.0,15.903405163713321,54.0,33.03014918617382,15.0,9.17504144060384,95.0,58.10859579049099,9.0,28.0,True,False,False
2021-07-22,16.550955,10.123712854692712,6,3.670016576241536,21,12.845058016845377,2,1.2233388587471787,49,29.971802039305874,11.15561,6.823545845691115,4,2.4466777174943575,14,8.563372011230252,1,0.6116694293735894,33,20.185091169328448,51.879293569087984,31.732977893708973,30.0,18.35008288120768,62.0,37.92350462116254,16.0,9.78671086997743,115.0,70.34198437796277,4.0,27.0,True,False,False
2021-07-23,13.101359,8.01370115368627,4,2.4466777174943575,17,10.398380299351018,1,0.6116694293735894,40,24.466777174943573,13.043946,7.978583016665652,4,2.4466777174943575,16,9.78671086997743,1,0.6116694293735894,42,25.690116033690753,60.37365087366104,36.92871657909255,33.0,20.185091169328448,74.0,45.26353777364561,18.0,11.010049728724608,133.0,81.35203410668738,0.0,24.0,True,False,False
2021-07-24,12.851733,7.861012272769585,4,2.4466777174943575,17,10.398380299351018,1,0.6116694293735894,37,22.631768886822805,15.282355,9.347749437438324,5,3.0583471468679466,20,12.233388587471786,1,0.6116694293735894,44,26.91345489243793,70.3985770201683,43.060657434639026,37.0,22.631768886822805,87.0,53.215240355502274,19.0,11.621719158098196,163.0,99.70211698789505,,,False,False,True
2021-07-25,5.582338,3.414545426494442,1,0.6116694293735894,7,4.281686005615126,0,0.0,17,10.398380299351018,17.940788,10.973831376759335,6,3.670016576241536,22,13.456727446218965,2,1.2233388587471787,49,29.971802039305874,82.25218468093873,50.31114686852088,41.0,25.078446604317165,103.0,63.00195122547971,21.0,12.845058016845377,193.0,118.05219986910274,,,False,False,True
2021-07-26,19.513668,11.935914517380297,5,3.0583471468679466,25,15.291735734339733,1,0.6116694293735894,66,40.370182338656896,21.104094,12.908728967886418,7,4.281686005615126,25,15.291735734339733,2,1.2233388587471787,63,38.53517405053613,96.29461549901963,58.90047251403453,46.0,28.136793751185113,119.0,72.78866209545714,23.0,14.068396875592557,239.0,146.18899362028785,,,False,False,True
2021-07-27,39.413666,24.108134675770998,11,6.728363723109482,46,28.136793751185113,3,1.835008288120768,113,69.1186455192156,24.875292,15.215454914141446,7,4.281686005615126,31,18.96175231058127,2,1.2233388587471787,82,50.15689320863433,112.96173091173172,69.0952374878319,51.0,31.195140898053058,142.0,86.85705897104968,25.0,15.291735734339733,285.0,174.32578737147298,,,False,False,True
2021-07-28,49.07701,30.018907273188233,13,7.951702581856661,55,33.641818615547415,4,2.4466777174943575,153,93.58542269415916,29.379833,17.970745102502406,8,4.893355434988715,36,22.020099457449216,2,1.2233388587471787,90,55.05024864362304,132.7819505443573,81.21865992057919,57.0,34.86515747429459,166.0,101.53712527601583,27.0,16.51507459308691,350.0,214.08430028075628,,,False,False,True
