,Unnamed: 0,Raw Prediction Mean,Raw Prediction Mean 100k,Raw Prediction Q25,Raw Prediction Q25 100k,Raw Prediction Q75,Raw Prediction Q75 100k,Raw Prediction Q5,Raw Prediction Q5 100k,Raw Prediction Q95,Raw Prediction Q95 100k,Trend Prediction Mean,Trend Prediction Mean 100k,Trend Prediction Q25,Trend Prediction Q25 100k,Trend Prediction Q75,Trend Prediction Q75 100k,Trend Prediction Q5,Trend Prediction Q5 100k,Trend Prediction Q95,Trend Prediction Q95 100k,Trend 7Day Prediction Mean,Trend 7Day Prediction Mean 100k,Trend 7Day Prediction Q25,Trend 7Day Prediction Q25 100k,Trend 7Day Prediction Q75,Trend 7Day Prediction Q75 100k,Trend 7Day Prediction Q5,Trend 7Day Prediction Q5 100k,Trend 7Day Prediction Q95,Trend 7Day Prediction Q95 100k,RKI Meldedaten,RKI 7Day Incidence,is_nowcast,is_high,is_prediction
0,2020-03-04,0.3790558,0.1545646114209375,0,0.0,1,0.407762160487031,0,0.0,2,0.8155243209740621,0.15502554,0.063213548173735,0,0.0,0,0.0,0,0.0,1,0.407762160487031,,,,,,,,,,,0.0,,False,False,False
1,2020-03-05,0.5051222,0.2059697180811781,0,0.0,1,0.407762160487031,0,0.0,2,0.8155243209740621,0.196535,0.0801395401595073,0,0.0,0,0.0,0,0.0,1,0.407762160487031,,,,,,,,,,,0.0,,False,False,False
2,2020-03-06,0.5353337,0.2182888238166924,0,0.0,1,0.407762160487031,0,0.0,2,0.8155243209740621,0.24971703,0.1018251509776746,0,0.0,0,0.0,0,0.0,1,0.407762160487031,,,,,,,,,,,0.0,,False,False,False
3,2020-03-07,0.5292092,0.2157914877898292,0,0.0,1,0.407762160487031,0,0.0,2,0.8155243209740621,0.3179956,0.1296665800509799,0,0.0,0,0.0,0,0.0,1,0.407762160487031,,,,,,,,,,,0.0,,False,False,False
4,2020-03-08,0.56125724,0.2288594714627834,0,0.0,1,0.407762160487031,0,0.0,2,0.8155243209740621,0.40583968,0.1654860625421861,0,0.0,1,0.407762160487031,0,0.0,2,0.8155243209740621,,,,,,,,,,,0.0,,False,False,False
5,2020-03-09,0.76144,0.3104864163105958,0,0.0,1,0.407762160487031,0,0.0,3,1.2232864814610935,0.5190928,0.2116664063578355,0,0.0,1,0.407762160487031,0,0.0,2,0.8155243209740621,,,,,,,,,,,5.0,,False,True,False
6,2020-03-10,1.4825386,0.6045231202733703,0,0.0,2,0.8155243209740621,0,0.0,5,2.038810802435156,0.6654112,0.2713295089051826,0,0.0,1,0.407762160487031,0,0.0,3,1.2232864814610935,2.509616631448269,1.0233266996335315,1.0,0.407762160487031,3.0,1.2232864814610935,0.0,0.0,6.0,2.446572962922187,1.0,6.0,False,False,False
7,2020-03-11,2.090307,0.8523480573785491,0,0.0,3,1.2232864814610935,0,0.0,7,2.854335123409218,0.85484517,0.3485735078356811,0,0.0,1,0.407762160487031,0,0.0,3,1.2232864814610935,3.2094359490275384,1.308686536520214,1.0,0.407762160487031,4.0,1.6310486419481245,0.0,0.0,8.0,3.2620972838962485,1.0,7.0,False,False,False
8,2020-03-12,2.7327416,1.1143086339870931,1,0.407762160487031,4,1.6310486419481245,0,0.0,9,3.66985944438328,1.1006186,0.4487906153372023,0,0.0,2,0.8155243209740621,0,0.0,4,1.6310486419481245,4.113519353628159,1.6773375388406335,2.0,0.8155243209740621,5.0,2.038810802435156,1.0,0.407762160487031,10.0,4.077621604870312,0.0,7.0,False,False,False
9,2020-03-13,2.770342,1.129640713770641,1,0.407762160487031,4,1.6310486419481245,0,0.0,9,3.66985944438328,1.4201634,0.5790888735646149,0,0.0,2,0.8155243209740621,0,0.0,5,2.038810802435156,5.283965826392174,2.154601321309314,3.0,1.2232864814610935,7.0,2.854335123409218,1.0,0.407762160487031,12.0,4.893145925844374,1.0,8.0,False,False,False
10,2020-03-14,2.5964437,1.0587315045995638,1,0.407762160487031,4,1.6310486419481245,0,0.0,8,3.2620972838962485,1.8365067,0.7488579285563901,0,0.0,3,1.2232864814610935,0,0.0,6,2.446572962922187,6.802477989912033,2.773793121832007,4.0,1.6310486419481245,9.0,3.66985944438328,2.0,0.8155243209740621,15.0,6.116432407305467,0.0,8.0,False,False,False
11,2020-03-15,2.6454377,1.0787093742692375,1,0.407762160487031,4,1.6310486419481245,0,0.0,8,3.2620972838962485,2.3801336,0.9705284355732148,0,0.0,3,1.2232864814610935,0,0.0,7,2.854335123409218,8.776772193431855,3.578835591696272,5.0,2.038810802435156,12.0,4.893145925844374,2.0,0.8155243209740621,19.0,7.747481049253592,0.0,8.0,False,False,False
12,2020-03-16,3.2961278,1.344036172667984,1,0.407762160487031,5,2.038810802435156,0,0.0,9,3.66985944438328,3.0914788,1.260588123841444,1,0.407762160487031,4,1.6310486419481245,0,0.0,10,4.077621604870312,11.349157278537753,4.627756891603668,7.0,2.854335123409218,15.0,6.116432407305467,4.0,1.6310486419481245,23.0,9.378529691201717,19.0,22.0,False,True,False
13,2020-03-17,5.3349824,2.175404006266035,2,0.8155243209740621,7,2.854335123409218,0,0.0,16,6.524194567792497,4.0242896,1.6409530871897005,1,0.407762160487031,6,2.446572962922187,0,0.0,12,4.893145925844374,14.70803643989563,5.997380715253824,10.0,4.077621604870312,18.0,7.33971888876656,5.0,2.038810802435156,29.0,11.825102654123905,5.0,26.0,False,False,False
14,2020-03-18,8.633865,3.5205637686885893,3,1.2232864814610935,12,4.893145925844374,0,0.0,24,9.786291851688748,5.250176,2.1408230168162845,2,0.8155243209740621,7,2.854335123409218,0,0.0,16,6.524194567792497,19.10336621761322,7.789629881468931,13.0,5.300908086331405,24.0,9.786291851688748,7.0,2.854335123409218,36.0,14.67943777753312,5.0,30.0,False,False,False
15,2020-03-19,11.472659,4.67811623821035,4,1.6310486419481245,16,6.524194567792497,1,0.407762160487031,32,13.048389135584994,6.864716,2.7991714887320995,2,0.8155243209740621,10,4.077621604870312,0,0.0,20,8.155243209740624,24.86746386432648,10.14001079115094,17.0,6.931956728279529,31.0,12.640626975097966,10.0,4.077621604870312,47.0,19.164821542890465,1.0,31.0,False,False,False
16,2020-03-20,8.142939,3.3203821658389643,3,1.2232864814610935,11,4.485383765357343,0,0.0,22,8.970767530714685,8.995791,3.6681434721685946,3,1.2232864814610935,12,4.893145925844374,0,0.0,25,10.194054012175778,32.44308830738068,13.22906378108908,22.0,8.970767530714685,40.0,16.310486419481247,13.0,5.300908086331405,62.0,25.28125395019593,5.0,35.0,False,False,False
17,2020-03-21,6.6585417,2.715101254580077,2,0.8155243209740621,8,3.2620972838962485,0,0.0,18,7.33971888876656,11.814824,4.817638182430528,4,1.6310486419481245,16,6.524194567792497,1,0.407762160487031,34,13.863913456559056,42.42140550422668,17.297843959299907,29.0,11.825102654123905,52.0,21.20363234532562,18.0,7.33971888876656,80.0,32.620972838962494,8.0,43.0,False,False,False
18,2020-03-22,6.409423,2.613520155136939,2,0.8155243209740621,9,3.66985944438328,0,0.0,18,7.33971888876656,15.552153,6.34157913736999,5,2.038810802435156,21,8.563005370227653,1,0.407762160487031,45,18.3492972219164,55.593426933288576,22.668895875195656,36.0,14.67943777753312,69.0,28.13558907360515,23.0,9.378529691201717,107.0,43.630551172112334,7.0,50.0,False,False,False
19,2020-03-23,8.117993,3.310210377094336,3,1.2232864814610935,12,4.893145925844374,0,0.0,26,10.60181617266281,20.517931,8.366435940843076,7,2.854335123409218,29,11.825102654123905,2,0.8155243209740621,62,25.28125395019593,73.01987697601318,29.77474279423636,46.0,18.757059382403437,90.0,36.6985944438328,30.0,12.232864814610934,154.0,62.79537271500279,10.0,41.0,False,False,False
20,2020-03-24,19.24151,7.845959771657363,6,2.446572962922187,26,10.60181617266281,1,0.407762160487031,59,24.057967468734837,27.130636,11.062846897402778,9,3.66985944438328,35,14.271675617046087,2,0.8155243209740621,73,29.76663771555327,96.12623372268676,39.196640742244064,60.0,24.46572962922187,118.0,48.11593493746967,38.0,15.494962098507184,194.0,79.10585913448404,3.0,39.0,False,False,False
21,2020-03-25,27.316956,11.13882099161856,9,3.66985944438328,35,14.271675617046087,2,0.8155243209740621,84,34.252021480910614,35.956276,14.661609020549804,11,4.485383765357343,44,17.94153506142937,2,0.8155243209740621,102,41.591740369677176,126.83234730148315,51.71743195529424,75.0,30.582162036527333,152.0,61.979848394028735,46.0,18.757059382403437,260.0,106.0181617266281,11.0,45.0,True,False,False
22,2020-03-26,55.81112,22.75766310049221,17,6.931956728279529,69,28.13558907360515,4,1.6310486419481245,157,64.01865919646389,47.762005,19.475538283586506,14,5.708670246818436,62,25.28125395019593,3,1.2232864814610935,132,53.8246051842881,167.7296498336792,68.39380439391422,96.0,39.14516740675499,207.0,84.40676722081545,56.0,22.834680987273742,345.0,140.67794536802575,9.0,53.0,True,False,False
23,2020-03-27,52.838142,21.54539542971179,16,6.524194567792497,65,26.504540431657023,6,2.446572962922187,152,61.979848394028735,63.589886,25.9295484283939,19,7.747481049253592,79,32.213210678475455,5,2.038810802435156,195,79.51362129497107,222.32370854949951,90.65519572563296,122.0,49.746983579417794,276.0,112.5423562944206,72.0,29.35887555506624,467.0,190.42492894744356,6.0,54.0,True,False,False
24,2020-03-28,34.019554,13.871886767446997,10,4.077621604870312,45,18.3492972219164,2,0.8155243209740621,117,47.70817277698264,84.858604,34.60212901700288,26,10.60181617266281,115,46.89264845600858,7,2.854335123409218,280,114.17340493636873,295.367449382782,120.43966929786698,157.0,64.01865919646389,370.0,150.87199938020152,92.0,37.51411876480687,671.0,273.60840968679787,5.0,51.0,True,False,False
25,2020-03-29,38.862095,15.84649144206196,11,4.485383765357343,46,18.757059382403437,2,0.8155243209740621,127,51.78579438185295,113.50399,46.28263122867793,31,12.640626975097966,136,55.45565382623623,8,3.2620972838962485,342,139.45465888656466,393.3192310409546,160.3806994103574,198.0,80.73690777643216,481.0,196.133599194262,108.0,44.03831333259936,908.0,370.2480417222243,1.0,45.0,True,False,False
26,2020-03-30,48.53961,19.792617240455,14,5.708670246818436,62,25.28125395019593,3,1.2232864814610935,140,57.08670246818436,152.1734,62.05055397003889,40,16.310486419481247,185,75.43599969010076,13,5.300908086331405,443,180.6386370957548,524.9747895126343,214.06485437289615,253.0,103.16382660321888,645.0,263.0065935141351,139.0,56.67894030769733,1235.0,503.58626820148345,,,False,False,True
27,2020-03-31,99.28108,40.48306727781892,27,11.00957833314984,122,49.746983579417794,8,3.2620972838962485,355,144.75556697289605,204.4965,83.38593761436641,53,21.611394505812648,240,97.86291851688748,13,5.300908086331405,630,256.8901611068296,702.3405524902344,286.38790108107304,327.0,133.3382264792592,872.0,355.5686039446911,170.0,69.31956728279529,1743.0,710.7294457288953,,,False,False,True
28,2020-04-01,143.04715,58.329215971753,33,13.456151296072026,176,71.76614024571748,8,3.2620972838962485,475,193.6870262313398,275.45847,112.3215421102941,60,24.46572962922187,331,134.9692751212073,17,6.931956728279529,913,372.2868525246594,941.8426329574584,384.0477868535271,401.0,163.51262635529946,1152.0,469.7420088810599,215.0,87.66886450471169,2346.0,956.610028502575,,,False,False,True
29,2020-04-02,202.76689,82.68066449090838,43,17.53377290094234,235,95.82410771445232,9,3.66985944438328,696,283.80246369897367,371.92566,151.65720833465457,84,34.252021480910614,470,191.64821542890465,23,9.378529691201717,1394,568.4204517189214,1266.006339492798,516.2294801818612,528.0,215.2984207371524,1577.0,643.0409270880481,266.0,108.46473468955028,3435.0,1400.663021272952,,,False,False,True
30,2020-04-03,227.5286,92.77755161747336,48,19.572583703377497,263,107.2414482080892,11,4.485383765357343,794,323.7631554267027,503.37527,205.25739528238773,105,42.81502685113827,607,247.5116314156279,28,11.417340493636871,1588,647.5263108534054,1705.79162789917,695.5572795328554,658.0,268.3075016004665,2136.0,870.9799748002985,313.0,127.62955623244076,4738.0,1931.9771163875532,,,False,False,True
