,Unnamed: 0,Raw Prediction Mean,Raw Prediction Mean 100k,Raw Prediction Q25,Raw Prediction Q25 100k,Raw Prediction Q75,Raw Prediction Q75 100k,Raw Prediction Q5,Raw Prediction Q5 100k,Raw Prediction Q95,Raw Prediction Q95 100k,Trend Prediction Mean,Trend Prediction Mean 100k,Trend Prediction Q25,Trend Prediction Q25 100k,Trend Prediction Q75,Trend Prediction Q75 100k,Trend Prediction Q5,Trend Prediction Q5 100k,Trend Prediction Q95,Trend Prediction Q95 100k,Trend 7Day Prediction Mean,Trend 7Day Prediction Mean 100k,Trend 7Day Prediction Q25,Trend 7Day Prediction Q25 100k,Trend 7Day Prediction Q75,Trend 7Day Prediction Q75 100k,Trend 7Day Prediction Q5,Trend 7Day Prediction Q5 100k,Trend 7Day Prediction Q95,Trend 7Day Prediction Q95 100k,RKI Meldedaten,RKI 7Day Incidence,is_nowcast,is_high,is_prediction
0,2020-09-28,1.0069532,1.0101149200636428,0,0.0,2,2.0062796553211557,0,0.0,4,4.012559310642311,1.1996117,1.2033782695652917,0,0.0,2,2.0062796553211557,0,0.0,4,4.012559310642311,,,,,,,,,,,0.0,,False,False,False
1,2020-09-29,1.4070426,1.4114604709902778,0,0.0,2,2.0062796553211557,0,0.0,5,5.015699138302888,1.3057144,1.3098140698275529,0,0.0,2,2.0062796553211557,0,0.0,4,4.012559310642311,,,,,,,,,,,2.0,,False,False,False
2,2020-09-30,1.816325,1.8220278434455397,0,0.0,3,3.0094194829817327,0,0.0,5,5.015699138302888,1.4230299,1.4274979548645206,0,0.0,2,2.0062796553211557,0,0.0,5,5.015699138302888,,,,,,,,,,,0.0,,False,False,False
3,2020-10-01,2.095065,2.101643258356489,1,1.0031398276605776,3,3.0094194829817327,0,0.0,6,6.018838965963465,1.5528771,1.5577528756693937,0,0.0,2,2.0062796553211557,0,0.0,5,5.015699138302888,,,,,,,,,,,2.0,,False,False,False
4,2020-10-02,2.0412846,2.0476938516367227,0,0.0,3,3.0094194829817327,0,0.0,6,6.018838965963465,1.696746,1.7020734958350658,0,0.0,3,3.0094194829817327,0,0.0,5,5.015699138302888,,,,,,,,,,,1.0,,False,False,False
5,2020-10-03,1.5669856,1.5719057046226226,0,0.0,2,2.0062796553211557,0,0.0,5,5.015699138302888,1.8563217,1.862150202214252,0,0.0,3,3.0094194829817327,0,0.0,6,6.018838965963465,,,,,,,,,,,2.0,,False,False,False
6,2020-10-04,0.83276016,0.8353748853551224,0,0.0,1,1.0031398276605776,0,0.0,3,3.0094194829817327,2.0335069,2.039891660388093,0,0.0,3,3.0094194829817327,0,0.0,6,6.018838965963465,11.0678096575737,11.10256067247856,7.0,7.021978793624044,14.0,14.043957587248087,4.0,4.012559310642311,22.0,22.06907620853271,0.0,7.0,False,False,False
7,2020-10-05,1.9375492,1.9436327420407904,1,1.0031398276605776,3,3.0094194829817327,0,0.0,6,6.018838965963465,2.2304628,2.237466105725616,1,1.0031398276605776,3,3.0094194829817327,0,0.0,6,6.018838965963465,12.09865940952301,12.13664711499294,8.0,8.025118621284621,15.0,15.047097414908665,4.0,4.012559310642311,23.0,23.07221603619329,0.0,7.0,False,False,False
8,2020-10-06,2.716823,2.725353442656342,1,1.0031398276605776,4,4.012559310642311,0,0.0,8,8.025118621284621,2.449629,2.4573204427724704,1,1.0031398276605776,4,4.012559310642311,0,0.0,7,7.021978793624044,13.242574038028716,13.284153438290568,9.0,9.028258448945198,17.0,17.05337707022982,5.0,5.015699138302888,25.0,25.07849569151444,10.0,15.0,False,True,False
9,2020-10-07,3.511241,3.522265615174547,1,1.0031398276605776,5,5.015699138302888,0,0.0,10,10.031398276605776,2.6937861,2.7022440917789936,1,1.0031398276605776,4,4.012559310642311,0,0.0,7,7.021978793624044,14.513329835414886,14.55889918987921,10.0,10.031398276605776,18.0,18.0565168978904,5.0,5.015699138302888,27.0,27.084775346835595,1.0,16.0,False,False,False
10,2020-10-08,4.1335483,4.146526771364734,2,2.0062796553211557,6,6.018838965963465,0,0.0,11,11.034538104266357,2.966081,2.97539390885504,1,1.0031398276605776,4,4.012559310642311,0,0.0,8,8.025118621284621,15.926535526752472,15.976542103536543,11.0,11.034538104266357,20.0,20.06279655321155,7.0,7.021978793624044,29.0,29.091055002156747,6.0,20.0,False,False,False
11,2020-10-09,4.084335,4.097159035154618,2,2.0062796553211557,6,6.018838965963465,0,0.0,10,10.031398276605776,3.2701056,3.2803731301100925,1,1.0031398276605776,5,5.015699138302888,0,0.0,10,10.031398276605776,17.49989484500885,17.55484149890041,13.0,13.040817759587508,22.0,22.06907620853271,8.0,8.025118621284621,32.0,32.100474485138484,8.0,27.0,False,False,False
12,2020-10-10,3.1260777,3.1358929845737293,1,1.0031398276605776,4,4.012559310642311,0,0.0,9,9.028258448945198,3.609935,3.6212695704307407,1,1.0031398276605776,5,5.015699138302888,0,0.0,9,9.028258448945198,19.25350931739807,19.313962018516023,14.0,14.043957587248087,24.0,24.07535586385386,9.0,9.028258448945198,34.0,34.10675414045964,0.0,25.0,False,False,False
13,2020-10-11,1.6723951,1.6776461052359082,0,0.0,2,2.0062796553211557,0,0.0,5,5.015699138302888,3.9902272,4.002755667897873,1,1.0031398276605776,6,6.018838965963465,0,0.0,11,11.034538104266357,21.21022770023346,21.276824159853803,15.0,15.047097414908665,26.0,26.081635519175016,9.0,9.028258448945198,37.0,37.11617362344137,0.0,25.0,False,False,False
14,2020-10-12,3.906299,3.918564107152634,2,2.0062796553211557,5,5.015699138302888,0,0.0,10,10.031398276605776,4.4162874,4.430153785506263,2,2.0062796553211557,6,6.018838965963465,0,0.0,11,11.034538104266357,23.396052313804628,23.469511886007837,17.0,17.05337707022982,29.0,29.091055002156747,11.0,11.034538104266357,39.0,39.12245327876253,10.0,35.0,False,False,False
15,2020-10-13,5.5758114,5.593318564933725,2,2.0062796553211557,8,8.025118621284621,0,0.0,15,15.047097414908665,4.8941855,4.909552444587462,2,2.0062796553211557,7,7.021978793624044,0,0.0,12,12.03767793192693,25.84060431098938,25.921739355171063,19.0,19.059656725550976,31.0,31.097334657477905,12.0,12.03767793192693,43.0,43.13501258940484,4.0,29.0,False,False,False
16,2020-10-14,7.438876,7.462233043042943,3,3.0094194829817327,10,10.031398276605776,1,1.0031398276605776,19,19.059656725550976,5.4308486,5.447900548460893,2,2.0062796553211557,7,7.021978793624044,0,0.0,14,14.043957587248087,28.57766761779785,28.667396569059004,21.0,21.06593638087213,34.0,34.10675414045964,14.0,14.043957587248087,48.0,48.15071172770772,12.0,40.0,False,False,False
17,2020-10-15,8.651382,8.67854614625685,4,4.012559310642311,12,12.03767793192693,1,1.0031398276605776,23,23.07221603619329,6.0342264,6.053172910469584,2,2.0062796553211557,8,8.025118621284621,1,1.0031398276605776,15,15.047097414908665,31.645815750122072,31.74517815775585,23.0,23.07221603619329,38.0,38.11931345110195,15.0,15.047097414908665,54.0,54.16955069367119,6.0,40.0,False,False,False
18,2020-10-16,8.678294,8.705542859388515,4,4.012559310642311,12,12.03767793192693,1,1.0031398276605776,21,21.06593638087213,6.7134314,6.7345106799621135,3,3.0094194829817327,9,9.028258448945198,1,1.0031398276605776,17,17.05337707022982,35.08914160919189,35.19931546660236,25.0,25.07849569151444,42.0,42.13187276174426,16.0,16.050237242569242,60.0,60.18838965963465,14.0,46.0,False,False,False
19,2020-10-17,6.7113104,6.732382462359965,3,3.0094194829817327,9,9.028258448945198,0,0.0,18,18.0565168978904,7.478899,7.502381777158007,3,3.0094194829817327,11,11.034538104266357,1,1.0031398276605776,20,20.06279655321155,38.95810605812073,39.08042779712573,27.0,27.084775346835595,48.0,48.15071172770772,18.0,18.0565168978904,66.0,66.20722862559812,0.0,46.0,False,False,False
20,2020-10-18,3.5620987,3.573283174773678,1,1.0031398276605776,5,5.015699138302888,0,0.0,10,10.031398276605776,8.342644,8.368838462047279,3,3.0094194829817327,11,11.034538104266357,1,1.0031398276605776,23,23.07221603619329,43.31052449989319,43.44651208271208,29.0,29.091055002156747,52.0,52.16327103835003,20.0,20.06279655321155,77.0,77.24176672986448,0.0,46.0,False,False,False
21,2020-10-19,8.608819,8.635849371785298,4,4.012559310642311,11,11.034538104266357,1,1.0031398276605776,23,23.07221603619329,9.318471,9.347729064757004,4,4.012559310642311,12,12.03767793192693,1,1.0031398276605776,24,24.07535586385386,48.212710536956784,48.36409013909214,32.0,32.100474485138484,59.0,59.18524983197408,21.0,21.06593638087213,87.0,87.27316500647025,28.0,64.0,True,True,False
22,2020-10-20,11.843057,11.880241800099611,5,5.015699138302888,15,15.047097414908665,1,1.0031398276605776,31,31.097334657477905,10.4222975,10.45502140186727,4,4.012559310642311,13,13.040817759587508,1,1.0031398276605776,28,28.08791517449617,53.74082365989685,53.90956058452641,35.0,35.10989396812021,66.0,66.20722862559812,22.0,22.06907620853271,103.0,103.3234022490395,22.0,82.0,True,False,False
23,2020-10-21,15.423291,15.471717051696032,7,7.021978793624044,21,21.06593638087213,2,2.0062796553211557,45,45.14129224472599,11.672437,11.709085811162367,5,5.015699138302888,16,16.050237242569242,1,1.0031398276605776,31,31.097334657477905,59.98242090034485,60.17075536463616,39.0,39.12245327876253,74.0,74.23234724688274,23.0,23.07221603619329,120.0,120.3767793192693,10.0,80.0,True,False,False
24,2020-10-22,19.113386,19.173398322891444,7,7.021978793624044,24,24.07535586385386,2,2.0062796553211557,56,56.17583034899235,13.090106,13.131207379046828,5,5.015699138302888,16,16.050237242569242,1,1.0031398276605776,35,35.10989396812021,67.03829597854615,67.24878467457758,41.0,41.12873293408368,82.0,82.25746586816736,26.0,26.081635519175016,137.0,137.43015638949913,21.0,95.0,True,False,False
25,2020-10-23,19.572466,19.633919873740524,7,7.021978793624044,26,26.081635519175016,2,2.0062796553211557,54,54.16955069367119,14.699731,14.745884982403368,6,6.018838965963465,19,19.059656725550976,1,1.0031398276605776,38,38.11931345110195,75.02460125923157,75.26016557748912,46.0,46.14443207238657,92.0,92.28886414477314,27.0,27.084775346835595,148.0,148.46469449376548,3.0,84.0,True,False,False
26,2020-10-24,15.2845545,15.332545444834976,5,5.015699138302888,20,20.06279655321155,2,2.0062796553211557,45,45.14129224472599,16.529669,16.58156979829073,6,6.018838965963465,22,22.06907620853271,2,2.0062796553211557,50,50.15699138302888,84.07535898017883,84.3393411178778,50.0,50.15699138302888,104.0,104.32654207670006,28.0,28.08791517449617,176.0,176.55260966826168,,,False,False,True
27,2020-10-25,8.512112,8.538838301319629,3,3.0094194829817327,11,11.034538104266357,0,0.0,26,26.081635519175016,18.612667,18.67110695457086,7,7.021978793624044,24,24.07535586385386,2,2.0062796553211557,58,58.18211000431349,94.3453971004486,94.64162538791275,54.0,54.16955069367119,117.0,117.36735983628758,32.0,32.100474485138484,202.0,202.6342451874367,,,False,False,True
28,2020-10-26,20.776016,20.84124862449244,7,7.021978793624044,25,25.07849569151444,2,2.0062796553211557,58,58.18211000431349,20.986837,21.05273306369781,7,7.021978793624044,28,28.08791517449617,2,2.0062796553211557,59,59.18524983197408,106.01377724266052,106.34664223284936,60.0,60.18838965963465,132.0,132.41445725119624,33.0,33.10361431279906,232.0,232.728440017254,,,False,False,True
29,2020-10-27,29.451262,29.543734854087237,10,10.031398276605776,37,37.11617362344137,3,3.0094194829817327,91,91.28572431711255,23.696373,23.770776169840246,8,8.025118621284621,30,30.09419482981733,2,2.0062796553211557,78,78.24490655752506,119.28785207557678,119.66239537309455,64.0,64.20094897027697,149.0,149.46783432142607,35.0,35.10989396812021,281.0,281.8822915726223,,,False,False,True
30,2020-10-28,38.70056,38.82207383867353,12,12.03767793192693,46,46.14443207238657,4,4.012559310642311,123,123.38619880225106,26.792576,26.8767005763948,8,8.025118621284621,33,33.10361431279906,3,3.0094194829817327,78,78.24490655752506,134.40800860214233,134.8300265853545,69.0,69.21664810857985,166.0,166.52121139165587,37.0,37.11617362344137,317.0,317.9953253684031,,,False,False,True
