,Raw Prediction Mean,Raw Prediction Mean 100k,Raw Prediction Q25,Raw Prediction Q25 100k,Raw Prediction Q75,Raw Prediction Q75 100k,Raw Prediction Q5,Raw Prediction Q5 100k,Raw Prediction Q95,Raw Prediction Q95 100k,Trend Prediction Mean,Trend Prediction Mean 100k,Trend Prediction Q25,Trend Prediction Q25 100k,Trend Prediction Q75,Trend Prediction Q75 100k,Trend Prediction Q5,Trend Prediction Q5 100k,Trend Prediction Q95,Trend Prediction Q95 100k,Trend 7Week Prediction Mean,Trend 7Week Prediction Mean 100k,Trend 7Week Prediction Q25,Trend 7Week Prediction Q25 100k,Trend 7Week Prediction Q75,Trend 7Week Prediction Q75 100k,Trend 7Week Prediction Q5,Trend 7Week Prediction Q5 100k,Trend 7Week Prediction Q95,Trend 7Week Prediction Q95 100k,RKI Meldedaten,RKI 7Day Incidence,is_nowcast,is_high,is_prediction
2020-10-15,2.9737306,2.457344271533657,1,0.8263506701703934,4,3.3054026806815737,0,0.0,9,7.437156031533541,3.2237248,2.6639272618922405,1,0.8263506701703934,5,4.131753350851968,0,0.0,9,7.437156031533541,,,,,,,,,,,0.0,,False,False,False
2020-10-16,2.980663,2.463072996761184,1,0.8263506701703934,4,3.3054026806815737,0,0.0,8,6.6108053613631474,3.4736953,2.8704904252663255,1,0.8263506701703934,5,4.131753350851968,0,0.0,9,7.437156031533541,,,,,,,,,,,5.0,,False,False,False
2020-10-17,2.1135762,1.7465550627093762,1,0.8263506701703934,3,2.4790520105111806,0,0.0,6,4.958104021022361,3.745916,3.0954401154303923,1,0.8263506701703934,5,4.131753350851968,0,0.0,10,8.263506701703935,,,,,,,,,,,1.0,,False,False,False
2020-10-18,1.806834,1.4930784345779102,0,0.0,3,2.4790520105111806,0,0.0,6,4.958104021022361,4.042553,3.3405663998564705,2,1.6527013403407869,6,4.958104021022361,0,0.0,11,9.089857371874329,,,,,,,,,,,0.0,,False,False,False
2020-10-19,2.6255896,2.169657818740234,1,0.8263506701703934,3,2.4790520105111806,0,0.0,7,5.784454691192755,4.3660026,3.6078490666113794,2,1.6527013403407869,6,4.958104021022361,0,0.0,11,9.089857371874329,,,,,,,,,,,5.0,,False,False,False
2020-10-20,4.632378,3.8279686123132706,2,1.6527013403407869,7,5.784454691192755,0,0.0,12,9.916208042044723,4.7189145,3.899478178936988,2,1.6527013403407869,7,5.784454691192755,0,0.0,12,9.916208042044723,,,,,,,,,,,1.0,,False,False,False
2020-10-21,5.8470917,4.831748083233833,3,2.4790520105111806,8,6.6108053613631474,1,0.8263506701703934,13,10.742558712215116,5.1042137,4.217870446154848,3,2.4790520105111806,7,5.784454691192755,1,0.8263506701703934,12,9.916208042044723,,,,,,,,,,,6.0,18.0,False,False,False
2020-10-22,7.0558996,5.8306472055846825,3,2.4790520105111806,10,8.263506701703935,1,0.8263506701703934,17,14.04796139289669,5.5251484,4.5657099690288305,3,2.4790520105111806,8,6.6108053613631474,1,0.8263506701703934,13,10.742558712215116,28.183,23.2890409374122,21.0,17.353364073578266,35.0,28.922273455963772,14.0,11.56890938238551,51.0,42.14388417869007,12.0,30.0,False,False,False
2020-10-23,7.378933,6.097586083342321,4,3.3054026806815737,10,8.263506701703935,1,0.8263506701703934,17,14.04796139289669,5.9853044,4.945960245095193,3,2.4790520105111806,8,6.6108053613631474,1,0.8263506701703934,14,11.56890938238551,30.469,25.17807856942172,23.0,19.00606541391905,38.0,31.401325466474955,15.0,12.395260052555903,53.0,43.796585519030856,4.0,29.0,False,False,False
2020-10-24,5.3249016,4.400236139190383,3,2.4790520105111806,7,5.784454691192755,0,0.0,13,10.742558712215116,6.488647,5.361897638067603,3,2.4790520105111806,9,7.437156031533541,1,0.8263506701703934,16,13.221610722726295,32.999,27.268745764952815,26.0,21.485117424430232,40.0,33.05402680681574,16.0,13.221610722726295,56.0,46.27563752954204,5.0,33.0,False,False,False
2020-10-25,4.1276193,3.4108608815586194,2,1.6527013403407869,5,4.131753350851968,0,0.0,10,8.263506701703935,7.039605,5.817182318423875,3,2.4790520105111806,10,8.263506701703935,1,0.8263506701703934,17,14.04796139289669,35.743,29.536252003900373,28.0,23.13781876477102,44.0,36.359429487497316,19.0,15.700662733237477,59.0,48.754689540053214,2.0,35.0,False,False,False
2020-10-26,5.3410215,4.41355659859255,3,2.4790520105111806,7,5.784454691192755,1,0.8263506701703934,13,10.742558712215116,7.643046,6.315836071735248,4,3.3054026806815737,11,9.089857371874329,1,0.8263506701703934,18,14.874312063067082,38.741,32.013651313071215,30.0,24.790520105111806,49.0,40.49118283834928,21.0,17.353364073578266,62.0,51.233741550564396,11.0,41.0,False,False,False
2020-10-27,9.286771,7.674129301449284,5,4.131753350851968,13,10.742558712215116,2,1.6527013403407869,21,17.353364073578266,8.304422,6.8623652623500675,4,3.3054026806815737,11,9.089857371874329,1,0.8263506701703934,18,14.874312063067082,42.004,34.710033549837206,33.0,27.26957211562299,52.0,42.970234848860464,24.0,19.832416084089445,66.0,54.53914423124598,16.0,56.0,False,False,False
2020-10-28,11.625785,9.606975072529167,6,4.958104021022361,16,13.221610722726295,2,1.6527013403407869,26,21.485117424430232,9.02973,7.461722998414189,4,3.3054026806815737,12,9.916208042044723,1,0.8263506701703934,21,17.353364073578266,45.585,37.66919529971739,36.0,29.748624126134164,55.0,45.44928685937165,26.0,21.485117424430232,72.0,59.49724825226833,12.0,62.0,False,False,False
2020-10-29,14.759339,12.196390161989257,8,6.6108053613631474,20,16.52701340340787,3,2.4790520105111806,33,27.26957211562299,9.825673,8.119451376842335,5,4.131753350851968,13,10.742558712215116,1,0.8263506701703934,22,18.179714743748658,49.513,40.91510073214669,39.0,32.22767613664535,59.0,48.754689540053214,28.0,23.13781876477102,77.0,63.6290016031203,19.0,69.0,False,False,False
2020-10-30,15.707444,12.979857274331152,8,6.6108053613631474,21,17.353364073578266,3,2.4790520105111806,36,29.748624126134164,10.699708,8.841710950946435,5,4.131753350851968,15,12.395260052555903,2,1.6527013403407869,25,20.658766754259837,53.822,44.47584576991092,43.0,35.533078817326924,64.0,52.88644289090518,30.0,24.790520105111806,85.0,70.23980696448345,21.0,86.0,False,False,False
2020-10-31,11.345958,9.375740046380088,6,4.958104021022361,15,12.395260052555903,2,1.6527013403407869,26,21.485117424430232,11.660117,9.635345486458391,6,4.958104021022361,16,13.221610722726295,2,1.6527013403407869,27,22.311468094600624,58.523,48.36052027038194,46.0,38.0121308278381,71.0,58.670897582097936,34.0,28.09592278579338,94.0,77.676962996017,11.0,92.0,False,False,False
2020-11-01,8.95857,7.402920164167881,4,3.3054026806815737,12,9.916208042044723,1,0.8263506701703934,21,17.353364073578266,12.716089,10.507948900340125,6,4.958104021022361,17,14.04796139289669,2,1.6527013403407869,31,25.616870775282198,63.705,52.642669443204916,50.0,41.31753350851967,77.0,63.6290016031203,36.0,29.748624126134164,100.0,82.63506701703935,2.0,92.0,False,False,False
2020-11-02,10.570428,8.734880248084664,5,4.131753350851968,14,11.56890938238551,2,1.6527013403407869,25,20.658766754259837,13.8779125,11.46802242146805,7,5.784454691192755,19,15.700662733237477,3,2.4790520105111806,32,26.44322144545259,69.385,57.336341249772765,54.0,44.62293618920125,84.0,69.41345629431306,40.0,33.05402680681574,110.0,90.8985737187433,1.0,82.0,False,False,False
2020-11-03,19.373465,16.009274986572564,10,8.263506701703935,25,20.658766754259837,4,3.3054026806815737,43,35.533078817326924,15.157033,12.525024067144841,8,6.6108053613631474,20,16.52701340340787,3,2.4790520105111806,35,28.922273455963772,75.627,62.49442213297635,59.0,48.754689540053214,91.0,75.1979109855058,43.0,35.533078817326924,123.0,101.64113243095841,17.0,83.0,False,False,False
2020-11-04,23.535477,19.448557577561587,12,9.916208042044723,33,27.26957211562299,5,4.131753350851968,58,47.92833886988282,16.566196,13.689487241208553,9,7.437156031533541,21,17.353364073578266,3,2.4790520105111806,36,29.748624126134164,82.469,68.14831341828217,64.0,52.88644289090518,99.0,81.80871634686895,46.0,38.0121308278381,134.0,110.73098980283274,27.0,98.0,False,False,False
2020-11-05,27.067766,22.367466590367258,13,10.742558712215116,36,29.748624126134164,6,4.958104021022361,64,52.88644289090518,18.119642,14.973178622312844,9,7.437156031533541,24,19.832416084089445,4,3.3054026806815737,45,37.18578015766771,90.004,74.3748657180161,69.0,57.01819624175715,109.0,90.0722230485729,49.0,40.49118283834928,148.0,122.29989918521822,12.0,91.0,True,False,False
2020-11-06,26.461096,21.866144379600883,12,9.916208042044723,35,28.922273455963772,5,4.131753350851968,66,54.53914423124598,19.833263,16.38922985875979,10,8.263506701703935,26,21.485117424430232,4,3.3054026806815737,46,38.0121308278381,98.276,81.21043846166559,74.0,61.14994959260911,118.0,97.50937908010643,51.0,42.14388417869007,162.0,133.86880856760374,11.0,81.0,True,False,False
2020-11-07,23.54851,19.45932599483058,11,9.089857371874329,31,25.616870775282198,4,3.3054026806815737,60,49.58104021022361,21.724787,17.952291818801314,11,9.089857371874329,29,23.96416943494141,4,3.3054026806815737,54,44.62293618920125,107.432,88.77650519774572,80.0,66.10805361363148,131.0,108.25193779232154,55.0,45.44928685937165,181.0,149.56947130084123,8.0,78.0,True,False,False
2020-11-08,19.953083,16.488244000356644,10,8.263506701703935,27,22.311468094600624,3,2.4790520105111806,51,42.14388417869007,23.814106,19.678802345879376,11,9.089857371874329,31,25.616870775282198,5,4.131753350851968,60,49.58104021022361,117.502,97.09785644636158,85.0,70.23980696448345,144.0,118.99449650453666,59.0,48.754689540053214,201.0,166.0964847042491,3.0,79.0,True,False,False
2020-11-09,22.674446,18.737043137662113,11,9.089857371874329,30,24.790520105111806,4,3.3054026806815737,61,50.407390880394004,26.123407,21.587095397990197,12,9.916208042044723,34,28.09592278579338,5,4.131753350851968,64,52.88644289090518,128.578,106.25051646916884,91.0,75.1979109855058,157.0,129.73705521675177,62.0,51.233741550564396,223.0,184.27619944799775,3.0,81.0,True,False,False
2020-11-10,34.97105,28.898351592943072,16,13.221610722726295,45,37.18578015766771,7,5.784454691192755,86,71.06615763465385,28.67755,23.69771245867014,13,10.742558712215116,38,31.401325466474955,5,4.131753350851968,68,56.19184557158676,140.843,116.38570743880872,98.0,80.98236567669856,171.0,141.3059645991373,64.0,52.88644289090518,248.0,204.93496620225758,,,False,False,True
2020-11-11,47.330345,39.11146195605397,21,17.353364073578266,59,48.754689540053214,8,6.6108053613631474,112,92.55127505908408,31.504253,26.033559697680175,15,12.395260052555903,42,34.70672814715653,6,4.958104021022361,83,68.58710562414265,154.367,127.56127390219314,106.0,87.59317103806171,190.0,157.00662733237476,65.0,53.71279356107557,275.0,227.2464342968582,,,False,False,True
2020-11-12,54.706707,45.206924551166594,24,19.832416084089445,75,61.97630026277952,10,8.263506701703935,151,124.77895119572943,34.634804,28.62049441318959,15,12.395260052555903,45,37.18578015766771,6,4.958104021022361,85,70.23980696448345,169.31,139.90943196654933,114.0,94.20397639942486,210.0,173.53364073578263,70.0,57.844546911927544,323.0,266.9112664650371,,,False,False,True
2020-11-13,50.060154,41.36724164709449,23,19.00606541391905,62,51.233741550564396,9,7.437156031533541,134,110.73098980283274,38.1041,31.487346859648824,17,14.04796139289669,52,42.970234848860464,6,4.958104021022361,106,87.59317103806171,185.813,153.54669707637132,120.0,99.16208042044723,231.0,190.8870048093609,74.0,61.14994959260911,360.0,297.48624126134166,,,False,False,True
2020-11-14,34.8257,28.778240084648132,15,12.395260052555903,46,38.0121308278381,6,4.958104021022361,90,74.37156031533542,41.951378,34.66655034571886,19,15.700662733237477,54,44.62293618920125,7,5.784454691192755,109,90.0722230485729,204.1,168.6581717817773,131.0,108.25193779232154,259.0,214.02482357413191,80.0,66.10805361363148,415.0,342.9355281207133,,,False,False,True
