,Unnamed: 0,Raw Prediction Mean,Raw Prediction Mean 100k,Raw Prediction Q25,Raw Prediction Q25 100k,Raw Prediction Q75,Raw Prediction Q75 100k,Raw Prediction Q5,Raw Prediction Q5 100k,Raw Prediction Q95,Raw Prediction Q95 100k,Trend Prediction Mean,Trend Prediction Mean 100k,Trend Prediction Q25,Trend Prediction Q25 100k,Trend Prediction Q75,Trend Prediction Q75 100k,Trend Prediction Q5,Trend Prediction Q5 100k,Trend Prediction Q95,Trend Prediction Q95 100k,Trend 7Day Prediction Mean,Trend 7Day Prediction Mean 100k,Trend 7Day Prediction Q25,Trend 7Day Prediction Q25 100k,Trend 7Day Prediction Q75,Trend 7Day Prediction Q75 100k,Trend 7Day Prediction Q5,Trend 7Day Prediction Q5 100k,Trend 7Day Prediction Q95,Trend 7Day Prediction Q95 100k,RKI Meldedaten,RKI 7Day Incidence,is_nowcast,is_high,is_prediction
0,2020-04-15,21.833055,5.726237577619031,9,2.3604638049102893,28,7.343665170832011,3,0.7868212683034297,54,14.162782829461737,18.652672,4.892106153420173,8,2.098190048809146,25,6.556843902528581,3,0.7868212683034297,47,12.326866536753732,,,,,,,,,,,18.0,,False,False,False
1,2020-04-16,19.91615,5.223483094596304,9,2.3604638049102893,27,7.081391414730867,3,0.7868212683034297,50,13.113687805057165,15.672629,4.110519512323663,7,1.8359162927080028,20,5.2454751220228655,2,0.5245475122022865,38,9.966402731843443,,,,,,,,,,,27.0,,False,False,False
2,2020-04-17,17.262209,4.527424243860878,8,2.098190048809146,23,6.032296390326295,2,0.5245475122022865,42,11.015497756248015,13.185235,3.458141145529225,6,1.5736425366068594,18,4.720927609820579,2,0.5245475122022865,33,8.655033951337726,,,,,,,,,,,6.0,,False,False,False
3,2020-04-18,11.391476,2.98768518405268,5,1.3113687805057164,15,3.9341063415171487,1,0.2622737561011432,29,7.605938926933154,11.106536,2.9129529139027,5,1.3113687805057164,14,3.6718325854160057,1,0.2622737561011432,28,7.343665170832011,,,,,,,,,,,11.0,,False,False,False
4,2020-04-19,6.5646844,1.7217444110428914,3,0.7868212683034297,9,2.3604638049102893,0,0.0,16,4.196380097618292,9.367292,2.456794936733786,4,1.049095024404573,13,3.409558829314862,1,0.2622737561011432,24,6.2945701464274375,,,,,,,,,,,10.0,,False,False,False
5,2020-04-20,5.8733816,1.5404339137603529,2,0.5245475122022865,8,2.098190048809146,0,0.0,16,4.196380097618292,7.9102936,2.074662370432634,4,1.049095024404573,11,2.885011317112576,1,0.2622737561011432,20,5.2454751220228655,,,,,,,,,,,2.0,,False,False,False
6,2020-04-21,9.226727,2.41992820519954,4,1.049095024404573,13,3.409558829314862,1,0.2622737561011432,23,6.032296390326295,6.6882715,1.7541580746183172,3,0.7868212683034297,9,2.3604638049102893,0,0.0,16,4.196380097618292,82.58291426086426,21.659331112975536,59.0,15.474151609967452,99.0,25.965101854013184,40.0,10.490950244045733,141.0,36.9805996102612,16.0,90.0,False,False,False
7,2020-04-22,7.4534707,1.9548497220966965,3,0.7868212683034297,11,2.885011317112576,1,0.2622737561011432,20,5.2454751220228655,5.662102,1.4850208572170231,2,0.5245475122022865,8,2.098190048809146,0,0.0,15,3.9341063415171487,69.59235271453858,18.252247742357625,50.0,13.113687805057165,84.0,22.03099551249603,34.0,8.917307707438871,120.0,31.47285073213719,6.0,78.0,False,False,False
8,2020-04-23,7.2566977,1.9032413547392932,3,0.7868212683034297,10,2.6227375610114327,1,0.2622737561011432,18,4.720927609820579,4.7993574,1.258745487575652,2,0.5245475122022865,7,1.8359162927080028,0,0.0,13,3.409558829314862,58.71908427619934,15.400474787938382,43.0,11.27777151234916,71.0,18.62143668318117,29.0,7.605938926933154,100.0,26.22737561011433,5.0,56.0,False,False,False
9,2020-04-24,4.940149,1.295671427214984,2,0.5245475122022865,7,1.8359162927080028,0,0.0,13,3.409558829314862,4.073137,1.0682769243430812,2,0.5245475122022865,6,1.5736425366068594,0,0.0,11,2.885011317112576,49.60698585700989,13.010610509574274,37.0,9.7041289757423,60.0,15.736425366068596,25.0,6.556843902528581,83.0,21.76872175639489,5.0,55.0,False,False,False
10,2020-04-25,2.802113,0.7349206953222165,1,0.2622737561011432,4,1.049095024404573,0,0.0,8,2.098190048809146,3.4611056,0.9077572030946612,1,0.2622737561011432,5,1.3113687805057164,0,0.0,9,2.3604638049102893,41.96155290222168,11.005414091502509,32.0,8.392760195236583,52.0,13.638235317259449,21.0,5.507748878124008,72.0,18.883710439282314,2.0,46.0,False,False,False
11,2020-04-26,1.8983213,0.4978798642696347,1,0.2622737561011432,3,0.7868212683034297,0,0.0,6,1.5736425366068594,2.9446955,0.7723163435002789,1,0.2622737561011432,4,1.049095024404573,0,0.0,9,2.3604638049102893,35.538959735870364,9.320936457854014,26.0,6.819117658629724,44.0,11.540045268450305,18.0,4.720927609820579,59.0,15.474151609967452,2.0,38.0,False,False,False
12,2020-04-27,1.829013,0.4797021119884448,0,0.0,3,0.7868212683034297,0,0.0,6,1.5736425366068594,2.5084403,0.657898044664762,1,0.2622737561011432,3,0.7868212683034297,0,0.0,7,1.8359162927080028,30.13710915374756,7.904172815783519,22.0,5.770022634225152,37.0,9.7041289757423,14.0,3.6718325854160057,51.0,13.375961561158306,1.0,37.0,False,False,False
13,2020-04-28,2.7581594,0.7233928045025095,1,0.2622737561011432,4,1.049095024404573,0,0.0,8,2.098190048809146,2.139463,0.5611249889625469,1,0.2622737561011432,3,0.7868212683034297,0,0.0,7,1.8359162927080028,25.5883012342453,6.711139876953035,19.0,4.983201365921722,32.0,8.392760195236583,12.0,3.1472850732137188,45.0,11.802319024551448,1.0,22.0,False,False,False
14,2020-04-29,2.327732,0.6105030479375273,1,0.2622737561011432,3,0.7868212683034297,0,0.0,7,1.8359162927080028,1.8270195,0.4791792434843955,0,0.0,3,0.7868212683034297,0,0.0,6,1.5736425366068594,21.75321790122986,5.705298166242184,16.0,4.196380097618292,27.0,7.081391414730867,9.0,2.3604638049102893,38.0,9.966402731843443,4.0,20.0,False,False,False
15,2020-04-30,2.1358676,0.5601820248557488,1,0.2622737561011432,3,0.7868212683034297,0,0.0,7,1.8359162927080028,1.5621287,0.4097053533769212,0,0.0,2,0.5245475122022865,0,0.0,5,1.3113687805057164,18.515991432189946,4.856258620857043,13.0,3.409558829314862,23.0,6.032296390326295,8.0,2.098190048809146,33.0,8.655033951337726,9.0,24.0,False,True,False
16,2020-05-01,1.382272,0.3625336603363394,0,0.0,2,0.5245475122022865,0,0.0,4,1.049095024404573,1.3372905,0.3507362180243945,0,0.0,2,0.5245475122022865,0,0.0,5,1.3113687805057164,15.780145850658418,4.138718124076053,11.0,2.885011317112576,20.0,5.2454751220228655,6.0,1.5736425366068594,30.0,7.868212683034297,0.0,19.0,False,False,False
17,2020-05-02,0.8284189,0.2172725316995638,0,0.0,1,0.2622737561011432,0,0.0,3,0.7868212683034297,1.1462222,0.300624014926143,0,0.0,2,0.5245475122022865,0,0.0,4,1.049095024404573,13.465262143135073,3.5315848791665654,9.0,2.3604638049102893,17.0,4.458653853719436,5.0,1.3113687805057164,26.0,6.819117658629724,0.0,17.0,False,False,False
18,2020-05-03,0.55244774,0.1448925445401983,0,0.0,1,0.2622737561011432,0,0.0,2,0.5245475122022865,0.9836612,0.2579885176601237,0,0.0,2,0.5245475122022865,0,0.0,3,0.7868212683034297,11.504229544878006,3.0172574937849004,8.0,2.098190048809146,14.0,3.6718325854160057,4.0,1.049095024404573,23.0,6.032296390326295,0.0,15.0,False,False,False
19,2020-05-04,0.5501458,0.1442888105884776,0,0.0,1,0.2622737561011432,0,0.0,2,0.5245475122022865,0.8451909,0.2216713937741588,0,0.0,1,0.2622737561011432,0,0.0,3,0.7868212683034297,9.840979656219483,2.581030698151621,6.0,1.5736425366068594,13.0,3.409558829314862,3.0,0.7868212683034297,21.0,5.507748878124008,1.0,15.0,False,False,False
20,2020-05-05,0.9031535,0.236873461290088,0,0.0,1,0.2622737561011432,0,0.0,4,1.049095024404573,0.72710186,0.190699734048394,0,0.0,1,0.2622737561011432,0,0.0,3,0.7868212683034297,8.428616958141326,2.210605028349518,5.0,1.3113687805057164,11.0,2.885011317112576,2.0,0.5245475122022865,18.0,4.720927609820579,0.0,14.0,False,False,False
21,2020-05-06,0.75614464,0.1983168885999475,0,0.0,1,0.2622737561011432,0,0.0,3,0.7868212683034297,0.6262769,0.1642559936954057,0,0.0,1,0.2622737561011432,0,0.0,2,0.5245475122022865,7.227875462412834,1.8956820461583015,4.0,1.049095024404573,10.0,2.6227375610114327,2.0,0.5245475122022865,15.0,3.9341063415171487,5.0,15.0,True,True,False
22,2020-05-07,0.66662735,0.1748388626765518,0,0.0,1,0.2622737561011432,0,0.0,3,0.7868212683034297,0.5400925,0.1416520944985677,0,0.0,1,0.2622737561011432,0,0.0,2,0.5245475122022865,6.205838742256165,1.6276286366895192,4.0,1.049095024404573,8.0,2.098190048809146,1.0,0.2622737561011432,14.0,3.6718325854160057,1.0,7.0,True,False,False
23,2020-05-08,0.4402833,0.1154747565124125,0,0.0,1,0.2622737561011432,0,0.0,2,0.5245475122022865,0.46633613,0.1223077333634137,0,0.0,1,0.2622737561011432,0,0.0,2,0.5245475122022865,5.334883571803569,1.3991999527392054,3.0,0.7868212683034297,7.0,1.8359162927080028,1.0,0.2622737561011432,12.0,3.1472850732137188,1.0,8.0,True,False,False
24,2020-05-09,0.27351335,0.0717353714208002,0,0.0,0,0.0,0,0.0,1,0.2622737561011432,0.40314186,0.1057335339282872,0,0.0,1,0.2622737561011432,0,0.0,2,0.5245475122022865,4.5918022180199625,1.2043092149936565,2.0,0.5245475122022865,6.0,1.5736425366068594,0.0,0.0,11.0,2.885011317112576,0.0,8.0,True,False,False
25,2020-05-10,0.20598337,0.054024030760047,0,0.0,0,0.0,0,0.0,1,0.2622737561011432,0.34893486,0.0915164548587199,0,0.0,1,0.2622737561011432,0,0.0,2,0.5245475122022865,3.95707535892725,1.0378370175611291,2.0,0.5245475122022865,6.0,1.5736425366068594,0.0,0.0,10.0,2.6227375610114327,0.0,8.0,True,False,False
26,2020-05-11,0.22024034,0.0577632590648136,0,0.0,0,0.0,0,0.0,1,0.2622737561011432,0.3023833,0.079307204714496,0,0.0,0,0.0,0,0.0,2,0.5245475122022865,3.4142676903903486,0.8954728114934519,1.0,0.2622737561011432,5.0,1.3113687805057164,0.0,0.0,9.0,2.3604638049102893,,,False,False,True
27,2020-05-12,0.36526546,0.095799543942121,0,0.0,1,0.2622737561011432,0,0.0,2,0.5245475122022865,0.2623592,0.0688099305534706,0,0.0,0,0.0,0,0.0,1,0.2622737561011432,2.9495250414907934,0.7735830113461708,1.0,0.2622737561011432,4.0,1.049095024404573,0.0,0.0,8.0,2.098190048809146,,,False,False,True
28,2020-05-13,0.30843312,0.080893909171209,0,0.0,0,0.0,0,0.0,2,0.5245475122022865,0.22790888,0.0597745156483142,0,0.0,0,0.0,0,0.0,2,0.5245475122022865,2.5511562800705434,0.6691013399751216,1.0,0.2622737561011432,4.0,1.049095024404573,0.0,0.0,8.0,2.098190048809146,,,False,False,True
29,2020-05-14,0.27029538,0.0708913830749224,0,0.0,0,0.0,0,0.0,1,0.2622737561011432,0.19822131,0.0519882462413079,0,0.0,0,0.0,0,0.0,1,0.2622737561011432,2.20928497903049,0.579437469748162,1.0,0.2622737561011432,3.0,0.7868212683034297,0.0,0.0,7.0,1.8359162927080028,,,False,False,True
30,2020-05-15,0.17244147,0.0452268722028748,0,0.0,0,0.0,0,0.0,1,0.2622737561011432,0.17260909,0.0452708349030217,0,0.0,0,0.0,0,0.0,1,0.2622737561011432,1.915558081239462,0.5024006129965726,0.0,0.0,3.0,0.7868212683034297,0.0,0.0,6.0,1.5736425366068594,,,False,False,True
