,Raw Prediction Mean,Raw Prediction Mean 100k,Raw Prediction Q25,Raw Prediction Q25 100k,Raw Prediction Q75,Raw Prediction Q75 100k,Raw Prediction Q5,Raw Prediction Q5 100k,Raw Prediction Q95,Raw Prediction Q95 100k,Trend Prediction Mean,Trend Prediction Mean 100k,Trend Prediction Q25,Trend Prediction Q25 100k,Trend Prediction Q75,Trend Prediction Q75 100k,Trend Prediction Q5,Trend Prediction Q5 100k,Trend Prediction Q95,Trend Prediction Q95 100k,Trend 7Day Prediction Mean,Trend 7Day Prediction Mean 100k,Trend 7Day Prediction Q25,Trend 7Day Prediction Q25 100k,Trend 7Day Prediction Q75,Trend 7Day Prediction Q75 100k,Trend 7Day Prediction Q5,Trend 7Day Prediction Q5 100k,Trend 7Day Prediction Q95,Trend 7Day Prediction Q95 100k,RKI Meldedaten,RKI 7Day Incidence,is_nowcast,is_high,is_prediction
2021-05-06,34.30362,35.72884306777269,16,16.664757163241713,45,46.86962952161731,7,7.2908312589182485,82,85.40688046161378,29.38183,30.602567130699754,13,13.540115195133891,38,39.57879826269907,5,5.207736613513035,75,78.11604920269552,,,,,,,,,,,26.0,,False,False,False
2021-05-07,33.32624,34.71085801720619,16,16.664757163241713,43,44.7865348762121,6,6.249283936215642,87,90.6146170751268,25.332333,26.38482255861163,13,13.540115195133891,35,36.45415629459124,5,5.207736613513035,61,63.53438668485902,,,,,,,,,,,42.0,,False,False,False
2021-05-08,14.734185,15.346350846812129,7,7.2908312589182485,20,20.83094645405214,3,3.124641968107821,37,38.537250939996454,21.860542,22.76878949487582,11,11.457020549728677,28,29.163325035672994,4,4.166189290810428,51,53.11891345783295,,,,,,,,,,,12.0,,False,False,False
2021-05-09,9.384561,9.774463978828862,4,4.166189290810428,12,12.498567872431284,1,1.041547322702607,23,23.95558842215996,18.881517,19.665993750095367,9,9.373925904323464,24,24.997135744862568,3,3.124641968107821,44,45.82808219891471,,,,,,,,,,,0.0,,False,False,False
2021-05-10,11.186944,11.651731620077044,5,5.207736613513035,16,16.664757163241713,1,1.041547322702607,26,27.080230390267783,16.32314,17.001321248244494,8,8.332378581620857,21,21.872493776754744,2,2.083094645405214,37,38.537250939996454,,,,,,,,,,,18.0,,False,False,False
2021-05-11,17.38536,18.107675714418292,9,9.373925904323464,23,23.95558842215996,3,3.124641968107821,43,44.7865348762121,14.124105,14.710924006067216,7,7.2908312589182485,18,18.747851808646928,2,2.083094645405214,35,36.45415629459124,,,,,,,,,,,28.0,,False,False,False
2021-05-12,24.152205,25.155663024634123,11,11.457020549728677,31,32.287967003780814,4,4.166189290810428,58,60.409744716751206,12.232376,12.740599049720913,6,6.249283936215642,16,16.664757163241713,2,2.083094645405214,28,29.163325035672994,138.13586671447754,143.87504214566823,99.0,103.11318494755808,164.0,170.81376092322756,68.0,70.82521794377728,233.0,242.68052618970742,21.0,147.0,False,False,False
2021-05-13,12.813654,13.346027117222548,6,6.249283936215642,17,17.70630448594432,2,2.083094645405214,31,32.287967003780814,10.603596,11.044146958738565,5,5.207736613513035,14,14.581662517836497,1,1.041547322702607,25,26.038683067565174,119.357604637146,124.3165935540157,88.0,91.65616439782941,139.0,144.77507785566237,62.0,64.57593400756163,202.0,210.3925591859266,9.0,130.0,False,False,False
2021-05-14,12.206778,12.7139370306395,6,6.249283936215642,16,16.664757163241713,2,2.083094645405214,30,31.246419681078212,9.19999,9.58222517510876,4,4.166189290810428,13,13.540115195133891,1,1.041547322702607,22,22.914041099457354,103.22526474761963,107.51399813315103,76.0,79.15759652539813,121.0,126.02722604701546,55.0,57.28510274864339,168.0,174.97995021403796,18.0,106.0,False,False,False
2021-05-15,6.4450345,6.712808681186289,3,3.124641968107821,9,9.373925904323464,1,1.041547322702607,15,15.623209840539106,7.989438,8.321378118125722,3,3.124641968107821,11,11.457020549728677,1,1.041547322702607,19,19.789399131349533,89.35415203857421,93.06657782813866,65.0,67.70057597566945,105.0,109.36246888377373,49.0,51.03581881242775,142.0,147.8997198237702,3.0,97.0,False,False,False
2021-05-16,3.9441516,4.108020584681071,2,2.083094645405214,5,5.207736613513035,0,0.0,10,10.41547322702607,6.9444647,7.232988718897104,3,3.124641968107821,9,9.373925904323464,1,1.041547322702607,17,17.70630448594432,77.41709334945679,80.63356630954452,59.0,61.45129203945381,90.0,93.73925904323463,42.0,43.74498755350949,121.0,126.02722604701546,0.0,97.0,False,False,False
2021-05-17,4.0241203,4.191311745671555,2,2.083094645405214,6,6.249283936215642,0,0.0,11,11.457020549728677,6.041653,6.292667967500165,3,3.124641968107821,8,8.332378581620857,1,1.041547322702607,15,15.623209840539106,67.13561622619629,69.92492133838444,52.0,54.160460780535566,78.0,81.24069117080334,37.0,38.537250939996454,106.0,110.40401620647634,2.0,81.0,False,False,False
2021-05-18,6.3181767,6.580680201295763,3,3.124641968107821,9,9.373925904323464,1,1.041547322702607,16,16.664757163241713,5.2610083,5.479589162860066,2,2.083094645405214,7,7.2908312589182485,0,0.0,13,13.540115195133891,58.272509784698485,60.69357655341418,45.0,46.86962952161731,68.0,70.82521794377728,32.0,33.32951432648343,90.0,93.73925904323463,12.0,65.0,False,False,False
2021-05-19,8.962055,9.33440460357815,4,4.166189290810428,12,12.498567872431284,1,1.041547322702607,22,22.914041099457354,4.5854177,4.775929483002983,2,2.083094645405214,7,7.2908312589182485,0,0.0,12,12.498567872431284,50.625550804138186,52.72890690039494,38.0,39.57879826269907,60.0,62.492839362156424,27.0,28.121777712970392,80.0,83.32378581620856,7.0,51.0,False,False,False
2021-05-20,4.9589005,5.164929461898282,2,2.083094645405214,7,7.2908312589182485,0,0.0,13,13.540115195133891,4.0002327,4.166431608609855,2,2.083094645405214,5,5.207736613513035,0,0.0,10,10.41547322702607,44.02220250320435,45.85120715668449,33.0,34.37106164918603,53.0,55.20200810323817,23.0,23.95558842215996,73.0,76.03295455729031,4.0,46.0,False,False,False
2021-05-21,4.6511154,4.8443569539813325,2,2.083094645405214,6,6.249283936215642,0,0.0,12,12.498567872431284,3.492934,3.6380559322424233,1,1.041547322702607,5,5.207736613513035,0,0.0,9,9.373925904323464,38.31514362335205,39.907035259868195,29.0,30.204872358375603,46.0,47.91117684431992,20.0,20.83094645405214,62.0,64.57593400756163,5.0,33.0,False,False,False
2021-05-22,2.481839,2.584952744655311,1,1.041547322702607,4,4.166189290810428,0,0.0,7,7.2908312589182485,3.0527697,3.1796040275366977,1,1.041547322702607,4,4.166189290810428,0,0.0,8,8.332378581620857,33.378480527877805,34.76526702969223,25.0,26.038683067565174,41.0,42.70344023080689,16.0,16.664757163241713,54.0,56.243555425940784,5.0,35.0,False,False,False
2021-05-23,1.4774619,1.5388464817078784,0,0.0,2,2.083094645405214,0,0.0,5,5.207736613513035,2.6705258,2.7814789063995704,1,1.041547322702607,4,4.166189290810428,0,0.0,8,8.332378581620857,29.104547487258912,30.31376351382541,21.0,21.872493776754744,35.0,36.45415629459124,14.0,14.581662517836497,49.0,51.03581881242775,1.0,36.0,False,False,False
2021-05-24,1.4995155,1.5618163160979748,0,0.0,2,2.083094645405214,0,0.0,5,5.207736613513035,2.338301,2.4354510969715193,1,1.041547322702607,3,3.124641968107821,0,0.0,7,7.2908312589182485,25.401193192481994,26.456544763081308,18.0,18.747851808646928,31.0,32.287967003780814,11.0,11.457020549728677,44.0,45.82808219891471,0.0,34.0,False,False,False
2021-05-25,2.3980675,2.497700734238606,1,1.041547322702607,3,3.124641968107821,0,0.0,7,7.2908312589182485,2.0493004,2.1344434571801685,1,1.041547322702607,3,3.124641968107821,0,0.0,6,6.249283936215642,22.189481407165527,23.11139495179253,15.0,15.623209840539106,27.0,28.121777712970392,9.0,9.373925904323464,40.0,41.66189290810428,4.0,26.0,False,False,False
2021-05-26,3.392811,3.5337732697371393,1,1.041547322702607,5,5.207736613513035,0,0.0,9,9.373925904323464,1.7976801,1.8723689208854921,0,0.0,3,3.124641968107821,0,0.0,6,6.249283936215642,19.401743937969208,20.207834454353364,13.0,13.540115195133891,24.0,24.997135744862568,8.0,8.332378581620857,36.0,37.495703617293856,2.0,21.0,False,False,False
2021-05-27,1.9179949,1.9976823750766926,0,0.0,3,3.124641968107821,0,0.0,6,6.249283936215642,1.5784198,1.643998984945938,0,0.0,2,2.083094645405214,0,0.0,5,5.207736613513035,16.979927550315857,17.685398079715718,11.0,11.457020549728677,21.0,21.872493776754744,6.0,6.249283936215642,31.0,32.287967003780814,7.0,24.0,True,True,False
2021-05-28,1.8295183,1.9055298253078945,0,0.0,3,3.124641968107821,0,0.0,5,5.207736613513035,1.3871919,1.4448260117205791,0,0.0,2,2.083094645405214,0,0.0,5,5.207736613513035,14.874185363292694,15.49216794251981,9.0,9.373925904323464,18.0,18.747851808646928,5.0,5.207736613513035,28.0,29.163325035672994,2.0,21.0,True,False,False
2021-05-29,0.91437864,0.9523686458123848,0,0.0,1,1.041547322702607,0,0.0,3,3.124641968107821,1.2202677,1.2709665497823153,0,0.0,2,2.083094645405214,0,0.0,4,4.166189290810428,13.041685871124267,13.583533002597896,8.0,8.332378581620857,17.0,17.70630448594432,4.0,4.166189290810428,26.0,27.080230390267783,2.0,18.0,True,False,False
2021-05-30,0.55927366,0.5825099833600689,0,0.0,1,1.041547322702607,0,0.0,2,2.083094645405214,1.0744344,1.1190742952749133,0,0.0,1,1.041547322702607,0,0.0,4,4.166189290810428,11.445594145059586,11.921127938527446,7.0,7.2908312589182485,14.0,14.581662517836497,3.0,3.124641968107821,24.0,24.997135744862568,0.0,17.0,True,False,False
2021-05-31,0.5994564,0.6243622465262888,0,0.0,1,1.041547322702607,0,0.0,3,3.124641968107821,0.9469164,0.9862582373898476,0,0.0,1,1.041547322702607,0,0.0,3,3.124641968107821,10.054208937644958,10.47193440089673,6.0,6.249283936215642,13.0,13.540115195133891,3.0,3.124641968107821,21.0,21.872493776754744,5.0,22.0,True,True,False
2021-06-01,0.97136045,1.0117179044755176,0,0.0,1,1.041547322702607,0,0.0,3,3.124641968107821,0.83531624,0.8700213584234007,0,0.0,1,1.041547322702607,0,0.0,3,3.124641968107821,8.840225877404214,9.207513594696662,5.0,5.207736613513035,11.0,11.457020549728677,2.0,2.083094645405214,19.0,19.789399131349533,,,False,False,True
2021-06-02,1.3937962,1.4517047020490281,0,0.0,2,2.083094645405214,0,0.0,5,5.207736613513035,0.73756146,0.7682051545998547,0,0.0,1,1.041547322702607,0,0.0,3,3.124641968107821,7.780107728600502,8.103350375061712,4.0,4.166189290810428,10.0,10.41547322702607,1.0,1.041547322702607,17.0,17.70630448594432,,,False,False,True
2021-06-03,0.79346263,0.8264289135695435,0,0.0,1,1.041547322702607,0,0.0,3,3.124641968107821,0.6518621,0.6789452072553104,0,0.0,1,1.041547322702607,0,0.0,3,3.124641968107821,6.853549793481827,7.138296438410002,3.0,3.124641968107821,9.0,9.373925904323464,1.0,1.041547322702607,16.0,16.664757163241713,,,False,False,True
2021-06-04,0.76852167,0.8004516530490946,0,0.0,1,1.041547322702607,0,0.0,3,3.124641968107821,0.5766639,0.6006227522448171,0,0.0,1,1.041547322702607,0,0.0,2,2.083094645405214,6.043022263646126,6.294093659732869,3.0,3.124641968107821,8.0,8.332378581620857,1.0,1.041547322702607,14.0,14.581662517836497,,,False,False,True
2021-06-05,0.39084283,0.407081279263366,0,0.0,1,1.041547322702607,0,0.0,2,2.083094645405214,0.5106243,0.5318393505149288,0,0.0,1,1.041547322702607,0,0.0,2,2.083094645405214,5.3333782930374145,5.554965882073319,2.0,2.083094645405214,7.0,7.2908312589182485,1.0,1.041547322702607,13.0,13.540115195133891,,,False,False,True
