,Unnamed: 0,Raw Prediction Mean,Raw Prediction Mean 100k,Raw Prediction Q25,Raw Prediction Q25 100k,Raw Prediction Q75,Raw Prediction Q75 100k,Raw Prediction Q5,Raw Prediction Q5 100k,Raw Prediction Q95,Raw Prediction Q95 100k,Trend Prediction Mean,Trend Prediction Mean 100k,Trend Prediction Q25,Trend Prediction Q25 100k,Trend Prediction Q75,Trend Prediction Q75 100k,Trend Prediction Q5,Trend Prediction Q5 100k,Trend Prediction Q95,Trend Prediction Q95 100k,Trend 7Day Prediction Mean,Trend 7Day Prediction Mean 100k,Trend 7Day Prediction Q25,Trend 7Day Prediction Q25 100k,Trend 7Day Prediction Q75,Trend 7Day Prediction Q75 100k,Trend 7Day Prediction Q5,Trend 7Day Prediction Q5 100k,Trend 7Day Prediction Q95,Trend 7Day Prediction Q95 100k,RKI Meldedaten,RKI 7Day Incidence,is_nowcast,is_high,is_prediction
0,2020-04-21,26.780981,11.812984303105624,11,4.852056389717169,36,15.879457275438009,3,1.3232881062865007,67,29.553434373731847,20.447508,9.019314893521369,8,3.5287682834306686,26,11.468496921149674,2,0.8821920708576672,54,23.81918591315701,,,,,,,,,,,12.0,,False,False,False
1,2020-04-22,24.749659,10.916976316366345,11,4.852056389717169,35,15.438361240009176,4,1.7643841417153343,71,31.317818515447183,16.827301,7.4224561103619635,7,3.087672248001835,24,10.586304850292006,2,0.8821920708576672,46,20.290417629726345,,,,,,,,,,,18.0,,False,False,False
2,2020-04-23,19.177574,8.459152013529092,8,3.5287682834306686,25,11.02740088572084,2,0.8821920708576672,47,20.731513665155177,13.871271,6.118563032941893,5,2.205480177144168,19,8.380824673147838,1,0.4410960354288336,37,16.320553310866842,,,,,,,,,,,10.0,,False,False,False
3,2020-04-24,12.393548,5.466744914883748,5,2.205480177144168,17,7.498632602290171,1,0.4410960354288336,33,14.556169169151508,11.453586,5.052131382399239,5,2.205480177144168,16,7.057536566861337,1,0.4410960354288336,29,12.791785027436172,,,,,,,,,,,11.0,,False,False,False
4,2020-04-25,6.5203614,2.8761056455550715,3,1.3232881062865007,9,3.969864318859502,0,0.0,17,7.498632602290171,9.472984,4.178495873929933,4,1.7643841417153343,13,5.734248460574837,1,0.4410960354288336,25,11.02740088572084,,,,,,,,,,,15.0,,False,False,False
5,2020-04-26,3.958047,1.745878762449138,2,0.8821920708576672,6,2.646576212573001,0,0.0,11,4.852056389717169,7.847793,3.461630331003107,3,1.3232881062865007,11,4.852056389717169,1,0.4410960354288336,19,8.380824673147838,,,,,,,,,,,11.0,,False,False,False
6,2020-04-27,5.502843,2.427282197459135,2,0.8821920708576672,8,3.5287682834306686,0,0.0,15,6.616440531432503,6.5120926,2.8724582080030814,3,1.3232881062865007,9,3.969864318859502,0,0.0,17,7.498632602290171,86.43253045654296,38.12504651646301,60.0,26.465762125730013,104.0,45.873987684598696,40.0,17.643841417153343,161.0,71.0164617040422,2.0,79.0,False,False,False
7,2020-04-28,7.417139,3.2716707210056484,3,1.3232881062865007,11,4.852056389717169,1,0.4410960354288336,20,8.821920708576672,5.412527,2.387444328633137,2,0.8821920708576672,8,3.5287682834306686,0,0.0,14,6.17534449600367,71.3975495414734,31.49317604207765,50.0,22.05480177144168,86.0,37.93425904687969,33.0,14.556169169151508,132.0,58.22467667660603,5.0,72.0,False,False,False
8,2020-04-29,6.691304,2.951507667603437,3,1.3232881062865007,9,3.969864318859502,0,0.0,16,7.057536566861337,4.505915,1.987541327252984,2,0.8821920708576672,6,2.646576212573001,0,0.0,13,5.734248460574837,59.07616887283325,26.05826387813101,42.0,18.52603348801101,70.0,30.87672248001835,27.0,11.909592956578503,109.0,48.079467861742856,8.0,62.0,False,False,False
9,2020-04-30,5.3001146,2.3378595869871788,2,0.8821920708576672,7,3.087672248001835,0,0.0,14,6.17534449600367,3.7572038,1.6572877939324826,1,0.4410960354288336,5,2.205480177144168,0,0.0,10,4.410960354288336,48.9621073513031,21.596991438900744,35.0,15.438361240009176,58.0,25.583570054872347,22.0,9.704112779434338,88.0,38.81645111773735,6.0,58.0,False,False,False
10,2020-05-01,3.2990994,1.45521971717244,1,0.4410960354288336,5,2.205480177144168,0,0.0,9,3.969864318859502,3.1379042,1.3841170584782958,1,0.4410960354288336,5,2.205480177144168,0,0.0,9,3.969864318859502,40.64642553138733,17.92897715624827,29.0,12.791785027436172,49.0,21.613705736012847,19.0,8.380824673147838,73.0,32.20001058630485,2.0,49.0,False,False,False
11,2020-05-02,1.7288901,0.762606532589416,0,0.0,3,1.3232881062865007,0,0.0,6,2.646576212573001,2.6248477,1.157809856522363,1,0.4410960354288336,4,1.7643841417153343,0,0.0,8,3.5287682834306686,33.79828944778443,14.908291479693892,24.0,10.586304850292006,41.0,18.08493745258217,16.0,7.057536566861337,61.0,26.90685816115885,1.0,35.0,False,False,False
12,2020-05-03,1.1083596,0.4888930106972111,0,0.0,2,0.8821920708576672,0,0.0,4,1.7643841417153343,2.1991422,0.9700329428596888,1,0.4410960354288336,3,1.3232881062865007,0,0.0,6,2.646576212573001,28.14963136768341,12.416690795068286,20.0,8.821920708576672,34.0,14.997265204580344,12.0,5.293152425146003,49.0,21.613705736012847,0.0,24.0,False,False,False
13,2020-05-04,1.5319413,0.6757332357665291,0,0.0,3,1.3232881062865007,0,0.0,5,2.205480177144168,1.8453629,0.8139822966768406,0,0.0,3,1.3232881062865007,0,0.0,6,2.646576212573001,23.482903246879577,10.358215522557463,17.0,7.498632602290171,29.0,12.791785027436172,10.0,4.410960354288336,41.0,18.08493745258217,0.0,22.0,False,False,False
14,2020-05-05,2.080646,0.9177647370961496,0,0.0,3,1.3232881062865007,0,0.0,6,2.646576212573001,1.550905,0.6840980404376751,0,0.0,2,0.8821920708576672,0,0.0,5,2.205480177144168,19.621277723312375,8.654867813801179,13.0,5.734248460574837,24.0,10.586304850292006,8.0,3.5287682834306686,36.0,15.879457275438009,1.0,18.0,False,False,False
15,2020-05-06,1.8949285,0.8358454579138197,0,0.0,3,1.3232881062865007,0,0.0,6,2.646576212573001,1.3054457,0.5758269253419712,0,0.0,2,0.8821920708576672,0,0.0,4,1.7643841417153343,16.420806503772734,7.243152647358159,11.0,4.852056389717169,21.0,9.263016744005505,6.0,2.646576212573001,30.0,13.232881062865006,2.0,12.0,False,False,False
16,2020-05-07,1.531234,0.675421279083821,0,0.0,2,0.8821920708576672,0,0.0,5,2.205480177144168,1.1005186,0.485434384245309,0,0.0,2,0.8821920708576672,0,0.0,4,1.7643841417153343,13.764123593330384,6.071300348170503,9.0,3.969864318859502,18.0,7.939728637719004,5.0,2.205480177144168,26.0,11.468496921149674,1.0,7.0,False,False,False
17,2020-05-08,0.95716906,0.4222034931444796,0,0.0,1,0.4410960354288336,0,0.0,3,1.3232881062865007,0.92917144,0.4098538283869857,0,0.0,1,0.4410960354288336,0,0.0,3,1.3232881062865007,11.555390966892242,5.097037143326324,7.0,3.087672248001835,15.0,6.616440531432503,4.0,1.7643841417153343,23.0,10.145208814863173,3.0,8.0,False,False,False
18,2020-05-09,0.5110373,0.2254165337944869,0,0.0,1,0.4410960354288336,0,0.0,2,0.8821920708576672,0.78568566,0.346562819686369,0,0.0,1,0.4410960354288336,0,0.0,3,1.3232881062865007,9.71622925233841,4.285790202524132,6.0,2.646576212573001,12.0,5.293152425146003,3.0,1.3232881062865007,19.0,8.380824673147838,0.0,7.0,False,False,False
19,2020-05-10,0.3288135,0.1450383251722087,0,0.0,1,0.4410960354288336,0,0.0,2,0.8821920708576672,0.6653515,0.2934839130830369,0,0.0,1,0.4410960354288336,0,0.0,3,1.3232881062865007,8.182439959287644,3.6092418261762456,5.0,2.205480177144168,10.0,4.410960354288336,2.0,0.8821920708576672,17.0,7.498632602290171,1.0,8.0,False,False,False
20,2020-05-11,0.4721699,0.2082722630802891,0,0.0,1,0.4410960354288336,0,0.0,2,0.8821920708576672,0.56428295,0.2489029839125578,0,0.0,1,0.4410960354288336,0,0.0,3,1.3232881062865007,6.901360323190689,3.044162677625266,4.0,1.7643841417153343,9.0,3.969864318859502,1.0,0.4410960354288336,15.0,6.616440531432503,0.0,8.0,False,False,False
21,2020-05-12,0.65054774,0.2869540367100853,0,0.0,1,0.4410960354288336,0,0.0,2,0.8821920708576672,0.47927153,0.2114047674695029,0,0.0,1,0.4410960354288336,0,0.0,2,0.8821920708576672,5.829726487874985,2.5714692414361138,3.0,1.3232881062865007,7.0,3.087672248001835,1.0,0.4410960354288336,13.0,5.734248460574837,0.0,7.0,True,False,False
22,2020-05-13,0.58776397,0.259260355051083,0,0.0,1,0.4410960354288336,0,0.0,3,1.3232881062865007,0.40766087,0.1798175958356296,0,0.0,1,0.4410960354288336,0,0.0,2,0.8821920708576672,4.931941510200501,2.175459847116335,2.0,0.8821920708576672,7.0,3.087672248001835,1.0,0.4410960354288336,12.0,5.293152425146003,1.0,6.0,True,False,False
23,2020-05-14,0.48171765,0.2124837465089513,0,0.0,1,0.4410960354288336,0,0.0,2,0.8821920708576672,0.3472515,0.1531712655378214,0,0.0,0,0.0,0,0.0,2,0.8821920708576672,4.1786743539571765,1.843196690878653,2.0,0.8821920708576672,6.0,2.646576212573001,0.0,0.0,11.0,4.852056389717169,0.0,5.0,True,False,False
24,2020-05-15,0.30121943,0.1328666940025868,0,0.0,0,0.0,0,0.0,2,0.8821920708576672,0.29621676,0.1306600324824103,0,0.0,0,0.0,0,0.0,1,0.4410960354288336,3.5457204277217387,1.564003223407087,1.0,0.4410960354288336,5.0,2.205480177144168,0.0,0.0,9.0,3.969864318859502,0.0,2.0,True,False,False
25,2020-05-16,0.16247578,0.071667420797894,0,0.0,0,0.0,0,0.0,1,0.4410960354288336,0.25304154,0.111615622699901,0,0.0,0,0.0,0,0.0,1,0.4410960354288336,3.0130767236351965,1.3290561972383843,1.0,0.4410960354288336,4.0,1.7643841417153343,0.0,0.0,9.0,3.969864318859502,1.0,3.0,True,False,False
26,2020-05-17,0.10586556,0.0466968799628375,0,0.0,0,0.0,0,0.0,1,0.4410960354288336,0.21646285,0.0954809024733549,0,0.0,0,0.0,0,0.0,1,0.4410960354288336,2.56418845808506,1.131053362953694,1.0,0.4410960354288336,4.0,1.7643841417153343,0.0,0.0,7.0,3.087672248001835,,,False,False,True
27,2020-05-18,0.15292282,0.0674536522637936,0,0.0,0,0.0,0,0.0,1,0.4410960354288336,0.18542929,0.08179212613868,0,0.0,0,0.0,0,0.0,1,0.4410960354288336,2.1853345068991183,0.963942387079026,1.0,0.4410960354288336,3.0,1.3232881062865007,0.0,0.0,7.0,3.087672248001835,,,False,False,True
28,2020-05-19,0.2130126,0.0939590165671688,0,0.0,0,0.0,0,0.0,1,0.4410960354288336,0.15906328,0.0701621843290922,0,0.0,0,0.0,0,0.0,1,0.4410960354288336,1.865126135073602,0.822699743755669,0.0,0.0,3.0,1.3232881062865007,0.0,0.0,6.0,2.646576212573001,,,False,False,True
29,2020-05-20,0.1983718,0.0875010130130249,0,0.0,0,0.0,0,0.0,1,0.4410960354288336,0.13663206,0.0602678596806072,0,0.0,0,0.0,0,0.0,1,0.4410960354288336,1.5940971835926174,0.703149947770973,0.0,0.0,2.0,0.8821920708576672,0.0,0.0,5.0,2.205480177144168,,,False,False,True
30,2020-05-21,0.1632759,0.072020350216917,0,0.0,0,0.0,0,0.0,1,0.4410960354288336,0.11752207,0.0518385206760285,0,0.0,0,0.0,0,0.0,1,0.4410960354288336,1.3643679449222983,0.6018172913714109,0.0,0.0,2.0,0.8821920708576672,0.0,0.0,5.0,2.205480177144168,,,False,False,True
