,Unnamed: 0,Raw Prediction Mean,Raw Prediction Mean 100k,Raw Prediction Q25,Raw Prediction Q25 100k,Raw Prediction Q75,Raw Prediction Q75 100k,Raw Prediction Q5,Raw Prediction Q5 100k,Raw Prediction Q95,Raw Prediction Q95 100k,Trend Prediction Mean,Trend Prediction Mean 100k,Trend Prediction Q25,Trend Prediction Q25 100k,Trend Prediction Q75,Trend Prediction Q75 100k,Trend Prediction Q5,Trend Prediction Q5 100k,Trend Prediction Q95,Trend Prediction Q95 100k,Trend 7Day Prediction Mean,Trend 7Day Prediction Mean 100k,Trend 7Day Prediction Q25,Trend 7Day Prediction Q25 100k,Trend 7Day Prediction Q75,Trend 7Day Prediction Q75 100k,Trend 7Day Prediction Q5,Trend 7Day Prediction Q5 100k,Trend 7Day Prediction Q95,Trend 7Day Prediction Q95 100k,RKI Meldedaten,RKI 7Day Incidence,is_nowcast,is_high,is_prediction
0,2020-07-19,2.570275,0.897523932508193,0,0.0,4,1.3967748468785577,0,0.0,8,2.793549693757115,6.9676275,2.433051668049302,2,0.6983874234392787,10,3.491937117196393,0,0.0,22,7.682261657832066,,,,,,,,,,,5.0,,False,False,False
1,2020-07-20,5.3586187,1.8711960365180855,2,0.6983874234392787,8,2.793549693757115,0,0.0,17,5.936293099233868,6.142802,2.145027792721521,2,0.6983874234392787,9,3.1427434054767542,0,0.0,19,6.634680522673148,,,,,,,,,,,4.0,,False,False,False
2,2020-07-21,6.7494135,2.356852746743243,2,0.6983874234392787,9,3.1427434054767542,0,0.0,21,7.333067946112426,5.424158,1.8940818335977383,2,0.6983874234392787,8,2.793549693757115,0,0.0,17,5.936293099233868,,,,,,,,,,,4.0,,False,False,False
3,2020-07-22,7.4341574,2.5959610866266303,2,0.6983874234392787,10,3.491937117196393,0,0.0,21,7.333067946112426,4.7971606,1.6751382645452395,1,0.3491937117196393,7,2.444355982037476,0,0.0,15,5.237905675794591,,,,,,,,,,,2.0,,False,False,False
4,2020-07-23,6.7334027,2.3512619009125046,2,0.6983874234392787,9,3.1427434054767542,0,0.0,19,6.634680522673148,4.2494006,1.483863979956368,1,0.3491937117196393,6,2.0951622703178363,0,0.0,13,4.539518252355312,,,,,,,,,,,14.0,,False,True,False
5,2020-07-24,4.511013,1.5752173567307182,1,0.3491937117196393,6,2.0951622703178363,0,0.0,13,4.539518252355312,3.7701752,1.316521502303658,1,0.3491937117196393,5,1.7459685585981968,0,0.0,11,3.841130828916033,,,,,,,,,,,0.0,,False,False,False
6,2020-07-25,2.2372148,0.7812212970748078,0,0.0,3,1.0475811351589182,0,0.0,7,2.444355982037476,3.3503435,1.1699188689817674,1,0.3491937117196393,5,1.7459685585981968,0,0.0,11,3.841130828916033,34.701662375450134,12.11760228772519,22.0,7.682261657832066,46.0,16.062910739103412,12.0,4.190324540635673,70.0,24.443559820374755,0.0,29.0,False,False,False
7,2020-07-26,1.0367515,0.3620271172621869,0,0.0,1,0.3491937117196393,0,0.0,4,1.3967748468785577,2.9820356,1.0413081326987594,1,0.3491937117196393,4,1.3967748468785577,0,0.0,9,3.1427434054767542,30.716070607185365,10.725858704765573,20.0,6.983874234392787,40.0,13.967748468785574,11.0,3.841130828916033,61.0,21.300816414898,0.0,24.0,False,False,False
8,2020-07-27,2.669735,0.9322546247858554,1,0.3491937117196393,4,1.3967748468785577,0,0.0,8,2.793549693757115,2.6584694,0.928320787352277,1,0.3491937117196393,4,1.3967748468785577,0,0.0,9,3.1427434054767542,27.23174226284027,9.509153157353763,18.0,6.2854868109535085,35.0,12.221779910187378,10.0,3.491937117196393,53.0,18.507266721140887,10.0,30.0,False,True,False
9,2020-07-28,3.4564757,1.206979595735902,1,0.3491937117196393,5,1.7459685585981968,0,0.0,11,3.841130828916033,2.3738225,0.828923839435447,0,0.0,3,1.0475811351589182,0,0.0,8,2.793549693757115,24.18141031074524,8.443996421024687,16.0,5.58709938751423,31.0,10.82500506330882,9.0,3.1427434054767542,48.0,16.76129816254269,4.0,30.0,False,False,False
10,2020-07-29,3.0772169,1.0745447980298195,1,0.3491937117196393,4,1.3967748468785577,0,0.0,9,3.1427434054767542,2.1230564,0.74135796239716,0,0.0,3,1.0475811351589182,0,0.0,7,2.444355982037476,21.507301357269288,7.510214390017699,14.0,4.888711964074951,28.0,9.777423928149902,8.0,2.793549693757115,43.0,15.015329603944492,0.0,28.0,False,False,False
11,2020-07-30,2.8485699,0.9947027137968688,1,0.3491937117196393,4,1.3967748468785577,0,0.0,9,3.1427434054767542,1.9018354,0.6641089839831693,0,0.0,3,1.0475811351589182,0,0.0,6,2.0951622703178363,19.15974021339417,6.690460800699144,13.0,4.539518252355312,24.0,8.380649081271345,7.0,2.444355982037476,38.0,13.269361045346296,2.0,16.0,False,False,False
12,2020-07-31,2.3539577,0.8219872142944951,1,0.3491937117196393,3,1.0475811351589182,0,0.0,7,2.444355982037476,1.7064011,0.5958645488135517,0,0.0,2,0.6983874234392787,0,0.0,5,1.7459685585981968,17.09596633720398,5.969803940722265,11.0,3.841130828916033,21.0,7.333067946112426,7.0,2.444355982037476,34.0,11.872586198467737,2.0,18.0,False,False,False
13,2020-08-01,1.3120477,0.4581588200380793,0,0.0,2,0.6983874234392787,0,0.0,4,1.3967748468785577,1.5335084,0.5354915174393682,0,0.0,2,0.6983874234392787,0,0.0,5,1.7459685585981968,15.279130506038666,5.335376293252414,10.0,3.491937117196393,19.0,6.634680522673148,6.0,2.0951622703178363,30.0,10.47581135158918,0.0,18.0,False,False,False
14,2020-08-02,0.5384319,0.1880170316326257,0,0.0,1,0.3491937117196393,0,0.0,2,0.6983874234392787,1.3803426,0.4820069534616777,0,0.0,2,0.6983874234392787,0,0.0,5,1.7459685585981968,13.677439550876615,4.776075883591603,9.0,3.1427434054767542,18.0,6.2854868109535085,5.0,1.7459685585981968,27.0,9.428230216430263,2.0,20.0,False,False,False
15,2020-08-03,1.2578833,0.4392449227452744,0,0.0,2,0.6983874234392787,0,0.0,5,1.7459685585981968,1.2444645,0.4345592060417402,0,0.0,2,0.6983874234392787,0,0.0,4,1.3967748468785577,12.263432789325714,4.282313614128976,8.0,2.793549693757115,16.0,5.58709938751423,4.0,1.3967748468785577,25.0,8.729842792990985,0.0,10.0,False,False,False
16,2020-08-04,1.6467265,0.575026524529676,0,0.0,2,0.6983874234392787,0,0.0,5,1.7459685585981968,1.1237532,0.3924075372196967,0,0.0,2,0.6983874234392787,0,0.0,4,1.3967748468785577,11.013362678050996,3.845796992063175,7.0,2.444355982037476,15.0,5.237905675794591,3.0,1.0475811351589182,23.0,8.031455369551706,1.0,7.0,False,False,False
17,2020-08-05,1.7224673,0.601474766881438,0,0.0,2,0.6983874234392787,0,0.0,6,2.0951622703178363,1.0163645,0.3549080702214269,0,0.0,1,0.3491937117196393,0,0.0,4,1.3967748468785577,9.906669812440873,3.459346802587132,6.0,2.0951622703178363,13.0,4.539518252355312,3.0,1.0475811351589182,21.0,7.333067946112426,1.0,8.0,False,False,False
18,2020-08-06,1.6525545,0.5770616553490981,0,0.0,3,1.0475811351589182,0,0.0,6,2.0951622703178363,0.9207002,0.3215027163605555,0,0.0,1,0.3491937117196393,0,0.0,3,1.0475811351589182,8.92553377532959,3.1167402680863456,5.0,1.7459685585981968,12.0,4.190324540635673,2.0,0.6983874234392787,19.0,6.634680522673148,3.0,9.0,False,False,False
19,2020-08-07,1.1833348,0.4132130925427191,0,0.0,2,0.6983874234392787,0,0.0,4,1.3967748468785577,0.8353577,0.2917016672654426,0,0.0,1,0.3491937117196393,0,0.0,3,1.0475811351589182,8.054489825487137,2.8125771981699232,4.0,1.3967748468785577,11.0,3.841130828916033,2.0,0.6983874234392787,18.0,6.2854868109535085,2.0,9.0,False,False,False
20,2020-08-08,0.65366477,0.2282556351929088,0,0.0,1,0.3491937117196393,0,0.0,3,1.0475811351589182,0.7591212,0.2650803480719332,0,0.0,1,0.3491937117196393,0,0.0,3,1.0475811351589182,7.280101751685143,2.542165752367583,4.0,1.3967748468785577,10.0,3.491937117196393,1.0,0.3491937117196393,17.0,5.936293099233868,0.0,9.0,False,False,False
21,2020-08-09,0.25809208,0.0901241321571433,0,0.0,0,0.0,0,0.0,1,0.3491937117196393,0.6909246,0.2412665253359591,0,0.0,1,0.3491937117196393,0,0.0,3,1.0475811351589182,6.590682651042938,2.301424937683916,3.0,1.0475811351589182,9.0,3.1427434054767542,1.0,0.3491937117196393,16.0,5.58709938751423,2.0,9.0,True,False,False
22,2020-08-10,0.65556526,0.2289192707394249,0,0.0,1,0.3491937117196393,0,0.0,3,1.0475811351589182,0.62983537,0.2199345544795505,0,0.0,1,0.3491937117196393,0,0.0,3,1.0475811351589182,5.976054037928582,2.08680049094142,3.0,1.0475811351589182,8.0,2.793549693757115,1.0,0.3491937117196393,15.0,5.237905675794591,1.0,10.0,True,False,False
23,2020-08-11,0.93209916,0.3254831653975998,0,0.0,1,0.3491937117196393,0,0.0,4,1.3967748468785577,0.5750395,0.2008001729336683,0,0.0,1,0.3491937117196393,0,0.0,2,0.6983874234392787,5.427341572880745,1.895193548604533,3.0,1.0475811351589182,7.0,2.444355982037476,1.0,0.3491937117196393,13.0,4.539518252355312,4.0,13.0,True,True,False
24,2020-08-12,0.8670583,0.3027713091796613,0,0.0,1,0.3491937117196393,0,0.0,4,1.3967748468785577,0.5258214,0.1836135197663679,0,0.0,1,0.3491937117196393,0,0.0,2,0.6983874234392787,4.936798015534878,1.7238988230547738,2.0,0.6983874234392787,7.0,2.444355982037476,0.0,0.0,12.0,4.190324540635673,1.0,13.0,True,False,False
25,2020-08-13,0.71989447,0.2513826302674715,0,0.0,1,0.3491937117196393,0,0.0,3,1.0475811351589182,0.4815544,0.168155759183719,0,0.0,1,0.3491937117196393,0,0.0,2,0.6983874234392787,4.497652534544468,1.5705519825628262,2.0,0.6983874234392787,6.0,2.0951622703178363,0.0,0.0,12.0,4.190324540635673,9.0,19.0,True,True,False
26,2020-08-14,0.5571298,0.1945462145158671,0,0.0,1,0.3491937117196393,0,0.0,2,0.6983874234392787,0.44168553,0.1542338054605352,0,0.0,1,0.3491937117196393,0,0.0,2,0.6983874234392787,4.103980405211448,1.4330841505204552,2.0,0.6983874234392787,6.0,2.0951622703178363,0.0,0.0,11.0,3.841130828916033,,,False,False,True
27,2020-08-15,0.2989635,0.1043961674440652,0,0.0,0,0.0,0,0.0,1,0.3491937117196393,0.40573165,0.1416789359609538,0,0.0,1,0.3491937117196393,0,0.0,2,0.6983874234392787,3.75059101459384,1.309682797528351,1.0,0.3491937117196393,5.0,1.7459685585981968,0.0,0.0,10.0,3.491937117196393,,,False,False,True
28,2020-08-16,0.11952331,0.0417367886029751,0,0.0,0,0.0,0,0.0,1,0.3491937117196393,0.3732643,0.1303415501752169,0,0.0,1,0.3491937117196393,0,0.0,2,0.6983874234392787,3.432931505441666,1.1987580944644645,1.0,0.3491937117196393,4.0,1.3967748468785577,0.0,0.0,9.0,3.1427434054767542,,,False,False,True
29,2020-08-17,0.28155926,0.0983187192105106,0,0.0,0,0.0,0,0.0,2,0.6983874234392787,0.34390762,0.1200903852804913,0,0.0,0,0.0,0,0.0,2,0.6983874234392787,3.147003859847784,1.0989139586162795,1.0,0.3491937117196393,4.0,1.3967748468785577,0.0,0.0,9.0,3.1427434054767542,,,False,False,True
30,2020-08-18,0.40733966,0.1422404466211446,0,0.0,1,0.3491937117196393,0,0.0,2,0.6983874234392787,0.31732833,0.1108090600610012,0,0.0,0,0.0,0,0.0,2,0.6983874234392787,2.889292769297957,1.0089228663558694,1.0,0.3491937117196393,4.0,1.3967748468785577,0.0,0.0,9.0,3.1427434054767542,,,False,False,True
