,Unnamed: 0,Raw Prediction Mean,Raw Prediction Mean 100k,Raw Prediction Q25,Raw Prediction Q25 100k,Raw Prediction Q75,Raw Prediction Q75 100k,Raw Prediction Q5,Raw Prediction Q5 100k,Raw Prediction Q95,Raw Prediction Q95 100k,Trend Prediction Mean,Trend Prediction Mean 100k,Trend Prediction Q25,Trend Prediction Q25 100k,Trend Prediction Q75,Trend Prediction Q75 100k,Trend Prediction Q5,Trend Prediction Q5 100k,Trend Prediction Q95,Trend Prediction Q95 100k,Trend 7Day Prediction Mean,Trend 7Day Prediction Mean 100k,Trend 7Day Prediction Q25,Trend 7Day Prediction Q25 100k,Trend 7Day Prediction Q75,Trend 7Day Prediction Q75 100k,Trend 7Day Prediction Q5,Trend 7Day Prediction Q5 100k,Trend 7Day Prediction Q95,Trend 7Day Prediction Q95 100k,RKI Meldedaten,RKI 7Day Incidence,is_nowcast,is_high,is_prediction
0,2020-04-16,20.028196,11.164175521116704,8,4.4593833787633015,27,15.050418903326143,2,1.1148458446908254,49,27.313723194925224,15.304819,8.53125675348565,6,3.3445375340724763,20,11.148458446908254,2,1.1148458446908254,38,21.18207104912568,,,,,,,,,,,11.0,,False,False,False
1,2020-04-17,17.334013,9.662376396590844,7,3.901960456417889,23,12.820727213944494,2,1.1148458446908254,44,24.526608583198158,13.27031,7.397175068035722,6,3.3445375340724763,18,10.03361260221743,2,1.1148458446908254,33,18.39495643739862,,,,,,,,,,,13.0,,False,False,False
2,2020-04-18,10.712356,5.971312566543929,4,2.2296916893816507,15,8.361343835181192,1,0.5574229223454127,27,15.050418903326143,11.520416,6.4217441831715405,5,2.7871146117270635,16,8.918766757526603,1,0.5574229223454127,29,16.16526474801697,,,,,,,,,,,13.0,,False,False,False
3,2020-04-19,6.1480455,3.4270615287823603,2,1.1148458446908254,8,4.4593833787633015,0,0.0,16,8.918766757526603,10.013492,5.581749792327173,4,2.2296916893816507,14,7.803920912835778,1,0.5574229223454127,26,14.492995980980732,,,,,,,,,,,8.0,,False,False,False
4,2020-04-20,6.167015,3.437635677983053,3,1.6722687670362382,9,5.016806301108715,1,0.5574229223454127,17,9.476189679872016,8.714282,4.857540625380352,4,2.2296916893816507,12,6.689075068144953,1,0.5574229223454127,23,12.820727213944494,,,,,,,,,,,10.0,,False,False,False
5,2020-04-21,9.838202,5.484039502334781,4,2.2296916893816507,13,7.246497990490366,1,0.5574229223454127,23,12.820727213944494,7.592824,4.232413994031958,3,1.6722687670362382,10,5.574229223454127,1,0.5574229223454127,18,10.03361260221743,,,,,,,,,,,5.0,,False,False,False
6,2020-04-22,10.323167,5.754369703936391,4,2.2296916893816507,15,8.361343835181192,1,0.5574229223454127,27,15.050418903326143,6.623684,3.692193422466517,2,1.1148458446908254,9,5.016806301108715,0,0.0,17,9.476189679872016,73.03981724357605,40.71406837548903,51.0,28.42856903961605,87.0,48.495794244050906,31.0,17.280110592707793,130.0,72.46497990490366,6.0,66.0,False,False,False
7,2020-04-23,7.8338704,4.366779103293084,3,1.6722687670362382,11,6.1316521457995385,1,0.5574229223454127,20,11.148458446908254,5.7851825,3.2247931812889874,2,1.1148458446908254,8,4.4593833787633015,0,0.0,15,8.361343835181192,63.52019284057617,35.407611521138136,46.0,25.641454427888988,76.0,42.36414209825136,30.0,16.722687670362383,111.0,61.87394438034081,11.0,66.0,False,False,False
8,2020-04-24,5.1646624,2.878901250369381,2,1.1148458446908254,7,3.901960456417889,0,0.0,13,7.246497990490366,5.058885,2.819938526954502,2,1.1148458446908254,7,3.901960456417889,0,0.0,13,7.246497990490366,55.30875579643249,30.83036828733618,40.0,22.29691689381651,65.0,36.23248995245183,28.0,15.607841825671557,96.0,53.51260054515962,3.0,56.0,False,False,False
9,2020-04-25,3.0734327,1.713201891107019,1,0.5574229223454127,4,2.2296916893816507,0,0.0,8,4.4593833787633015,4.42904,2.468848470016382,2,1.1148458446908254,6,3.3445375340724763,0,0.0,12,6.689075068144953,48.21738368415833,26.87747492107356,35.0,19.50980228208945,56.0,31.215683651343117,23.0,12.820727213944494,83.0,46.26610255466925,2.0,45.0,False,False,False
10,2020-04-26,2.2291567,1.2425830391293855,1,0.5574229223454127,3,1.6722687670362382,0,0.0,7,3.901960456417889,3.88222,2.16403841477586,1,0.5574229223454127,6,3.3445375340724763,0,0.0,10,5.574229223454127,42.08611482810974,23.45976511764954,31.0,17.280110592707793,49.0,27.313723194925224,21.0,11.705881369253667,71.0,39.5770274865243,2.0,39.0,False,False,False
11,2020-04-27,2.5904353,1.4439679944189263,1,0.5574229223454127,4,2.2296916893816507,0,0.0,7,3.901960456417889,3.4069407,1.8991067918250335,1,0.5574229223454127,5,2.7871146117270635,0,0.0,9,5.016806301108715,36.778776412963865,20.50133302840285,26.0,14.492995980980732,44.0,24.526608583198158,17.0,9.476189679872016,61.0,34.002798263070176,6.0,35.0,False,False,False
12,2020-04-28,3.6902144,2.0570101696648635,1,0.5574229223454127,5,2.7871146117270635,0,0.0,10,5.574229223454127,2.9933677,1.668571712798439,1,0.5574229223454127,4,2.2296916893816507,0,0.0,8,4.4593833787633015,32.17931687450409,17.93748885126512,23.0,12.820727213944494,39.0,21.73949397147109,15.0,8.361343835181192,54.0,30.100837806652287,3.0,33.0,False,False,False
13,2020-04-29,3.9184022,2.184207187383436,2,1.1148458446908254,6,3.3445375340724763,0,0.0,11,6.1316521457995385,2.633084,1.4677413673780393,1,0.5574229223454127,4,2.2296916893816507,0,0.0,8,4.4593833787633015,28.188720195770266,15.713038788703413,20.0,11.148458446908254,34.0,18.952379359744032,13.0,7.246497990490366,48.0,26.75630027257981,2.0,29.0,False,False,False
14,2020-04-30,3.1532047,1.7576685422682203,1,0.5574229223454127,5,2.7871146117270635,0,0.0,9,5.016806301108715,2.3188717,1.2925922419526614,1,0.5574229223454127,4,2.2296916893816507,0,0.0,7,3.901960456417889,24.72240912628174,13.780837542590868,18.0,10.03361260221743,31.0,17.280110592707793,11.0,6.1316521457995385,43.0,23.969185660852744,6.0,24.0,False,False,False
15,2020-05-01,2.2258017,1.2407129361236002,1,0.5574229223454127,3,1.6722687670362382,0,0.0,7,3.901960456417889,2.0445356,1.1396709851396736,0,0.0,3,1.6722687670362382,0,0.0,6,3.3445375340724763,21.708061606407167,12.100571139097738,15.0,8.361343835181192,27.0,15.050418903326143,10.0,5.574229223454127,39.0,21.73949397147109,0.0,21.0,False,False,False
16,2020-05-02,1.2970518,0.7230064056784613,0,0.0,2,1.1148458446908254,0,0.0,4,2.2296916893816507,1.8047436,1.006005459203152,0,0.0,3,1.6722687670362382,0,0.0,5,2.7871146117270635,19.083764751434327,10.6377279170969,13.0,7.246497990490366,24.0,13.378150136289904,8.0,4.4593833787633015,35.0,19.50980228208945,2.0,21.0,False,False,False
17,2020-05-03,0.94045186,0.5242294264462544,0,0.0,1,0.5574229223454127,0,0.0,3,1.6722687670362382,1.5949177,0.8890436220099218,0,0.0,2,1.1148458446908254,0,0.0,5,2.7871146117270635,16.79646016740799,9.36273191157488,11.0,6.1316521457995385,21.0,11.705881369253667,7.0,3.901960456417889,32.0,17.837533515053206,1.0,20.0,False,False,False
18,2020-05-04,1.1207373,0.6247246801649453,0,0.0,2,1.1148458446908254,0,0.0,4,2.2296916893816507,1.4111058,0.786582677392289,0,0.0,2,1.1148458446908254,0,0.0,5,2.7871146117270635,14.800627138614654,8.250208832151404,10.0,5.574229223454127,19.0,10.59103552456284,6.0,3.3445375340724763,28.0,15.607841825671557,0.0,14.0,False,False,False
19,2020-05-05,1.630569,0.9089165359910112,0,0.0,2,1.1148458446908254,0,0.0,5,2.7871146117270635,1.2499087,0.6967277386138448,0,0.0,2,1.1148458446908254,0,0.0,4,2.2296916893816507,13.057169361591338,7.2783655030972305,8.0,4.4593833787633015,17.0,9.476189679872016,5.0,2.7871146117270635,26.0,14.492995980980732,0.0,11.0,False,False,False
20,2020-05-06,1.7536937,0.9775490980246104,0,0.0,2,1.1148458446908254,0,0.0,6,3.3445375340724763,1.108387,0.6178403054946102,0,0.0,2,1.1148458446908254,0,0.0,4,2.2296916893816507,11.532472113132476,6.428464307169282,7.0,3.901960456417889,15.0,8.361343835181192,4.0,2.2296916893816507,24.0,13.378150136289904,3.0,12.0,False,False,False
21,2020-05-07,1.4579599,0.8127002729452215,0,0.0,2,1.1148458446908254,0,0.0,5,2.7871146117270635,0.9840053,0.5485071142175002,0,0.0,2,1.1148458446908254,0,0.0,4,2.2296916893816507,10.19760425877571,5.684378366848783,6.0,3.3445375340724763,13.0,7.246497990490366,3.0,1.6722687670362382,22.0,12.263304291599075,1.0,7.0,True,False,False
22,2020-05-08,0.9652299,0.5380412858357886,0,0.0,1,0.5574229223454127,0,0.0,4,2.2296916893816507,0.8745697,0.4875052127317758,0,0.0,1,0.5574229223454127,0,0.0,4,2.2296916893816507,9.02763726234436,5.032211944650334,5.0,2.7871146117270635,12.0,6.689075068144953,2.0,1.1148458446908254,19.0,10.59103552456284,6.0,13.0,True,True,False
23,2020-05-09,0.63187426,0.3522211954987142,0,0.0,1,0.5574229223454127,0,0.0,3,1.6722687670362382,0.7781776,0.4337740392656997,0,0.0,1,0.5574229223454127,0,0.0,3,1.6722687670362382,8.001070269703865,4.459979971629328,4.0,2.2296916893816507,11.0,6.1316521457995385,2.0,1.1148458446908254,18.0,10.03361260221743,1.0,12.0,True,False,False
24,2020-05-10,0.44238666,0.2465964598741266,0,0.0,1,0.5574229223454127,0,0.0,2,1.1148458446908254,0.69318503,0.3863972324325004,0,0.0,1,0.5574229223454127,0,0.0,3,1.6722687670362382,7.099338268876076,3.9573338845555255,4.0,2.2296916893816507,10.0,5.574229223454127,1.0,0.5574229223454127,17.0,9.476189679872016,0.0,11.0,True,False,False
25,2020-05-11,0.4962169,0.2766026682365918,0,0.0,1,0.5574229223454127,0,0.0,2,1.1148458446908254,0.61816293,0.3445781885602628,0,0.0,1,0.5574229223454127,0,0.0,3,1.6722687670362382,6.306395285665989,3.5153292896012696,3.0,1.6722687670362382,9.0,5.016806301108715,1.0,0.5574229223454127,16.0,8.918766757526603,2.0,13.0,True,False,False
26,2020-05-12,0.6681312,0.3724316229636315,0,0.0,1,0.5574229223454127,0,0.0,3,1.6722687670362382,0.55187064,0.3076253506151261,0,0.0,1,0.5574229223454127,0,0.0,2,1.1148458446908254,5.608357957482338,3.126227282218954,3.0,1.6722687670362382,8.0,4.4593833787633015,1.0,0.5574229223454127,15.0,8.361343835181192,,,False,False,True
27,2020-05-13,0.6813441,0.3797968247454264,0,0.0,1,0.5574229223454127,0,0.0,3,1.6722687670362382,0.4932308,0.2749381565081421,0,0.0,1,0.5574229223454127,0,0.0,2,1.1148458446908254,4.993201502740384,2.783324973517051,2.0,1.1148458446908254,7.0,3.901960456417889,0.0,0.0,13.0,7.246497990490366,,,False,False,True
28,2020-05-14,0.5709344,0.318251932185376,0,0.0,1,0.5574229223454127,0,0.0,3,1.6722687670362382,0.44130462,0.2459933057252783,0,0.0,1,0.5574229223454127,0,0.0,2,1.1148458446908254,4.45050041487813,2.4808109471608386,2.0,1.1148458446908254,6.0,3.3445375340724763,0.0,0.0,12.0,6.689075068144953,,,False,False,True
29,2020-05-15,0.39349604,0.2193437012465438,0,0.0,1,0.5574229223454127,0,0.0,2,1.1148458446908254,0.39527535,0.2203355506935622,0,0.0,1,0.5574229223454127,0,0.0,2,1.1148458446908254,3.971206718176604,2.2136416540837383,2.0,1.1148458446908254,5.0,2.7871146117270635,0.0,0.0,11.0,6.1316521457995385,,,False,False,True
30,2020-05-16,0.23666887,0.1319246507591742,0,0.0,0,0.0,0,0.0,1,0.5574229223454127,0.35443044,0.197567646864627,0,0.0,1,0.5574229223454127,0,0.0,2,1.1148458446908254,3.547459506452084,1.977435244988536,1.0,0.5574229223454127,5.0,2.7871146117270635,0.0,0.0,10.0,5.574229223454127,,,False,False,True
