,Unnamed: 0,Raw Prediction Mean,Raw Prediction Mean 100k,Raw Prediction Q25,Raw Prediction Q25 100k,Raw Prediction Q75,Raw Prediction Q75 100k,Raw Prediction Q5,Raw Prediction Q5 100k,Raw Prediction Q95,Raw Prediction Q95 100k,Trend Prediction Mean,Trend Prediction Mean 100k,Trend Prediction Q25,Trend Prediction Q25 100k,Trend Prediction Q75,Trend Prediction Q75 100k,Trend Prediction Q5,Trend Prediction Q5 100k,Trend Prediction Q95,Trend Prediction Q95 100k,Trend 7Day Prediction Mean,Trend 7Day Prediction Mean 100k,Trend 7Day Prediction Q25,Trend 7Day Prediction Q25 100k,Trend 7Day Prediction Q75,Trend 7Day Prediction Q75 100k,Trend 7Day Prediction Q5,Trend 7Day Prediction Q5 100k,Trend 7Day Prediction Q95,Trend 7Day Prediction Q95 100k,RKI Meldedaten,RKI 7Day Incidence,is_nowcast,is_high,is_prediction
0,2020-04-16,21.002228,18.06907530408353,9,7.743067803463733,28,24.089544277442723,3,2.5810226011545776,54,46.45840682078239,16.375166,14.088224270381032,7,6.022386069360681,22,18.927499075133568,2,1.7206817341030518,41,35.27397554911256,,,,,,,,,,,21.0,,False,False,False
1,2020-04-17,18.097729,15.570216055493802,8,6.882726936412207,25,21.508521676288147,3,2.5810226011545776,46,39.57567988437019,14.051377,12.088974472135304,6,5.162045202309155,20,17.206817341030515,2,1.7206817341030518,36,30.97227121385493,,,,,,,,,,,7.0,,False,False,False
2,2020-04-18,11.116151,9.563678759150209,5,4.301704335257629,15,12.905113005772886,1,0.8603408670515259,28,24.089544277442723,12.072183,10.386192298028618,5,4.301704335257629,16,13.765453872824414,1,0.8603408670515259,30,25.81022601154577,,,,,,,,,,,6.0,,False,False,False
3,2020-04-19,6.985411,6.009834760334343,3,2.5810226011545776,9,7.743067803463733,1,0.8603408670515259,18,15.486135606927466,10.384458,8.934173092711717,4,3.441363468206104,14,12.044772138721362,1,0.8603408670515259,26,22.36886254333967,,,,,,,,,,,31.0,,False,True,False
4,2020-04-20,6.964103,5.991502621327527,3,2.5810226011545776,10,8.603408670515257,1,0.8603408670515259,18,15.486135606927466,8.943483,7.694444502703845,4,3.441363468206104,12,10.32409040461831,1,0.8603408670515259,24,20.64818080923662,,,,,,,,,,,0.0,,False,False,False
5,2020-04-21,9.319666,8.018089283723384,4,3.441363468206104,13,11.184431271669837,1,0.8603408670515259,24,20.64818080923662,7.7117352,6.634720921283588,3,2.5810226011545776,11,9.463749537566784,1,0.8603408670515259,19,16.346476473978992,,,,,,,,,,,2.0,,False,False,False
6,2020-04-22,10.340449,8.89631119207479,5,4.301704335257629,14,12.044772138721362,1,0.8603408670515259,27,23.2292034103912,6.65756,5.72777098568622,3,2.5810226011545776,9,7.743067803463733,0,0.0,17,14.62579473987594,76.1959438457489,65.55448439406098,55.0,47.31874768783392,90.0,77.43067803463732,36.0,30.97227121385493,130.0,111.84431271669835,11.0,78.0,False,False,False
7,2020-04-23,9.099011,7.828251546015963,4,3.441363468206104,12,10.32409040461831,1,0.8603408670515259,22,18.927499075133568,5.754311,4.950668881065212,2,1.7206817341030518,7,6.022386069360681,0,0.0,14,12.044772138721362,65.57509813117981,56.41693678316813,46.0,39.57567988437019,77.0,66.24624676296749,31.0,26.6705668785973,110.0,94.63749537566784,6.0,63.0,False,False,False
8,2020-04-24,6.05384,5.208366201259196,2,1.7206817341030518,8,6.882726936412207,0,0.0,16,13.765453872824414,4.9794602,4.284033275325783,2,1.7206817341030518,7,6.022386069360681,0,0.0,12,10.32409040461831,56.50318871498108,48.61200237022281,41.0,35.27397554911256,67.0,57.64283809245223,27.0,23.2292034103912,95.0,81.73238236989495,2.0,58.0,False,False,False
9,2020-04-25,3.208315,2.760244387900457,1,0.8603408670515259,5,4.301704335257629,0,0.0,9,7.743067803463733,4.3139896,3.711501631187275,2,1.7206817341030518,6,5.162045202309155,0,0.0,11,9.463749537566784,48.74499027061462,41.93730719383877,35.0,30.111930346803405,58.0,49.8997702889885,23.0,19.78783994218509,80.0,68.82726936412206,1.0,53.0,False,False,False
10,2020-04-26,2.3715878,2.040373874478973,1,0.8603408670515259,3,2.5810226011545776,0,0.0,7,6.022386069360681,3.7418108,3.2192328944802284,1,0.8603408670515259,5,4.301704335257629,0,0.0,10,8.603408670515257,42.10234976196289,36.22237209911376,30.0,25.81022601154577,50.0,43.017043352576295,20.0,17.206817341030515,70.0,60.22386069360681,4.0,26.0,False,False,False
11,2020-04-27,2.512697,2.161775955755729,1,0.8603408670515259,4,3.441363468206104,0,0.0,7,6.022386069360681,3.2492747,2.795483851514291,1,0.8603408670515259,4,3.441363468206104,0,0.0,9,7.743067803463733,36.40814041900635,31.323411095821623,26.0,22.36886254333967,43.0,36.99465728321561,17.0,14.62579473987594,61.0,52.48079289014308,0.0,26.0,False,False,False
12,2020-04-28,3.3356261,2.869775562430732,1,0.8603408670515259,5,4.301704335257629,0,0.0,9,7.743067803463733,2.8248248,2.430312270007562,1,0.8603408670515259,4,3.441363468206104,0,0.0,8,6.882726936412207,31.521231693267826,27.119003805518076,22.0,18.927499075133568,37.0,31.83261208090645,15.0,12.905113005772886,53.0,45.59806595373087,1.0,25.0,False,False,False
13,2020-04-29,3.5770988,3.077524161199108,1,0.8603408670515259,5,4.301704335257629,0,0.0,10,8.603408670515257,2.4586337,2.115262941515539,1,0.8603408670515259,3,2.5810226011545776,0,0.0,7,6.022386069360681,27.32230333137512,23.50649413796006,19.0,16.346476473978992,32.0,27.53090774564883,13.0,11.184431271669837,46.0,39.57567988437019,0.0,14.0,False,False,False
14,2020-04-30,3.0639868,2.636073077155743,1,0.8603408670515259,4,3.441363468206104,0,0.0,9,7.743067803463733,2.1423562,1.8431564967613667,1,0.8603408670515259,3,2.5810226011545776,0,0.0,6,5.162045202309155,23.71035173034668,20.398984565783103,17.0,14.62579473987594,28.0,24.089544277442723,10.0,8.603408670515257,42.0,36.13431641616408,6.0,14.0,False,False,False
15,2020-05-01,2.087237,1.795735261111986,1,0.8603408670515259,3,2.5810226011545776,0,0.0,6,5.162045202309155,1.8688874,1.6078802218544297,0,0.0,3,2.5810226011545776,0,0.0,6,5.162045202309155,20.59978034877777,17.72283288633845,14.0,12.044772138721362,25.0,21.508521676288147,8.0,6.882726936412207,37.0,31.83261208090645,7.0,19.0,False,True,False
16,2020-05-02,1.1346067,0.9761485671333504,0,0.0,2,1.7206817341030518,0,0.0,4,3.441363468206104,1.6321758,1.4042275324754885,0,0.0,2,1.7206817341030518,0,0.0,5,4.301704335257629,17.917962784767152,15.415555638043545,12.0,10.32409040461831,22.0,18.927499075133568,6.0,5.162045202309155,32.0,27.53090774564883,3.0,21.0,False,False,False
17,2020-05-03,0.83207625,0.7158691914810333,0,0.0,1,0.8603408670515259,0,0.0,3,2.5810226011545776,1.4270562,1.22775472846115,0,0.0,2,1.7206817341030518,0,0.0,5,4.301704335257629,15.60320791053772,13.424077422537248,10.0,8.603408670515257,19.0,16.346476473978992,5.0,4.301704335257629,29.0,24.94988514449425,0.0,17.0,False,False,False
18,2020-05-04,0.939686,0.8084502951533068,0,0.0,1,0.8603408670515259,0,0.0,3,2.5810226011545776,1.2491202,1.074669216905022,0,0.0,2,1.7206817341030518,0,0.0,4,3.441363468206104,13.60305220556259,11.70326172908089,9.0,7.743067803463733,18.0,15.486135606927466,4.0,3.441363468206104,26.0,22.36886254333967,1.0,18.0,False,False,False
19,2020-05-05,1.2946861,1.113871348934481,0,0.0,2,1.7206817341030518,0,0.0,4,3.441363468206104,1.0946021,0.941730922932038,0,0.0,2,1.7206817341030518,0,0.0,4,3.441363468206104,11.87282947254181,10.21468040276153,7.0,6.022386069360681,15.0,12.905113005772886,3.0,2.5810226011545776,23.0,19.78783994218509,0.0,17.0,False,False,False
20,2020-05-06,1.3667599,1.175879424408777,0,0.0,2,1.7206817341030518,0,0.0,5,4.301704335257629,0.96027315,0.8261622497229837,0,0.0,1,0.8603408670515259,0,0.0,4,3.441363468206104,10.374468834400178,8.925579512186882,6.0,5.162045202309155,13.0,11.184431271669837,3.0,2.5810226011545776,21.0,18.06715820808204,1.0,18.0,False,False,False
21,2020-05-07,1.1253345,0.9681712981546298,0,0.0,2,1.7206817341030518,0,0.0,4,3.441363468206104,0.84337413,0.7255892342072912,0,0.0,1,0.8603408670515259,0,0.0,3,2.5810226011545776,9.07548637008667,7.808011812554671,5.0,4.301704335257629,12.0,10.32409040461831,2.0,1.7206817341030518,19.0,16.346476473978992,3.0,15.0,True,False,False
22,2020-05-08,0.77504253,0.6668007699772716,0,0.0,1,0.8603408670515259,0,0.0,3,2.5810226011545776,0.7415351,0.6379729711625259,0,0.0,1,0.8603408670515259,0,0.0,3,2.5810226011545776,7.948133296132088,6.838103891435383,5.0,4.301704335257629,10.0,8.603408670515257,2.0,1.7206817341030518,17.0,14.62579473987594,0.0,8.0,True,False,False
23,2020-05-09,0.4653024,0.4003186859335983,0,0.0,1,0.8603408670515259,0,0.0,2,1.7206817341030518,0.65272295,0.5615642294287682,0,0.0,1,0.8603408670515259,0,0.0,3,2.5810226011545776,6.968680946946144,5.995441008101094,4.0,3.441363468206104,9.0,7.743067803463733,1.0,0.8603408670515259,15.0,12.905113005772886,1.0,6.0,True,False,False
24,2020-05-10,0.36839816,0.3169479896314442,0,0.0,0,0.0,0,0.0,2,1.7206817341030518,0.5751904,0.4948598416376626,0,0.0,1,0.8603408670515259,0,0.0,2,1.7206817341030518,6.116815858960152,5.2625466596923,3.0,2.5810226011545776,8.0,6.882726936412207,1.0,0.8603408670515259,13.0,11.184431271669837,0.0,6.0,True,False,False
25,2020-05-11,0.40701377,0.3501705805319943,0,0.0,1,0.8603408670515259,0,0.0,2,1.7206817341030518,0.5074344,0.4365665972727583,0,0.0,1,0.8603408670515259,0,0.0,2,1.7206817341030518,5.375130169153214,4.6244441502440905,3.0,2.5810226011545776,7.0,6.022386069360681,1.0,0.8603408670515259,12.0,10.32409040461831,0.0,5.0,True,False,False
26,2020-05-12,0.5393956,0.4640640327124856,0,0.0,1,0.8603408670515259,0,0.0,2,1.7206817341030518,0.44816115,0.3855713657685555,0,0.0,1,0.8603408670515259,0,0.0,2,1.7206817341030518,4.728690485417843,4.068285672242688,2.0,1.7206817341030518,6.0,5.162045202309155,0.0,0.0,11.0,9.463749537566784,,,False,False,True
27,2020-05-13,0.54415166,0.4681558948504971,0,0.0,1,0.8603408670515259,0,0.0,2,1.7206817341030518,0.3962544,0.3409138571441872,0,0.0,1,0.8603408670515259,0,0.0,2,1.7206817341030518,4.164672151684761,3.583037649965811,2.0,1.7206817341030518,5.0,4.301704335257629,0.0,0.0,10.0,8.603408670515257,,,False,False,True
28,2020-05-14,0.45160893,0.3885376372636528,0,0.0,1,0.8603408670515259,0,0.0,2,1.7206817341030518,0.35075223,0.301766476695775,0,0.0,1,0.8603408670515259,0,0.0,2,1.7206817341030518,3.6720505622029305,3.1592151645427125,1.0,0.8603408670515259,5.0,4.301704335257629,0.0,0.0,10.0,8.603408670515257,,,False,False,True
29,2020-05-15,0.3075128,0.2645658241817727,0,0.0,0,0.0,0,0.0,1,0.8603408670515259,0.31082308,0.2674137931535369,0,0.0,0,0.0,0,0.0,1,0.8603408670515259,3.24133879712224,2.788656231123898,1.0,0.8603408670515259,4.0,3.441363468206104,0.0,0.0,9.0,7.743067803463733,,,False,False,True
30,2020-05-16,0.18296094,0.1574087718836381,0,0.0,0,0.0,0,0.0,1,0.8603408670515259,0.2757489,0.2372380549786612,0,0.0,0,0.0,0,0.0,2,1.7206817341030518,2.8643645814359187,2.464329907544259,1.0,0.8603408670515259,4.0,3.441363468206104,0.0,0.0,8.0,6.882726936412207,,,False,False,True
