,Unnamed: 0,Raw Prediction Mean,Raw Prediction Mean 100k,Raw Prediction Q25,Raw Prediction Q25 100k,Raw Prediction Q75,Raw Prediction Q75 100k,Raw Prediction Q5,Raw Prediction Q5 100k,Raw Prediction Q95,Raw Prediction Q95 100k,Trend Prediction Mean,Trend Prediction Mean 100k,Trend Prediction Q25,Trend Prediction Q25 100k,Trend Prediction Q75,Trend Prediction Q75 100k,Trend Prediction Q5,Trend Prediction Q5 100k,Trend Prediction Q95,Trend Prediction Q95 100k,Trend 7Day Prediction Mean,Trend 7Day Prediction Mean 100k,Trend 7Day Prediction Q25,Trend 7Day Prediction Q25 100k,Trend 7Day Prediction Q75,Trend 7Day Prediction Q75 100k,Trend 7Day Prediction Q5,Trend 7Day Prediction Q5 100k,Trend 7Day Prediction Q95,Trend 7Day Prediction Q95 100k,RKI Meldedaten,RKI 7Day Incidence,is_nowcast,is_high,is_prediction
0,2020-04-16,3.0411048,1.848381361924112,1,0.607799280365652,4,2.431197121462608,0,0.0,10,6.077992803656521,2.291068,1.3925095117883757,1,0.607799280365652,3,1.823397841096956,0,0.0,7,4.2545949625595645,,,,,,,,,,,5.0,,False,False,False
1,2020-04-17,2.6681755,1.6217150914599188,1,0.607799280365652,4,2.431197121462608,0,0.0,8,4.862394242925216,2.385807,1.450091804144904,1,0.607799280365652,3,1.823397841096956,0,0.0,7,4.2545949625595645,,,,,,,,,,,3.0,,False,False,False
2,2020-04-18,2.0063334,1.2194479495519772,1,0.607799280365652,3,1.823397841096956,0,0.0,7,4.2545949625595645,2.4869006,1.5115363567019813,1,0.607799280365652,4,2.431197121462608,0,0.0,7,4.2545949625595645,,,,,,,,,,,1.0,,False,False,False
3,2020-04-19,1.7369971,1.0557456334936433,0,0.0,3,1.823397841096956,0,0.0,6,3.646795682193913,2.594812,1.5771247490192764,1,0.607799280365652,4,2.431197121462608,0,0.0,7,4.2545949625595645,,,,,,,,,,,2.0,,False,False,False
4,2020-04-20,2.1448507,1.3036386917519849,1,0.607799280365652,3,1.823397841096956,0,0.0,7,4.2545949625595645,2.7100549,1.6471694834763184,1,0.607799280365652,4,2.431197121462608,0,0.0,8,4.862394242925216,,,,,,,,,,,0.0,,False,False,False
5,2020-04-21,3.5966556,2.1860447304788977,1,0.607799280365652,5,3.0389964018282605,0,0.0,9,5.4701935232908685,2.833169,1.721998160064686,1,0.607799280365652,4,2.431197121462608,0,0.0,8,4.862394242925216,,,,,,,,,,,2.0,,False,False,False
6,2020-04-22,4.5265703,2.751246211118996,2,1.215598560731304,6,3.646795682193913,0,0.0,11,6.6857920840221725,2.9647653,1.8019822164205836,1,0.607799280365652,4,2.431197121462608,0,0.0,8,4.862394242925216,18.266583639621736,11.102416390901086,12.0,7.293591364387825,23.0,13.979383448409996,7.0,4.2545949625595645,34.0,20.66517553243217,1.0,14.0,False,False,False
7,2020-04-23,4.4563885,2.7085896363132638,2,1.215598560731304,6,3.646795682193913,0,0.0,12,7.293591364387825,3.1054883,1.8875136447604743,1,0.607799280365652,4,2.431197121462608,0,0.0,9,5.4701935232908685,19.08100130939484,11.597418864506244,13.0,7.901390644753477,24.0,14.58718272877565,8.0,4.862394242925216,34.0,20.66517553243217,2.0,11.0,False,False,False
8,2020-04-24,3.5514586,2.1585739887086675,1,0.607799280365652,5,3.0389964018282605,0,0.0,10,6.077992803656521,3.2560418,1.9790199075941928,1,0.607799280365652,5,3.0389964018282605,0,0.0,10,6.077992803656521,19.95123590278625,12.126346824118846,14.0,8.509189925119129,25.0,15.1949820091413,8.0,4.862394242925216,37.0,22.488573373529125,6.0,14.0,False,False,False
9,2020-04-25,2.5275097,1.5362185877165755,1,0.607799280365652,4,2.431197121462608,0,0.0,7,4.2545949625595645,3.417203,2.0769735783687797,1,0.607799280365652,5,3.0389964018282605,0,0.0,10,6.077992803656521,20.881538623809814,12.691784148479172,15.0,9.11698920548478,26.0,15.802781289506957,9.0,5.4701935232908685,37.0,22.488573373529125,4.0,17.0,False,False,False
10,2020-04-26,2.2785988,1.384930692438502,1,0.607799280365652,3,1.823397841096956,0,0.0,7,4.2545949625595645,3.5898101,2.181883974117227,1,0.607799280365652,5,3.0389964018282605,0,0.0,10,6.077992803656521,21.876534445762637,13.296541893028929,16.0,9.724788485850432,27.0,16.410580569872604,10.0,6.077992803656521,39.0,23.70417193426043,4.0,19.0,False,False,False
11,2020-04-27,2.9497554,1.7928592569660395,1,0.607799280365652,4,2.431197121462608,0,0.0,8,4.862394242925216,3.774778,2.29430734179914,1,0.607799280365652,5,3.0389964018282605,0,0.0,10,6.077992803656521,22.941258273124696,13.943680269087752,16.0,9.724788485850432,28.0,17.018379850238258,10.0,6.077992803656521,39.0,23.70417193426043,2.0,21.0,False,False,False
12,2020-04-28,5.016403,3.048966209462378,2,1.215598560731304,7,4.2545949625595645,0,0.0,13,7.901390644753477,3.9731069,2.414851405774243,1,0.607799280365652,6,3.646795682193913,0,0.0,11,6.6857920840221725,24.08119367790222,14.63653218777486,18.0,10.940387046581735,29.0,17.62617913060391,12.0,7.293591364387825,42.0,25.527569775357385,17.0,36.0,False,True,False
13,2020-04-29,6.3959107,3.887429920723662,3,1.823397841096956,9,5.4701935232908685,0,0.0,16,9.724788485850432,4.1858892,2.5441804609727114,2,1.215598560731304,6,3.646795682193913,0,0.0,11,6.6857920840221725,25.30231717205048,15.37873016875576,19.0,11.54818632694739,31.0,18.841777691335214,12.0,7.293591364387825,44.0,26.74316833608869,2.0,37.0,False,False,False
14,2020-04-30,6.218343,3.779504186240956,2,1.215598560731304,9,5.4701935232908685,0,0.0,17,10.332587766216085,4.4143157,2.683017919480335,2,1.215598560731304,6,3.646795682193913,0,0.0,11,6.6857920840221725,26.611146690368653,16.17423580811087,19.0,11.54818632694739,32.0,19.449576971700864,13.0,7.901390644753477,45.0,27.35096761645434,3.0,38.0,False,False,False
15,2020-05-01,4.9138846,2.9866556360502727,2,1.215598560731304,7,4.2545949625595645,0,0.0,14,8.509189925119129,4.6596894,2.832155951182358,2,1.215598560731304,7,4.2545949625595645,0,0.0,13,7.901390644753477,28.014794488906865,17.027371929949226,20.0,12.155985607313042,34.0,20.66517553243217,13.0,7.901390644753477,47.0,28.56656617718565,6.0,38.0,False,False,False
16,2020-05-02,3.3934247,2.0625211618607864,1,0.607799280365652,5,3.0389964018282605,0,0.0,10,6.077992803656521,4.92343,2.992457120853942,2,1.215598560731304,6,3.646795682193913,0,0.0,12,7.293591364387825,29.521026260375976,17.942858516712036,21.0,12.763784887678693,36.0,21.880774093163478,14.0,8.509189925119129,48.0,29.1743654575513,0.0,34.0,False,False,False
17,2020-05-03,3.1547549,1.917457666422706,1,0.607799280365652,5,3.0389964018282605,0,0.0,9,5.4701935232908685,5.20711,3.1648774893255904,2,1.215598560731304,7,4.2545949625595645,0,0.0,15,9.11698920548478,31.13832684898377,18.9258526506028,22.0,13.371584168044343,38.0,23.09637265389478,14.0,8.509189925119129,52.0,31.60556257901391,0.0,30.0,False,False,False
18,2020-05-04,4.398161,2.6731990146799944,2,1.215598560731304,6,3.646795682193913,0,0.0,13,7.901390644753477,5.5124226,3.35044642270077,2,1.215598560731304,8,4.862394242925216,0,0.0,15,9.11698920548478,32.87597185516358,19.981992034889853,24.0,14.58718272877565,40.0,24.311971214626084,15.0,9.11698920548478,57.0,34.64455898084217,0.0,28.0,False,False,False
19,2020-05-05,7.4848065,4.549260120256804,3,1.823397841096956,10,6.077992803656521,0,0.0,19,11.54818632694739,5.8412476,3.550306064425968,2,1.215598560731304,8,4.862394242925216,0,0.0,15,9.11698920548478,34.74411024475098,21.117445203704523,24.0,14.58718272877565,41.0,24.91977049499173,16.0,9.724788485850432,61.0,37.07575610230478,24.0,35.0,False,True,False
20,2020-05-06,9.258702,5.627432619803585,4,2.431197121462608,13,7.901390644753477,1,0.607799280365652,24,14.58718272877565,6.1956325,3.765700967051089,2,1.215598560731304,9,5.4701935232908685,0,0.0,17,10.332587766216085,36.75385126590729,22.33896435008466,26.0,15.802781289506957,44.0,26.74316833608869,17.0,10.332587766216085,66.0,40.11475250413304,1.0,34.0,False,False,False
21,2020-05-07,9.217125,5.602161763818003,4,2.431197121462608,12,7.293591364387825,1,0.607799280365652,25,15.1949820091413,6.577824,3.997996827820316,2,1.215598560731304,9,5.4701935232908685,0,0.0,18,10.940387046581735,38.91736429309845,23.653946011073163,26.0,15.802781289506957,47.0,28.56656617718565,17.0,10.332587766216085,70.0,42.54594962559564,1.0,32.0,True,False,False
22,2020-05-08,7.430998,4.51655505457893,3,1.823397841096956,10,6.077992803656521,0,0.0,21,12.763784887678693,6.9903145,4.248708137311041,3,1.823397841096956,10,6.077992803656521,0,0.0,19,11.54818632694739,41.24799010944366,25.07049870504939,28.0,17.018379850238258,50.0,30.3899640182826,17.0,10.332587766216085,76.0,46.19274530778956,0.0,26.0,True,False,False
23,2020-05-09,5.2422886,3.1862593459663917,2,1.215598560731304,7,4.2545949625595645,0,0.0,16,9.724788485850432,7.435803,4.519475623965263,3,1.823397841096956,9,5.4701935232908685,1,0.607799280365652,18,10.940387046581735,43.76036073684693,26.597515764396896,29.0,17.62617913060391,52.0,31.60556257901391,17.0,10.332587766216085,81.0,49.231741709617815,0.0,26.0,True,False,False
24,2020-05-10,4.7992854,2.9170021662139334,2,1.215598560731304,6,3.646795682193913,0,0.0,14,8.509189925119129,7.9172883,4.812122278963216,3,1.823397841096956,10,6.077992803656521,1,0.607799280365652,22,13.371584168044343,46.47053886032104,28.244760077507195,30.0,18.23397841096956,56.0,34.03675970047652,18.0,10.940387046581735,86.0,52.27073811144608,0.0,26.0,True,False,False
25,2020-05-11,6.6119537,4.018740582978353,2,1.215598560731304,9,5.4701935232908685,0,0.0,21,12.763784887678693,8.438052,5.128642078489065,3,1.823397841096956,11,6.6857920840221725,1,0.607799280365652,24,14.58718272877565,49.396166093826295,30.02295420464985,31.0,18.841777691335214,59.0,35.86015754157347,19.0,11.54818632694739,95.0,57.74093163473695,2.0,28.0,True,False,False
26,2020-05-12,11.090742,6.740944809280336,4,2.431197121462608,15,9.11698920548478,1,0.607799280365652,29,17.62617913060391,9.001724,5.471241456689313,3,1.823397841096956,12,7.293591364387825,0,0.0,26,15.802781289506957,52.55663271141052,31.94388354043721,31.0,18.841777691335214,63.0,38.29135466303608,19.0,11.54818632694739,109.0,66.25012155985607,,,False,False,True
27,2020-05-13,13.52848,8.222600445151329,4,2.431197121462608,17,10.332587766216085,1,0.607799280365652,37,22.488573373529125,9.612264,5.8423269365448505,3,1.823397841096956,13,7.901390644753477,1,0.607799280365652,28,17.018379850238258,55.97326875972748,34.02051247187559,33.0,20.05737625206652,68.0,41.33035106486434,20.0,12.155985607313042,120.0,72.93591364387824,,,False,False,True
28,2020-05-14,13.569117,8.247299410868436,4,2.431197121462608,18,10.940387046581735,1,0.607799280365652,36,21.880774093163478,10.274106,6.244594260351732,4,2.431197121462608,14,8.509189925119129,1,0.607799280365652,29,17.62617913060391,59.66954806995392,36.26710837666168,35.0,21.27297481279782,75.0,45.584946027423904,19.0,11.54818632694739,126.0,76.58270932607216,,,False,False,True
29,2020-05-15,11.140179,6.770992331439629,3,1.823397841096956,15,9.11698920548478,1,0.607799280365652,31,18.841777691335214,10.992098,6.680989463347942,4,2.431197121462608,14,8.509189925119129,1,0.607799280365652,33,20.05737625206652,63.67132727241516,38.69938689609985,35.0,21.27297481279782,80.0,48.62394242925217,19.0,11.54818632694739,142.0,86.30749781192259,,,False,False,True
30,2020-05-16,8.005355,4.865648952545598,2,1.215598560731304,11,6.6857920840221725,0,0.0,25,15.1949820091413,11.771589,7.154763443395495,4,2.431197121462608,15,9.11698920548478,1,0.607799280365652,37,22.488573373529125,68.00710276317596,41.3346681192113,38.0,23.09637265389478,85.0,51.66293883108042,20.0,12.155985607313042,158.0,96.032286297773,,,False,False,True
