,Unnamed: 0,Raw Prediction Mean,Raw Prediction Mean 100k,Raw Prediction Q25,Raw Prediction Q25 100k,Raw Prediction Q75,Raw Prediction Q75 100k,Raw Prediction Q5,Raw Prediction Q5 100k,Raw Prediction Q95,Raw Prediction Q95 100k,Trend Prediction Mean,Trend Prediction Mean 100k,Trend Prediction Q25,Trend Prediction Q25 100k,Trend Prediction Q75,Trend Prediction Q75 100k,Trend Prediction Q5,Trend Prediction Q5 100k,Trend Prediction Q95,Trend Prediction Q95 100k,Trend 7Day Prediction Mean,Trend 7Day Prediction Mean 100k,Trend 7Day Prediction Q25,Trend 7Day Prediction Q25 100k,Trend 7Day Prediction Q75,Trend 7Day Prediction Q75 100k,Trend 7Day Prediction Q5,Trend 7Day Prediction Q5 100k,Trend 7Day Prediction Q95,Trend 7Day Prediction Q95 100k,RKI Meldedaten,RKI 7Day Incidence,is_nowcast,is_high,is_prediction
0,2020-09-08,0.09775427,0.0361546682370317,0,0.0,0,0.0,0,0.0,1,0.3698525767629023,0.10360342,0.0383179923346688,0,0.0,0,0.0,0,0.0,1,0.3698525767629023,,,,,,,,,,,0.0,,False,False,False
1,2020-09-09,0.14196381,0.0525056805145141,0,0.0,0,0.0,0,0.0,1,0.3698525767629023,0.11922386,0.0440952533153904,0,0.0,0,0.0,0,0.0,1,0.3698525767629023,,,,,,,,,,,0.0,,False,False,False
2,2020-09-10,0.18752675,0.0693572530963138,0,0.0,0,0.0,0,0.0,1,0.3698525767629023,0.13763547,0.0509048334151884,0,0.0,0,0.0,0,0.0,1,0.3698525767629023,,,,,,,,,,,0.0,,False,False,False
3,2020-09-11,0.1731559,0.064042154690469,0,0.0,0,0.0,0,0.0,1,0.3698525767629023,0.15940769,0.058957346027455,0,0.0,0,0.0,0,0.0,1,0.3698525767629023,,,,,,,,,,,0.0,,False,False,False
4,2020-09-12,0.12543339,0.0463918610194014,0,0.0,0,0.0,0,0.0,1,0.3698525767629023,0.18523914,0.0685111729126219,0,0.0,0,0.0,0,0.0,1,0.3698525767629023,,,,,,,,,,,0.0,,False,False,False
5,2020-09-13,0.10134854,0.0374840197991943,0,0.0,0,0.0,0,0.0,1,0.3698525767629023,0.21599203,0.0798852113348402,0,0.0,0,0.0,0,0.0,1,0.3698525767629023,,,,,,,,,,,0.0,,False,False,False
6,2020-09-14,0.22701424,0.0839618053305457,0,0.0,0,0.0,0,0.0,1,0.3698525767629023,0.2527333,0.0934740569391578,0,0.0,0,0.0,0,0.0,1,0.3698525767629023,1.1738346302825955,0.4341457627035468,0.0,0.0,2.0,0.7397051535258046,0.0,0.0,4.0,1.4794103070516091,0.0,0.0,False,False,False
7,2020-09-15,0.31059813,0.1148755245594657,0,0.0,0,0.0,0,0.0,2,0.7397051535258046,0.2967896,0.109768393485865,0,0.0,1,0.3698525767629023,0,0.0,2,0.7397051535258046,1.367020694013685,0.5055961261691725,0.0,0.0,2.0,0.7397051535258046,0.0,0.0,4.0,1.4794103070516091,1.0,1.0,False,False,False
8,2020-09-16,0.43828285,0.162100036504853,0,0.0,1,0.3698525767629023,0,0.0,2,0.7397051535258046,0.34981668,0.1293806008106912,0,0.0,1,0.3698525767629023,0,0.0,2,0.7397051535258046,1.5976138278692962,0.590881590909503,0.0,0.0,2.0,0.7397051535258046,0.0,0.0,4.0,1.4794103070516091,0.0,1.0,False,False,False
9,2020-09-17,0.59621906,0.2205131522714509,0,0.0,1,0.3698525767629023,0,0.0,3,1.109557730288707,0.41389164,0.1530788949821726,0,0.0,1,0.3698525767629023,0,0.0,2,0.7397051535258046,1.87386993984133,0.6930556257688607,1.0,0.3698525767629023,3.0,1.109557730288707,0.0,0.0,6.0,2.219115460577414,0.0,1.0,False,False,False
10,2020-09-18,0.5776791,0.2136561079169041,0,0.0,1,0.3698525767629023,0,0.0,2,0.7397051535258046,0.4916293,0.1818303644540719,0,0.0,1,0.3698525767629023,0,0.0,2,0.7397051535258046,2.2060912085324524,0.8159285180497128,1.0,0.3698525767629023,3.0,1.109557730288707,0.0,0.0,6.0,2.219115460577414,2.0,3.0,False,False,False
11,2020-09-19,0.40467343,0.1496695062996877,0,0.0,1,0.3698525767629023,0,0.0,2,0.7397051535258046,0.58633834,0.2168587570849922,0,0.0,1,0.3698525767629023,0,0.0,3,1.109557730288707,2.607190111488104,0.9642759808446336,1.0,0.3698525767629023,4.0,1.4794103070516091,0.0,0.0,6.0,2.219115460577414,0.0,3.0,False,False,False
12,2020-09-20,0.34282172,0.126793497656763,0,0.0,1,0.3698525767629023,0,0.0,2,0.7397051535258046,0.7022269,0.2597204229459748,0,0.0,1,0.3698525767629023,0,0.0,3,1.109557730288707,3.0934254199266435,1.1441113625837322,1.0,0.3698525767629023,4.0,1.4794103070516091,0.0,0.0,7.0,2.588968037340316,0.0,3.0,False,False,False
13,2020-09-21,0.80181164,0.2965520934594678,0,0.0,1,0.3698525767629023,0,0.0,3,1.109557730288707,0.84467506,0.3124052454950288,0,0.0,1,0.3698525767629023,0,0.0,3,1.109557730288707,3.685367388367653,1.363042624905744,2.0,0.7397051535258046,5.0,1.8492628838145115,0.0,0.0,9.0,3.328673190866121,0.0,3.0,False,False,False
14,2020-09-22,1.132333,0.4187962986179627,0,0.0,2,0.7397051535258046,0,0.0,4,1.4794103070516091,1.0205939,0.3774692686420167,0,0.0,1,0.3698525767629023,0,0.0,3,1.109557730288707,4.409171550393104,1.6307434593025705,2.0,0.7397051535258046,6.0,2.219115460577414,1.0,0.3698525767629023,9.0,3.328673190866121,3.0,5.0,False,False,False
15,2020-09-23,1.6422682,0.6073971235309727,0,0.0,3,1.109557730288707,0,0.0,6,2.219115460577414,1.2389123,0.4582149358611787,0,0.0,2,0.7397051535258046,0,0.0,4,1.4794103070516091,5.298267343163491,1.9595778292477533,3.0,1.109557730288707,7.0,2.588968037340316,1.0,0.3698525767629023,11.0,4.068378344391926,1.0,6.0,False,False,False
16,2020-09-24,2.2345202,0.826443010737421,1,0.3698525767629023,4,1.4794103070516091,0,0.0,7,2.588968037340316,1.5112371,0.5589349711954128,0,0.0,2,0.7397051535258046,0,0.0,5,1.8492628838145115,6.395612860441208,2.365433896412137,4.0,1.4794103070516091,8.0,2.9588206141032183,1.0,0.3698525767629023,13.0,4.80808349791773,3.0,9.0,False,False,False
17,2020-09-25,2.2640162,0.8373522177862469,0,0.0,3,1.109557730288707,0,0.0,7,2.588968037340316,1.8527367,0.6852394562884001,0,0.0,3,1.109557730288707,0,0.0,6,2.219115460577414,7.756722270727158,2.8688437190626304,5.0,1.8492628838145115,10.0,3.698525767629023,2.0,0.7397051535258046,16.0,5.917641228206437,6.0,13.0,False,False,False
18,2020-09-26,1.686579,0.6237855814106297,0,0.0,2,0.7397051535258046,0,0.0,6,2.219115460577414,2.2833734,0.8445114872301929,1,0.3698525767629023,3,1.109557730288707,0,0.0,7,2.588968037340316,9.453757093429566,3.4964964210954905,6.0,2.219115460577414,12.0,4.438230921154828,3.0,1.109557730288707,19.0,7.027198958495144,1.0,14.0,False,False,False
19,2020-09-27,1.4479759,0.5355376288207481,0,0.0,2,0.7397051535258046,0,0.0,5,1.8492628838145115,2.82957,1.0465238119650166,1,0.3698525767629023,4,1.4794103070516091,0,0.0,9,3.328673190866121,11.58109497308731,4.283297817532237,7.0,2.588968037340316,15.0,5.547788651443534,3.0,1.109557730288707,24.0,8.876461842309656,0.0,14.0,False,False,False
20,2020-09-28,3.4759798,1.2856000466854312,1,0.3698525767629023,5,1.8492628838145115,0,0.0,11,4.068378344391926,3.5265322,1.304296984017128,1,0.3698525767629023,5,1.8492628838145115,0,0.0,11,4.068378344391926,14.262952844142914,5.275189861654023,8.0,2.9588206141032183,18.0,6.657346381732242,4.0,1.4794103070516091,30.0,11.095577302887069,0.0,14.0,False,False,False
21,2020-09-29,5.061258,1.871919266704936,1,0.3698525767629023,7,2.588968037340316,0,0.0,17,6.287493804969339,4.4215407,1.635318221815396,1,0.3698525767629023,6,2.219115460577414,0,0.0,15,5.547788651443534,17.663901356220244,6.533039432283783,10.0,3.698525767629023,23.0,8.506609265546754,5.0,1.8492628838145115,40.0,14.794103070516092,5.0,16.0,True,False,False
22,2020-09-30,7.900513,2.922025123552885,2,0.7397051535258046,10,3.698525767629023,0,0.0,27,9.986019572598362,5.578486,2.063217471004464,2,0.7397051535258046,8,2.9588206141032183,0,0.0,18,6.657346381732242,22.00347418498993,8.138041625054527,12.0,4.438230921154828,28.0,10.355872149361264,6.0,2.219115460577414,53.0,19.602186568433822,4.0,19.0,True,False,False
23,2020-10-01,11.126034,4.114992407266982,3,1.109557730288707,14,5.177936074680632,1,0.3698525767629023,38,14.054397916990288,7.084347,2.62016383203445,2,0.7397051535258046,9,3.328673190866121,0,0.0,24,8.876461842309656,27.576584933042525,10.199270995806804,15.0,5.547788651443534,35.0,12.94484018670158,8.0,2.9588206141032183,70.0,25.889680373403163,1.0,17.0,True,False,False
24,2020-10-02,10.803622,3.995747465523891,3,1.109557730288707,13,4.80808349791773,0,0.0,41,15.163955647278996,9.058459,3.3502943551866338,2,0.7397051535258046,10,3.698525767629023,0,0.0,30,11.095577302887069,34.78231201839447,12.86432772577446,17.0,6.287493804969339,42.0,15.533808224041897,9.0,3.328673190866121,93.0,34.39628963894992,1.0,12.0,True,False,False
25,2020-10-03,8.4217415,3.1148028938332573,2,0.7397051535258046,10,3.698525767629023,0,0.0,29,10.725724726124168,11.665749,4.314607213018462,3,1.109557730288707,13,4.80808349791773,0,0.0,37,13.684545340227386,44.16469967150688,16.334427975466525,20.0,7.397051535258046,53.0,19.602186568433822,10.0,3.698525767629023,116.0,42.902898904496666,1.0,12.0,True,False,False
26,2020-10-04,7.828496,2.8953894798178226,2,0.7397051535258046,9,3.328673190866121,0,0.0,29,10.725724726124168,15.135953,5.598071220447309,3,1.109557730288707,17,6.287493804969339,1,0.3698525767629023,53,19.602186568433822,56.47108715629577,20.88597709735843,23.0,8.506609265546754,68.0,25.149975219877355,11.0,4.068378344391926,155.0,57.32714939824986,,,False,False,True
27,2020-10-05,19.82978,7.334095425903797,4,1.4794103070516091,21,7.766904112020948,1,0.3698525767629023,68,25.149975219877355,19.791454,7.319920405279845,4,1.4794103070516091,21,7.766904112020948,1,0.3698525767629023,71,26.25953295016606,72.73601541638374,26.90160272521571,27.0,9.986019572598362,86.0,31.8073216016096,13.0,4.80808349791773,210.0,77.66904112020949,,,False,False,True
28,2020-10-06,30.3225,11.214854748686776,5,1.8492628838145115,31,11.465429879649973,1,0.3698525767629023,114,42.16319375097086,26.088238,9.648801642470062,4,1.4794103070516091,26,9.61616699583546,1,0.3698525767629023,92,34.026437062187014,94.40272556877136,34.91509130505121,31.0,11.465429879649973,108.0,39.94407829039345,15.0,5.547788651443534,289.0,106.88739468447876,,,False,False,True
29,2020-10-07,48.79863,18.048299534711987,8,2.9588206141032183,43,15.9036608008048,2,0.7397051535258046,173,63.9844957799821,34.6762,12.82508164877072,5,1.8492628838145115,33,12.205135033175775,1,0.3698525767629023,116,42.902898904496666,123.50042393541337,45.67695002382345,36.0,13.314692763464484,133.0,49.19039270946601,16.0,5.917641228206437,397.0,146.8314729748722,,,False,False,True
30,2020-10-08,74.79493,27.663097716867924,11,4.068378344391926,61,22.561007182537043,2,0.7397051535258046,277,102.44916376332394,46.488255,17.193800886161625,6,2.219115460577414,40,14.794103070516092,1,0.3698525767629023,165,61.02567516587888,162.90432195425035,60.25058324059293,42.0,15.533808224041897,163.0,60.28597001235308,18.0,6.657346381732242,514.0,190.1042244561318,,,False,False,True
