,Raw Prediction Mean,Raw Prediction Mean 100k,Raw Prediction Q25,Raw Prediction Q25 100k,Raw Prediction Q75,Raw Prediction Q75 100k,Raw Prediction Q5,Raw Prediction Q5 100k,Raw Prediction Q95,Raw Prediction Q95 100k,Trend Prediction Mean,Trend Prediction Mean 100k,Trend Prediction Q25,Trend Prediction Q25 100k,Trend Prediction Q75,Trend Prediction Q75 100k,Trend Prediction Q5,Trend Prediction Q5 100k,Trend Prediction Q95,Trend Prediction Q95 100k,Trend 7Day Prediction Mean,Trend 7Day Prediction Mean 100k,Trend 7Day Prediction Q25,Trend 7Day Prediction Q25 100k,Trend 7Day Prediction Q75,Trend 7Day Prediction Q75 100k,Trend 7Day Prediction Q5,Trend 7Day Prediction Q5 100k,Trend 7Day Prediction Q95,Trend 7Day Prediction Q95 100k,RKI Meldedaten,RKI 7Day Incidence,is_nowcast,is_high,is_prediction
2021-07-10,1.7240624,0.6445020972023485,0,0.0,3,1.1214827497261715,0,0.0,5,1.8691379162102857,2.2769694,0.8511939995514695,1,0.3738275832420571,3,1.1214827497261715,0,0.0,6,2.242965499452343,,,,,,,,,,,1.0,,False,False,False
2021-07-11,1.0181688,0.38061957639001776,0,0.0,2,0.7476551664841142,0,0.0,3,1.1214827497261715,2.4569666,0.9184818736684974,1,0.3738275832420571,4,1.4953103329682285,0,0.0,7,2.6167930826943997,,,,,,,,,,,1.0,,False,False,False
2021-07-12,1.9168214,0.7165606803027913,1,0.3738275832420571,3,1.1214827497261715,0,0.0,6,2.242965499452343,2.6528811,0.9917201168718748,1,0.3738275832420571,4,1.4953103329682285,0,0.0,7,2.6167930826943997,,,,,,,,,,,2.0,,False,False,False
2021-07-13,4.047505,1.5130689462239388,2,0.7476551664841142,5,1.8691379162102857,0,0.0,10,3.7382758324205714,2.866239,1.0714792551880237,1,0.3738275832420571,4,1.4953103329682285,0,0.0,8,2.990620665936457,,,,,,,,,,,4.0,,False,False,False
2021-07-14,5.40248,2.01959610421909,2,0.7476551664841142,7,2.6167930826943997,1,0.3738275832420571,13,4.859758582146743,3.0987382,1.158393843070371,1,0.3738275832420571,4,1.4953103329682285,0,0.0,8,2.990620665936457,,,,,,,,,,,3.0,,False,False,False
2021-07-15,4.8441896,1.810891626519151,2,0.7476551664841142,7,2.6167930826943997,0,0.0,12,4.485930998904686,3.3522282,1.253155369340675,1,0.3738275832420571,5,1.8691379162102857,0,0.0,8,2.990620665936457,,,,,,,,,,,4.0,,False,False,False
2021-07-16,4.7338724,1.7696520444587804,2,0.7476551664841142,7,2.6167930826943997,1,0.3738275832420571,11,4.112103415662628,3.6287787,1.3565375411417335,1,0.3738275832420571,5,1.8691379162102857,0,0.0,9,3.3644482491785137,20.332799733161927,7.600961384792667,15.0,5.607413748630856,24.0,8.971861997809372,9.0,3.3644482491785137,36.0,13.457792996714055,8.0,23.0,False,False,False
2021-07-17,3.1873043,1.1915022696484812,1,0.3738275832420571,5,1.8691379162102857,0,0.0,9,3.3644482491785137,3.9306474,1.469384369556792,2,0.7476551664841142,6,2.242965499452343,0,0.0,10,3.7382758324205714,21.98647810649872,8.219151974556816,16.0,5.981241331872914,26.0,9.719517164293485,10.0,3.7382758324205714,40.0,14.953103329682286,6.0,28.0,False,False,False
2021-07-18,1.928284,0.7208457645901944,1,0.3738275832420571,3,1.1214827497261715,0,0.0,5,1.8691379162102857,4.260356,1.5926385458442383,2,0.7476551664841142,6,2.242965499452343,0,0.0,10,3.7382758324205714,23.78986665248871,8.89330835635066,17.0,6.355068915114971,29.0,10.840999914019656,12.0,4.485930998904686,40.0,14.953103329682286,1.0,28.0,False,False,False
2021-07-19,3.608062,1.3487931028066669,2,0.7476551664841142,5,1.8691379162102857,0,0.0,9,3.3644482491785137,4.6206703,1.7273339835810475,2,0.7476551664841142,7,2.6167930826943997,0,0.0,11,4.112103415662628,25.757660746574402,9.628924066860709,19.0,7.102724081599084,31.0,11.58865508050377,13.0,4.859758582146743,43.0,16.074586079408455,4.0,30.0,False,False,False
2021-07-20,7.2765856,2.7201884222449735,4,1.4953103329682285,10,3.7382758324205714,1,0.3738275832420571,17,6.355068915114971,5.0146747,1.8746237401501276,2,0.7476551664841142,7,2.6167930826943997,1,0.3738275832420571,12,4.485930998904686,27.906096431732177,10.432068586794234,21.0,7.8503792480831995,33.0,12.336310246987884,14.0,5.233586165388799,47.0,17.569896412376682,5.0,31.0,False,False,False
2021-07-21,9.741947,3.6418085073819384,5,1.8691379162102857,13,4.859758582146743,2,0.7476551664841142,22,8.224206831325256,5.445758,2.0357745597721078,3,1.1214827497261715,8,2.990620665936457,1,0.3738275832420571,14,5.233586165388799,30.25312026977539,11.309450835981425,23.0,8.598034414567312,36.0,13.457792996714055,16.0,5.981241331872914,51.0,19.06520674534491,4.0,32.0,False,False,False
2021-07-22,8.639466,3.229670983273536,4,1.4953103329682285,12,4.485930998904686,2,0.7476551664841142,20,7.476551664841143,5.9176955,2.2121977963251993,3,1.1214827497261715,8,2.990620665936457,1,0.3738275832420571,13,4.859758582146743,32.81858002853394,12.268490457502883,25.0,9.345689581051428,39.0,14.579275746440226,17.0,6.355068915114971,53.0,19.812861911829028,7.0,35.0,False,False,False
2021-07-23,8.287449,3.0980769224697724,4,1.4953103329682285,12,4.485930998904686,1,0.3738275832420571,19,7.102724081599084,6.434636,2.405444502073806,3,1.1214827497261715,9,3.3644482491785137,1,0.3738275832420571,15,5.607413748630856,35.62443686294556,13.317397136834188,28.0,10.467172330777599,43.0,16.074586079408455,20.0,7.476551664841143,57.0,21.308172244797255,12.0,39.0,False,False,False
2021-07-24,5.7800426,2.1607393136946484,3,1.1214827497261715,8,2.990620665936457,1,0.3738275832420571,14,5.233586165388799,7.0012236,2.617250538605731,4,1.4953103329682285,10,3.7382758324205714,1,0.3738275832420571,16,5.981241331872914,38.69500513458252,14.465260252999974,30.0,11.214827497261712,47.0,17.569896412376682,22.0,8.224206831325256,62.0,23.17731016100754,9.0,42.0,False,False,False
2021-07-25,3.6551208,1.3663850040757097,2,0.7476551664841142,5,1.8691379162102857,0,0.0,9,3.3644482491785137,7.6225605,2.849523298209533,4,1.4953103329682285,10,3.7382758324205714,1,0.3738275832420571,17,6.355068915114971,42.0572150440216,15.722147057798082,33.0,12.336310246987884,50.0,18.691379162102855,23.0,8.598034414567312,67.0,25.046448077217825,2.0,43.0,False,False,False
2021-07-26,7.0742373,2.6445450203027576,4,1.4953103329682285,10,3.7382758324205714,1,0.3738275832420571,17,6.355068915114971,8.304378,3.104405550402589,4,1.4953103329682285,11,4.112103415662628,1,0.3738275832420571,19,7.102724081599084,45.740912170410155,17.099214651951623,36.0,13.457792996714055,55.0,20.56051707831314,26.0,9.719517164293485,73.0,27.289413576670167,8.0,47.0,False,False,False
2021-07-27,14.208728,5.311614222591743,7,2.6167930826943997,20,7.476551664841143,3,1.1214827497261715,32,11.962482663745828,9.052946,3.384241063031368,4,1.4953103329682285,12,4.485930998904686,1,0.3738275832420571,22,8.224206831325256,49.77918754196167,18.60883337456465,39.0,14.579275746440226,60.0,22.429654994523425,28.0,10.467172330777599,79.0,29.53237907612251,21.0,63.0,False,False,False
2021-07-28,17.385448,6.499160372186452,9,3.3644482491785137,23,8.598034414567312,4,1.4953103329682285,41,15.32693091292434,9.875335,3.691672463901341,5,1.8691379162102857,14,5.233586165388799,2,0.7476551664841142,24,8.971861997809372,54.20875117492676,20.264726442292893,42.0,15.700758496166399,66.0,24.672620493975767,29.0,10.840999914019656,87.0,32.522999742058964,13.0,72.0,False,False,False
2021-07-29,15.75026,5.887881707167253,8,2.990620665936457,20,7.476551664841143,3,1.1214827497261715,36,13.457792996714055,10.779288,4.0295952203450724,6,2.242965499452343,15,5.607413748630856,2,0.7476551664841142,26,9.719517164293485,59.0703502407074,22.082126271745512,45.0,16.82224124589257,72.0,26.91558599342811,32.0,11.962482663745828,97.0,36.261275574479534,6.0,71.0,False,False,False
2021-07-30,16.169914,6.044760084478185,8,2.990620665936457,21,7.8503792480831995,3,1.1214827497261715,39,14.579275746440226,11.773521,4.401267142384313,6,2.242965499452343,15,5.607413748630856,2,0.7476551664841142,27,10.093344747535541,64.4092353439331,24.077948787091398,49.0,18.317551578860797,78.0,29.158551492880452,35.0,13.083965413471999,106.0,39.625723823658056,17.0,76.0,False,False,False
2021-07-31,10.740275,4.015011290903203,5,1.8691379162102857,14,5.233586165388799,2,0.7476551664841142,25,9.345689581051428,12.867661,4.810286918655038,6,2.242965499452343,16,5.981241331872914,2,0.7476551664841142,29,10.840999914019656,70.2756798210144,26.270987548182415,51.0,19.06520674534491,84.0,31.401516992332798,36.0,13.457792996714055,116.0,43.363999656078626,10.0,77.0,True,False,False
2021-08-01,6.8371716,2.5559233108651824,3,1.1214827497261715,9,3.3644482491785137,1,0.3738275832420571,17,6.355068915114971,14.072467,5.260676334728487,7,2.6167930826943997,18,6.728896498357027,2,0.7476551664841142,33,12.336310246987884,76.72557657051087,28.68213686220748,55.0,20.56051707831314,91.0,34.018310075027195,38.0,14.205448163198168,132.0,49.345240987951534,10.0,85.0,True,False,False
2021-08-02,13.023642,4.868596442975104,6,2.242965499452343,16,5.981241331872914,2,0.7476551664841142,33,12.336310246987884,15.399872,5.756897007813677,7,2.6167930826943997,20,7.476551664841143,3,1.1214827497261715,37,13.831620579956112,83.82108419036865,31.33463332761451,60.0,22.429654994523425,100.0,37.38275832420571,41.0,15.32693091292434,148.0,55.32648231982445,6.0,83.0,True,False,False
2021-08-03,29.086224,10.873232531594113,15,5.607413748630856,40,14.953103329682286,6,2.242965499452343,64,23.924965327491655,16.863255,6.3039493397809565,8,2.990620665936457,22,8.224206831325256,3,1.1214827497261715,40,14.953103329682286,91.63138151931763,34.2543379024974,64.0,23.924965327491655,110.0,41.12103415662628,44.0,16.448413662650513,164.0,61.30772365169736,14.0,76.0,True,False,False
2021-08-04,37.03397,13.844319619238377,18,6.728896498357027,48,17.943723995618743,8,2.990620665936457,85,31.775344575574856,18.477432,6.907373608555645,8,2.990620665936457,25,9.345689581051428,3,1.1214827497261715,44,16.448413662650513,100.23348439788819,37.47004123239298,69.0,25.79410324370194,122.0,45.606965155530965,46.0,17.196068829134624,181.0,67.66279256681234,14.0,77.0,True,False,False
2021-08-05,28.414038,10.621950787026435,14,5.233586165388799,38,14.205448163198168,5,1.8691379162102857,69,25.79410324370194,20.258991,7.573369657620788,10,3.7382758324205714,27,10.093344747535541,4,1.4953103329682285,51,19.06520674534491,109.71318696975707,41.01381553468824,74.0,27.663241159912225,133.0,49.71906857119359,48.0,17.943723995618743,201.0,75.13934423165348,,,False,False,True
2021-08-06,26.594845,9.941886673914269,13,4.859758582146743,33,12.336310246987884,5,1.8691379162102857,69,25.79410324370194,22.226442,8.308856922667474,10,3.7382758324205714,30,11.214827497261712,4,1.4953103329682285,55,20.56051707831314,120.16611743164063,44.921409267051445,80.0,29.90620665936457,145.0,54.20499957009828,52.0,19.43903432858697,225.0,84.11120622946284,,,False,False,True
2021-08-07,17.719051,6.623870285693556,8,2.990620665936457,23,8.598034414567312,3,1.1214827497261715,49,18.317551578860797,24.400469,9.121568291448057,11,4.112103415662628,32,11.962482663745828,5,1.8691379162102857,61,22.803482577765482,131.69890314483644,49.23268267826396,87.0,32.522999742058964,162.0,60.56006848521326,55.0,20.56051707831314,255.0,95.32603372672456,,,False,False,True
2021-08-08,10.934273,4.087532943231054,5,1.8691379162102857,15,5.607413748630856,1,0.3738275832420571,31,11.58865508050377,26.804068,10.020099580287933,12,4.485930998904686,35,13.083965413471999,4,1.4953103329682285,68,25.420275660459883,144.4305153388977,53.99211049554498,93.0,34.76596524151131,180.0,67.28896498357028,57.0,21.308172244797255,286.0,106.91468880722832,,,False,False,True
2021-08-09,20.639067,7.715452375123277,9,3.3644482491785137,27,10.093344747535541,3,1.1214827497261715,60,22.429654994523425,29.463104,11.014121264452115,14,5.233586165388799,39,14.579275746440226,5,1.8691379162102857,83,31.027689409090737,158.49375330352782,59.24933675642061,101.0,37.75658590744777,202.0,75.51317181489554,60.0,22.429654994523425,316.0,118.12951630449004,,,False,False,True
