,Raw Prediction Mean,Raw Prediction Mean 100k,Raw Prediction Q25,Raw Prediction Q25 100k,Raw Prediction Q75,Raw Prediction Q75 100k,Raw Prediction Q5,Raw Prediction Q5 100k,Raw Prediction Q95,Raw Prediction Q95 100k,Trend Prediction Mean,Trend Prediction Mean 100k,Trend Prediction Q25,Trend Prediction Q25 100k,Trend Prediction Q75,Trend Prediction Q75 100k,Trend Prediction Q5,Trend Prediction Q5 100k,Trend Prediction Q95,Trend Prediction Q95 100k,Trend 7Day Prediction Mean,Trend 7Day Prediction Mean 100k,Trend 7Day Prediction Q25,Trend 7Day Prediction Q25 100k,Trend 7Day Prediction Q75,Trend 7Day Prediction Q75 100k,Trend 7Day Prediction Q5,Trend 7Day Prediction Q5 100k,Trend 7Day Prediction Q95,Trend 7Day Prediction Q95 100k,RKI Meldedaten,RKI 7Day Incidence,is_nowcast,is_high,is_prediction
2021-07-10,0.84432167,0.7639122486580163,0,0.0,1,0.9047644898033042,0,0.0,3,2.714293469409913,1.1957352,1.081858772522537,0,0.0,2,1.8095289796066083,0,0.0,4,3.6190579592132166,,,,,,,,,,,0.0,,False,False,False
2021-07-11,0.4936772,0.4466615791898221,0,0.0,1,0.9047644898033042,0,0.0,2,1.8095289796066083,1.3087287,1.1840912520710845,0,0.0,2,1.8095289796066083,0,0.0,4,3.6190579592132166,,,,,,,,,,,0.0,,False,False,False
2021-07-12,0.94946975,0.8590464858571067,0,0.0,1,0.9047644898033042,0,0.0,3,2.714293469409913,1.4342372,1.2976469406567048,0,0.0,2,1.8095289796066083,0,0.0,4,3.6190579592132166,,,,,,,,,,,0.0,,False,False,False
2021-07-13,2.1413362,1.9374048861209303,1,0.9047644898033042,3,2.714293469409913,0,0.0,7,6.3333514286231285,1.5737938,1.4239127267501317,0,0.0,2,1.8095289796066083,0,0.0,5,4.523822449016521,,,,,,,,,,,0.0,,False,False,False
2021-07-14,2.807716,2.5403216568520293,1,0.9047644898033042,4,3.6190579592132166,0,0.0,7,6.3333514286231285,1.7291409,1.5644653103663586,0,0.0,2,1.8095289796066083,0,0.0,5,4.523822449016521,,,,,,,,,,,0.0,,False,False,False
2021-07-15,2.545976,2.3035085177980363,1,0.9047644898033042,4,3.6190579592132166,0,0.0,7,6.3333514286231285,1.9022539,1.7210917576448992,1,0.9047644898033042,3,2.714293469409913,0,0.0,5,4.523822449016521,,,,,,,,,,,3.0,,False,False,False
2021-07-16,2.7730548,2.5089615519391373,1,0.9047644898033042,4,3.6190579592132166,0,0.0,7,6.3333514286231285,2.0953712,1.8958175132866018,1,0.9047644898033042,3,2.714293469409913,0,0.0,6,5.428586938819826,11.23926699757576,10.168889670824747,7.0,6.3333514286231285,14.0,12.666702857246257,4.0,3.6190579592132166,22.0,19.90481877567269,1.0,4.0,False,False,False
2021-07-17,1.9367503,1.7523028873256408,1,0.9047644898033042,3,2.714293469409913,0,0.0,6,5.428586938819826,2.3110461,2.090952511935029,1,0.9047644898033042,3,2.714293469409913,0,0.0,6,5.428586938819826,12.354578039169311,11.177983496344128,8.0,7.238115918426433,16.0,14.476231836852866,4.0,3.6190579592132166,23.0,20.809583265475997,2.0,6.0,False,False,False
2021-07-18,1.1664034,1.0553203537710942,0,0.0,2,1.8095289796066083,0,0.0,4,3.6190579592132166,2.5521703,2.3091130060493015,1,0.9047644898033042,4,3.6190579592132166,0,0.0,7,6.3333514286231285,13.598018076896668,12.303003887679521,9.0,8.142880408229738,17.0,15.38099632665617,5.0,4.523822449016521,25.0,22.619112245082604,0.0,6.0,False,False,False
2021-07-19,2.408126,2.1787869627587497,1,0.9047644898033042,4,3.6190579592132166,0,0.0,7,6.3333514286231285,2.8220408,2.553282320150174,1,0.9047644898033042,4,3.6190579592132166,0,0.0,8,7.238115918426433,14.985822511672973,13.558640059056668,10.0,9.047644898033042,18.0,16.285760816459476,6.0,5.428586938819826,27.0,24.428641224689216,6.0,12.0,False,False,False
2021-07-20,4.9308524,4.461260323296301,2,1.8095289796066083,7,6.3333514286231285,1,0.9047644898033042,12,10.857173877639651,3.1244164,2.8268610549275763,1,0.9047644898033042,4,3.6190579592132166,0,0.0,8,7.238115918426433,16.536446739196776,14.961589797148886,12.0,10.857173877639651,20.0,18.095289796066083,7.0,6.3333514286231285,29.0,26.238170204295823,11.0,23.0,False,True,False
2021-07-21,5.7471905,5.199853694648482,3,2.714293469409913,8,7.238115918426433,1,0.9047644898033042,13,11.761938367442955,3.4635851,3.1337287509813905,1,0.9047644898033042,5,4.523822449016521,0,0.0,9,8.142880408229738,18.27088906478882,16.530851622956426,13.0,11.761938367442955,22.0,19.90481877567269,8.0,7.238115918426433,31.0,28.04769918390243,12.0,35.0,False,True,False
2021-07-22,4.877982,4.413424903759733,2,1.8095289796066083,7,6.3333514286231285,1,0.9047644898033042,12,10.857173877639651,3.8444285,3.478302460280247,2,1.8095289796066083,5,4.523822449016521,0,0.0,10,9.047644898033042,20.213063634872437,18.288062206967084,15.0,13.571467347049563,24.0,21.714347755279302,10.0,9.047644898033042,34.0,30.76199265331234,9.0,41.0,False,False,False
2021-07-23,5.4449525,4.926399560645223,2,1.8095289796066083,7,6.3333514286231285,1,0.9047644898033042,13,11.761938367442955,4.272541,3.8656435208395123,2,1.8095289796066083,6,5.428586938819826,0,0.0,11,9.952409387836346,22.39023049545288,20.257885470796808,17.0,15.38099632665617,27.0,24.428641224689216,11.0,9.952409387836346,37.0,33.47628612272226,1.0,41.0,False,False,False
2021-07-24,4.256115,3.8507816498167813,2,1.8095289796066083,6,5.428586938819826,0,0.0,11,9.952409387836346,4.7543135,4.301534136175178,2,1.8095289796066083,7,6.3333514286231285,0,0.0,12,10.857173877639651,24.83349515533447,22.46846457424902,19.0,17.190525306262778,30.0,27.142934694099125,13.0,11.761938367442955,41.0,37.09534408193547,16.0,55.0,False,True,False
2021-07-25,2.6860254,2.430220411042683,1,0.9047644898033042,4,3.6190579592132166,0,0.0,7,6.3333514286231285,5.2970576,4.7925896069500595,3,2.714293469409913,8,7.238115918426433,1,0.9047644898033042,13,11.761938367442955,27.57838175201416,24.951940495461848,21.0,19.00005428586939,34.0,30.76199265331234,15.0,13.571467347049563,45.0,40.714402041148695,3.0,58.0,False,False,False
2021-07-26,5.0683904,4.585699571180157,2,1.8095289796066083,7,6.3333514286231285,0,0.0,12,10.857173877639651,5.9091597,5.346397665562108,3,2.714293469409913,8,7.238115918426433,1,0.9047644898033042,15,13.571467347049563,30.66550067138672,27.745056069510085,24.0,21.714347755279302,37.0,33.47628612272226,16.0,14.476231836852866,51.0,46.142988979968514,2.0,54.0,False,False,False
2021-07-27,10.303681,9.322405094280839,5,4.523822449016521,14,12.666702857246257,2,1.8095289796066083,24,21.714347755279302,6.6002383,5.971661084913649,3,2.714293469409913,9,8.142880408229738,1,0.9047644898033042,17,15.38099632665617,34.14131976127624,30.889853755022568,26.0,23.52387673488591,43.0,38.904873061542084,18.0,16.285760816459476,58.0,52.476340408591646,11.0,54.0,False,False,False
2021-07-28,12.252106,11.085269943578169,6,5.428586938819826,16,14.476231836852866,2,1.8095289796066083,29,26.238170204295823,7.3813252,6.678360659861937,3,2.714293469409913,10,9.047644898033042,1,0.9047644898033042,19,17.190525306262778,38.059058973312375,34.434485074382835,29.0,26.238170204295823,46.0,41.61916653095199,20.0,18.095289796066083,66.0,59.71445632701808,4.0,46.0,False,False,False
2021-07-29,10.781815,9.755002974998206,5,4.523822449016521,15,13.571467347049563,2,1.8095289796066083,25,22.619112245082604,8.2651,7.477968756575137,4,3.6190579592132166,11,9.952409387836346,1,0.9047644898033042,20,18.095289796066083,42.47973265266418,38.43415364046847,32.0,28.952463673705733,53.0,47.95251795957512,21.0,19.00005428586939,73.0,66.0478077556412,3.0,40.0,False,False,False
2021-07-30,12.411754,11.229713709326461,6,5.428586938819826,16,14.476231836852866,2,1.8095289796066083,30,27.142934694099125,9.266163,8.38369523989968,4,3.6190579592132166,12,10.857173877639651,2,1.8095289796066083,22,19.90481877567269,47.47335395622253,42.952204871453354,35.0,31.66675714311565,59.0,53.38110489839495,23.0,20.809583265475997,82.0,74.19068816387095,1.0,40.0,False,False,False
2021-07-31,8.498362,7.689015910727903,4,3.6190579592132166,12,10.857173877639651,1,0.9047644898033042,22,19.90481877567269,10.401295,9.41072212299332,5,4.523822449016521,14,12.666702857246257,2,1.8095289796066083,27,24.428641224689216,53.120336116790774,48.06139380488824,38.0,34.381050612525556,65.0,58.80969183721477,25.0,22.619112245082604,96.0,86.85739102111721,3.0,27.0,True,False,False
2021-08-01,6.257252,5.661339673679322,3,2.714293469409913,9,8.142880408229738,1,0.9047644898033042,16,14.476231836852866,11.689856,10.576566273812205,6,5.428586938819826,15,13.571467347049563,2,1.8095289796066083,29,26.238170204295823,59.513132343292234,53.84536882117533,42.0,38.00010857173878,73.0,66.0478077556412,28.0,25.333405714492514,109.0,98.61932938856016,0.0,24.0,True,False,False
2021-08-02,12.150819,10.993629257427529,5,4.523822449016521,16,14.476231836852866,2,1.8095289796066083,32,28.952463673705733,13.1541605,11.90141701954417,6,5.428586938819826,18,16.285760816459476,2,1.8095289796066083,34,30.76199265331234,66.75812768936157,60.40038333908905,45.0,40.714402041148695,83.0,75.09545265367424,30.0,27.142934694099125,124.0,112.19079673560972,1.0,23.0,True,False,False
2021-08-03,26.919746,24.356030917260796,12,10.857173877639651,34,30.76199265331234,5,4.523822449016521,69,62.42874979642799,14.819982,13.40859307674691,6,5.428586938819826,19,17.190525306262778,2,1.8095289796066083,39,35.28581510232887,74.97786891937255,67.83731331937513,49.0,44.3334600003619,92.0,83.23833306190399,32.0,28.952463673705733,143.0,129.3813220418725,8.0,20.0,True,False,False
2021-08-04,36.864796,33.353958860971034,16,14.476231836852866,47,42.52393102075529,6,5.428586938819826,95,85.9526265313139,16.717094,15.125033678486943,7,6.3333514286231285,22,19.90481877567269,2,1.8095289796066083,43,38.904873061542084,84.31363705062866,76.283984809573,54.0,48.85728244937843,103.0,93.19074244974033,33.0,29.85722816350904,168.0,152.0004342869551,2.0,18.0,True,False,False
2021-08-05,27.30625,24.70572362653911,11,9.952409387836346,36,32.57152163291895,4,3.6190579592132166,77,69.66686571485442,18.87995,17.081908299587667,8,7.238115918426433,25,22.619112245082604,3,2.714293469409913,51,46.142988979968514,94.92847513198852,85.88791337059925,59.0,53.38110489839495,117.0,105.85744530698659,36.0,32.57152163291895,191.0,172.8100175524311,,,False,False,True
2021-08-06,26.256199,23.755677102599293,11,9.952409387836346,34,30.76199265331234,4,3.6190579592132166,68,61.52398530662468,21.348392,19.315267854835838,8,7.238115918426433,27,24.428641224689216,3,2.714293469409913,56,50.66681142898503,107.01072375297547,96.81950287984317,64.0,57.904927347411466,131.0,118.52414816423286,37.0,33.47628612272226,217.0,196.333894287317,,,False,False,True
2021-08-07,18.100052,16.376284474972636,7,6.3333514286231285,23,20.809583265475997,2,1.8095289796066083,48,43.428695510558605,24.168722,21.867001487407833,9,8.142880408229738,32,28.952463673705733,3,2.714293469409913,64,57.904927347411466,120.77813208770752,109.27576505773077,68.0,61.52398530662468,151.0,136.61943796029894,40.0,36.19057959213217,251.0,227.09588694062936,,,False,False,True
2021-08-08,11.530523,10.432407725602388,4,3.6190579592132166,15,13.571467347049563,1,0.9047644898033042,32,28.952463673705733,27.39444,24.785517598502338,11,9.952409387836346,34,30.76199265331234,4,3.6190579592132166,82,74.19068816387095,136.4827080039978,123.48470767421041,75.0,67.85733673524781,173.0,156.52425673597162,41.0,37.09534408193547,301.0,272.33411143079456,,,False,False,True
2021-08-09,22.41911,20.284013589844108,8,7.238115918426433,30,27.142934694099125,2,1.8095289796066083,63,57.00016285760817,31.087793,28.12713210005313,11,9.952409387836346,41,37.09534408193547,4,3.6190579592132166,88,79.61927510269076,154.41636401176453,139.71044280238544,82.0,74.19068816387095,191.0,172.8100175524311,43.0,38.904873061542084,350.0,316.6675714311565,,,False,False,True
