,Raw Prediction Mean,Raw Prediction Mean 100k,Raw Prediction Q25,Raw Prediction Q25 100k,Raw Prediction Q75,Raw Prediction Q75 100k,Raw Prediction Q5,Raw Prediction Q5 100k,Raw Prediction Q95,Raw Prediction Q95 100k,Trend Prediction Mean,Trend Prediction Mean 100k,Trend Prediction Q25,Trend Prediction Q25 100k,Trend Prediction Q75,Trend Prediction Q75 100k,Trend Prediction Q5,Trend Prediction Q5 100k,Trend Prediction Q95,Trend Prediction Q95 100k,Trend 7Day Prediction Mean,Trend 7Day Prediction Mean 100k,Trend 7Day Prediction Q25,Trend 7Day Prediction Q25 100k,Trend 7Day Prediction Q75,Trend 7Day Prediction Q75 100k,Trend 7Day Prediction Q5,Trend 7Day Prediction Q5 100k,Trend 7Day Prediction Q95,Trend 7Day Prediction Q95 100k,RKI Meldedaten,RKI 7Day Incidence,is_nowcast,is_high,is_prediction
2021-07-22,2.4195528,1.8092143363901414,1,0.7477474109245897,4,2.990989643698359,0,0.0,7,5.234231876472128,1.7899615,1.3384390513238031,0,0.0,3,2.243242232773769,0,0.0,5,3.7387370546229484,,,,,,,,,,,4.0,,False,False,False
2021-07-23,2.4408042,1.825105027819518,1,0.7477474109245897,3,2.243242232773769,0,0.0,6,4.486484465547538,1.8867568,1.4108174582361244,1,0.7477474109245897,3,2.243242232773769,0,0.0,6,4.486484465547538,,,,,,,,,,,5.0,,False,False,False
2021-07-24,1.3433478,1.0044848750112578,0,0.0,2,1.4954948218491795,0,0.0,4,2.990989643698359,1.9905951,1.4884622942190617,1,0.7477474109245897,3,2.243242232773769,0,0.0,6,4.486484465547538,,,,,,,,,,,1.0,,False,False,False
2021-07-25,1.0781804,0.8062066626735032,0,0.0,2,1.4954948218491795,0,0.0,4,2.990989643698359,2.1020608,1.5718105714768171,1,0.7477474109245897,3,2.243242232773769,0,0.0,6,4.486484465547538,,,,,,,,,,,0.0,,False,False,False
2021-07-26,1.6811247,1.25705664686393,0,0.0,2,1.4954948218491795,0,0.0,5,3.7387370546229484,2.2217915,1.6613388652331196,1,0.7477474109245897,3,2.243242232773769,0,0.0,6,4.486484465547538,,,,,,,,,,,0.0,,False,False,False
2021-07-27,3.553245,2.65692979155574,1,0.7477474109245897,5,3.7387370546229484,0,0.0,10,7.477474109245897,2.3504927,1.7575748643139377,1,0.7477474109245897,4,2.990989643698359,0,0.0,7,5.234231876472128,,,,,,,,,,,3.0,,False,False,False
2021-07-28,3.7909374,2.8346636099740863,1,0.7477474109245897,5,3.7387370546229484,0,0.0,10,7.477474109245897,2.4889264,1.8610882762004621,1,0.7477474109245897,3,2.243242232773769,0,0.0,7,5.234231876472128,14.830582431793212,11.08952961587708,10.0,7.477474109245897,19.0,14.207200807567203,6.0,4.486484465547538,28.0,20.936927505888512,1.0,14.0,False,False,False
2021-07-29,3.5765705,2.6743713533505797,1,0.7477474109245897,5,3.7387370546229484,0,0.0,9,6.729726698321308,2.637931,1.972506106540095,1,0.7477474109245897,4,2.990989643698359,0,0.0,7,5.234231876472128,15.678553469657897,11.723597763979436,11.0,8.225221520170487,20.0,14.954948218491793,6.0,4.486484465547538,29.0,21.6846749168131,2.0,12.0,False,False,False
2021-07-30,3.5500615,2.6545492801233195,2,1.4954948218491795,5,3.7387370546229484,0,0.0,10,7.477474109245897,2.798434,2.092521754093468,1,0.7477474109245897,4,2.990989643698359,0,0.0,7,5.234231876472128,16.590228382110595,12.405300319370843,12.0,8.972968931095076,21.0,15.702695629416384,7.0,5.234231876472128,30.0,22.43242232773769,4.0,11.0,False,False,False
2021-07-31,2.0947444,1.5663397789467126,1,0.7477474109245897,3,2.243242232773769,0,0.0,6,4.486484465547538,2.971436,2.2218835511012003,1,0.7477474109245897,4,2.990989643698359,0,0.0,8,5.981979287396718,17.571068234443665,13.138720779484553,13.0,9.720716342019665,22.0,16.450443040340975,8.0,5.981979287396718,30.0,22.43242232773769,1.0,11.0,False,False,False
2021-08-01,1.68651,1.2610834346560296,0,0.0,3,2.243242232773769,0,0.0,5,3.7387370546229484,3.1580477,2.3614220481249504,1,0.7477474109245897,4,2.990989643698359,0,0.0,8,5.981979287396718,18.627056279182433,13.928333105905285,13.0,9.720716342019665,23.0,17.19819045126556,8.0,5.981979287396718,31.0,23.18016973866228,0.0,11.0,False,False,False
2021-08-02,2.5658321,1.918594352900982,1,0.7477474109245897,4,2.990989643698359,0,0.0,7,5.234231876472128,3.3594897,2.512049650249537,1,0.7477474109245897,5,3.7387370546229484,0,0.0,9,6.729726698321308,19.764751907348632,14.779042066286785,14.0,10.468463752944256,25.0,18.693685273114742,9.0,6.729726698321308,32.0,23.92791714958687,5.0,16.0,False,False,False
2021-08-03,5.3830934,4.025193993584253,2,1.4954948218491795,7,5.234231876472128,1,0.7477474109245897,13,9.720716342019665,3.5770893,2.674759343790356,1,0.7477474109245897,5,3.7387370546229484,0,0.0,9,6.729726698321308,20.99135136318207,15.696228633627749,16.0,11.963958574793436,26.0,19.44143268403933,10.0,7.477474109245897,34.0,25.42341197143605,3.0,16.0,False,False,False
2021-08-04,5.685113,4.2510284401942044,3,2.243242232773769,8,5.981979287396718,1,0.7477474109245897,14,10.468463752944256,3.8123279,2.8506583475973457,2,1.4954948218491795,5,3.7387370546229484,0,0.0,10,7.477474109245897,22.314754953384398,16.685800241809847,17.0,12.711705985718025,27.0,20.18918009496392,11.0,8.225221520170487,37.0,27.666654204209816,11.0,26.0,False,True,False
2021-08-05,5.2878604,3.953983832616359,3,2.243242232773769,8,5.981979287396718,0,0.0,13,9.720716342019665,4.066819,3.0409535611397587,2,1.4954948218491795,5,3.7387370546229484,0,0.0,9,6.729726698321308,23.743642691612244,17.75424734857161,18.0,13.459453396642616,29.0,21.6846749168131,12.0,8.972968931095076,40.0,29.909896436983587,0.0,24.0,False,False,False
2021-08-06,5.3984065,4.036644531879574,3,2.243242232773769,7,5.234231876472128,0,0.0,13,9.720716342019665,4.3423448,3.246977212256752,2,1.4954948218491795,6,4.486484465547538,0,0.0,11,8.225221520170487,25.287556940078737,18.908705230552016,19.0,14.207200807567203,31.0,23.18016973866228,12.0,8.972968931095076,41.0,30.65764384790818,17.0,37.0,False,True,False
2021-08-07,3.043669,2.275895531056449,1,0.7477474109245897,4,2.990989643698359,0,0.0,8,5.981979287396718,4.640878,3.4702046832535416,2,1.4954948218491795,6,4.486484465547538,0,0.0,11,8.225221520170487,26.956997139930724,20.157024817684768,20.0,14.954948218491793,33.0,24.67566456051146,13.0,9.720716342019665,44.0,32.90088608068195,5.0,41.0,False,False,False
2021-08-08,2.4668343,1.84456894203322,1,0.7477474109245897,4,2.990989643698359,0,0.0,7,5.234231876472128,4.964578,3.7122503272257745,2,1.4954948218491795,7,5.234231876472128,1,0.7477474109245897,12,8.972968931095076,28.763523250579834,21.507850039690307,21.0,15.702695629416384,35.0,26.171159382360635,15.0,11.216211163868845,46.0,34.39638090253112,1.0,42.0,False,False,False
2021-08-09,3.9213977,2.9322149202926084,2,1.4954948218491795,6,4.486484465547538,0,0.0,10,7.477474109245897,5.3158326,3.974900027969852,2,1.4954948218491795,7,5.234231876472128,0,0.0,14,10.468463752944256,30.719872811317444,22.970705358595314,22.0,16.450443040340975,37.0,27.666654204209816,15.0,11.216211163868845,51.0,38.13511795715407,0.0,37.0,False,False,False
2021-08-10,8.545249,6.389687769114971,4,2.990989643698359,12,8.972968931095076,1,0.7477474109245897,20,14.954948218491793,5.697315,4.260152854840271,3,2.243242232773769,8,5.981979287396718,0,0.0,14,10.468463752944256,32.84009310436249,24.556094593309524,23.0,17.19819045126556,40.0,29.909896436983587,16.0,11.963958574793436,54.0,40.37836018992784,5.0,39.0,False,False,False
2021-08-11,9.283919,6.942026811884716,4,2.990989643698359,12,8.972968931095076,1,0.7477474109245897,23,17.19819045126556,6.111924,4.570175588014536,3,2.243242232773769,8,5.981979287396718,1,0.7477474109245897,15,11.216211163868845,35.13968653869629,26.275609630011807,25.0,18.693685273114742,43.0,32.153138669757354,16.0,11.963958574793436,60.0,44.86484465547538,10.0,38.0,False,False,False
2021-08-12,9.246481,6.914031837368384,4,2.990989643698359,13,9.720716342019665,1,0.7477474109245897,23,17.19819045126556,6.5629096,4.907398761133663,3,2.243242232773769,9,6.729726698321308,1,0.7477474109245897,17,12.711705985718025,37.63577486515045,28.142053213557,27.0,20.18918009496392,46.0,34.39638090253112,16.0,11.963958574793436,66.0,49.35132912102292,5.0,43.0,True,False,False
2021-08-13,8.893544,6.6501248511485755,4,2.990989643698359,12,8.972968931095076,1,0.7477474109245897,23,17.19819045126556,7.0538583,5.274504292174242,3,2.243242232773769,9,6.729726698321308,1,0.7477474109245897,19,14.207200807567203,40.347286597251895,30.169579090927503,28.0,20.936927505888512,49.0,36.639623135304895,17.0,12.711705985718025,71.0,53.09006617564587,12.0,38.0,True,False,False
2021-08-14,5.209923,3.8957063225097954,2,1.4954948218491795,7,5.234231876472128,0,0.0,14,10.468463752944256,7.5887504,5.674468411598355,3,2.243242232773769,10,7.477474109245897,1,0.7477474109245897,19,14.207200807567203,43.29516143035889,32.373844865113014,29.0,21.6846749168131,53.0,39.63061277900325,18.0,13.459453396642616,82.0,61.31528769581636,13.0,46.0,True,False,False
2021-08-15,4.255541,3.1820694857742637,2,1.4954948218491795,6,4.486484465547538,0,0.0,11,8.225221520170487,8.172002,6.110592948971316,3,2.243242232773769,11,8.225221520170487,1,0.7477474109245897,21,15.702695629416384,46.5025880651474,34.77218982700669,31.0,23.18016973866228,58.0,43.3693498336262,19.0,14.207200807567203,89.0,66.54951957228849,0.0,45.0,True,False,False
2021-08-16,6.5303907,4.883082874584943,2,1.4954948218491795,8,5.981979287396718,1,0.7477474109245897,17,12.711705985718025,8.808517,6.586546078324318,4,2.990989643698359,12,8.972968931095076,1,0.7477474109245897,23,17.19819045126556,49.99526452541351,37.383829607367936,32.0,23.92791714958687,62.0,46.36033947732456,21.0,15.702695629416384,97.0,72.5314988596852,4.0,49.0,True,False,False
2021-08-17,13.632885,10.193954221904278,5,3.7387370546229484,18,13.459453396642616,2,1.4954948218491795,36,26.91890679328523,9.503739,7.106396515155211,4,2.990989643698359,12,8.972968931095076,1,0.7477474109245897,25,18.693685273114742,53.80169776535034,40.230080207388,35.0,26.171159382360635,66.0,49.35132912102292,21.0,15.702695629416384,111.0,82.99996261262946,,,False,False,True
2021-08-18,14.590724,10.910176206380129,6,4.486484465547538,18,13.459453396642616,2,1.4954948218491795,38,28.414401615134405,10.263758,7.674698281334713,4,2.990989643698359,13,9.720716342019665,1,0.7477474109245897,30,22.43242232773769,57.953542980194094,43.33461171734706,36.0,26.91890679328523,72.0,53.83781358657046,21.0,15.702695629416384,121.0,90.47743672187535,,,False,False,True
2021-08-19,14.584231,10.905320959864184,6,4.486484465547538,19,14.207200807567203,2,1.4954948218491795,42,31.40539125883277,11.095333,8.296506712213159,4,2.990989643698359,14,10.468463752944256,1,0.7477474109245897,31,23.18016973866228,62.4859779715538,46.7237282473203,38.0,28.414401615134405,77.0,57.57655064119341,22.0,16.450443040340975,133.0,99.45040565297043,,,False,False,True
2021-08-20,14.861357,11.11254096031189,6,4.486484465547538,20,14.954948218491793,2,1.4954948218491795,41,30.65764384790818,12.006019,8.977469406090677,5,3.7387370546229484,15,11.216211163868845,1,0.7477474109245897,35,26.171159382360635,67.43814173841477,50.42669588246515,40.0,29.909896436983587,82.0,61.31528769581636,22.0,16.450443040340975,152.0,113.65760646053762,,,False,False,True
2021-08-21,8.683691,6.493207183666527,3,2.243242232773769,12,8.972968931095076,1,0.7477474109245897,25,18.693685273114742,13.004224,9.723874973133206,5,3.7387370546229484,17,12.711705985718025,1,0.7477474109245897,38,28.414401615134405,72.85361705207825,54.47610352718304,41.0,30.65764384790818,92.0,68.79276180506224,24.0,17.945937862190153,169.0,126.36931244625566,,,False,False,True
