,Raw Prediction Mean,Raw Prediction Mean 100k,Raw Prediction Q25,Raw Prediction Q25 100k,Raw Prediction Q75,Raw Prediction Q75 100k,Raw Prediction Q5,Raw Prediction Q5 100k,Raw Prediction Q95,Raw Prediction Q95 100k,Trend Prediction Mean,Trend Prediction Mean 100k,Trend Prediction Q25,Trend Prediction Q25 100k,Trend Prediction Q75,Trend Prediction Q75 100k,Trend Prediction Q5,Trend Prediction Q5 100k,Trend Prediction Q95,Trend Prediction Q95 100k,Trend 7Day Prediction Mean,Trend 7Day Prediction Mean 100k,Trend 7Day Prediction Q25,Trend 7Day Prediction Q25 100k,Trend 7Day Prediction Q75,Trend 7Day Prediction Q75 100k,Trend 7Day Prediction Q5,Trend 7Day Prediction Q5 100k,Trend 7Day Prediction Q95,Trend 7Day Prediction Q95 100k,RKI Meldedaten,RKI 7Day Incidence,is_nowcast,is_high,is_prediction
2021-07-27,1.0407095,0.8570094905735459,0,0.0,2,1.6469716309136577,0,0.0,4,3.2939432618273154,0.7591291,0.6251320428418694,0,0.0,1,0.8234858154568289,0,0.0,3,2.4704574463704865,,,,,,,,,,,1.0,,False,False,False
2021-07-28,1.0170565,0.8375315701414365,0,0.0,2,1.6469716309136577,0,0.0,4,3.2939432618273154,0.8441951,0.6951827344892081,0,0.0,1,0.8234858154568289,0,0.0,3,2.4704574463704865,,,,,,,,,,,0.0,,False,False,False
2021-07-29,1.2384701,1.0198625204793643,0,0.0,2,1.6469716309136577,0,0.0,4,3.2939432618273154,0.9399673,0.7740497494523879,0,0.0,1,0.8234858154568289,0,0.0,3,2.4704574463704865,,,,,,,,,,,2.0,,False,False,False
2021-07-30,1.1531706,0.9496196071268059,0,0.0,2,1.6469716309136577,0,0.0,4,3.2939432618273154,1.0479132,0.8629416697658598,0,0.0,2,1.6469716309136577,0,0.0,3,2.4704574463704865,,,,,,,,,,,0.0,,False,False,False
2021-07-31,0.75279546,0.6199163635756122,0,0.0,1,0.8234858154568289,0,0.0,3,2.4704574463704865,1.169718,0.963246202445589,0,0.0,2,1.6469716309136577,0,0.0,4,3.2939432618273154,,,,,,,,,,,2.0,,False,False,False
2021-08-01,0.51140404,0.4211339728499297,0,0.0,1,0.8234858154568289,0,0.0,2,1.6469716309136577,1.3073174,1.0765573279059026,0,0.0,2,1.6469716309136577,0,0.0,4,3.2939432618273154,,,,,,,,,,,0.0,,False,False,False
2021-08-02,0.97725004,0.8047515621001367,0,0.0,2,1.6469716309136577,0,0.0,3,2.4704574463704865,1.4629382,1.2047088603139855,0,0.0,2,1.6469716309136577,0,0.0,4,3.2939432618273154,7.531178983211517,6.201819066341267,5.0,4.117429077284144,10.0,8.234858154568288,2.0,1.6469716309136577,15.0,12.352287231852431,0.0,5.0,False,False,False
2021-08-03,2.5186737,2.0740921172546223,1,0.8234858154568289,4,3.2939432618273154,0,0.0,7,5.764400708197802,1.639141,1.349809372186428,0,0.0,2,1.6469716309136577,0,0.0,5,4.117429077284144,8.4111908121109,6.9264963248741305,5.0,4.117429077284144,11.0,9.058343970025117,3.0,2.4704574463704865,16.0,13.175773047309262,0.0,4.0,False,False,False
2021-08-04,2.4027114,1.978598811547272,1,0.8234858154568289,4,3.2939432618273154,0,0.0,7,5.764400708197802,1.8388786,1.51429048855789,1,0.8234858154568289,3,2.4704574463704865,0,0.0,5,4.117429077284144,9.405875940322876,7.745605418802549,6.0,4.940914892740973,12.0,9.881829785481946,3.0,2.4704574463704865,18.0,14.822744678222918,3.0,7.0,False,False,False
2021-08-05,2.883865,2.3748219973640516,1,0.8234858154568289,4,3.2939432618273154,0,0.0,8,6.587886523654631,2.0655653,1.7009637303999625,1,0.8234858154568289,3,2.4704574463704865,0,0.0,6,4.940914892740973,10.53147318816185,8.67251878631519,7.0,5.764400708197802,13.0,10.705315600938773,4.0,3.2939432618273154,19.0,15.646230493679747,2.0,7.0,False,False,False
2021-08-06,2.6788797,2.2060194169171154,1,0.8234858154568289,4,3.2939432618273154,0,0.0,7,5.764400708197802,2.3231294,1.9130640794173814,1,0.8234858154568289,3,2.4704574463704865,0,0.0,6,4.940914892740973,11.806689920902253,9.722641677360112,8.0,6.587886523654631,15.0,12.352287231852431,5.0,4.117429077284144,21.0,17.293202124593403,4.0,11.0,False,False,False
2021-08-07,1.7183268,1.4150177776173223,1,0.8234858154568289,3,2.4704574463704865,0,0.0,5,4.117429077284144,2.6161299,2.1543459297390655,1,0.8234858154568289,4,3.2939432618273154,0,0.0,7,5.764400708197802,13.25310142660141,10.913741035616923,9.0,7.411372339111459,17.0,13.999258862766087,6.0,4.940914892740973,24.0,19.763659570963892,10.0,19.0,False,True,False
2021-08-08,1.1395085,0.9383690667164046,0,0.0,2,1.6469716309136577,0,0.0,4,3.2939432618273154,2.9498358,2.429147934890352,1,0.8234858154568289,4,3.2939432618273154,0,0.0,8,6.587886523654631,14.895618757247926,12.266330759046342,11.0,9.058343970025117,19.0,15.646230493679747,7.0,5.764400708197802,26.0,21.410631201877546,1.0,20.0,False,False,False
2021-08-09,2.2051032,1.8158711100113578,1,0.8234858154568289,3,2.4704574463704865,0,0.0,6,4.940914892740973,3.3303568,2.74250160146039,1,0.8234858154568289,5,4.117429077284144,0,0.0,9,7.411372339111459,16.76303708744049,13.804123265483996,12.0,9.881829785481946,21.0,17.293202124593403,7.0,5.764400708197802,29.0,23.88108864824803,0.0,20.0,False,False,False
2021-08-10,5.7791615,4.759057628689334,3,2.4704574463704865,8,6.587886523654631,0,0.0,14,11.528801416395604,3.764784,3.100246249232441,2,1.6469716309136577,5,4.117429077284144,0,0.0,10,8.234858154568288,18.888681341171264,15.554561157138606,14.0,11.528801416395604,23.0,18.94017375550706,9.0,7.411372339111459,33.0,27.175031910075347,0.0,20.0,False,False,False
2021-08-11,5.596481,4.608622475643642,3,2.4704574463704865,8,6.587886523654631,1,0.8234858154568289,14,11.528801416395604,4.26136,3.509169619064778,2,1.6469716309136577,6,4.940914892740973,0,0.0,10,8.234858154568288,21.311161536216737,17.549439235983645,16.0,13.175773047309262,26.0,21.410631201877546,10.0,8.234858154568288,36.0,29.645489356445836,6.0,23.0,False,False,False
2021-08-12,6.971617,5.741027780459262,3,2.4704574463704865,9,7.411372339111459,1,0.8234858154568289,17,13.999258862766087,4.8296704,3.9771650335751474,2,1.6469716309136577,7,5.764400708197802,0,0.0,12,9.881829785481946,24.075264883995057,19.825639135335823,18.0,14.822744678222918,29.0,23.88108864824803,11.0,9.058343970025117,40.0,32.93943261827315,7.0,28.0,False,False,False
2021-08-13,6.4966207,5.349874845705926,3,2.4704574463704865,9,7.411372339111459,1,0.8234858154568289,16,13.175773047309262,5.4808674,4.513416570262052,2,1.6469716309136577,7,5.764400708197802,1,0.8234858154568289,13,10.705315600938773,27.233004249572755,22.425992711798703,20.0,16.469716309136576,33.0,27.175031910075347,13.0,10.705315600938773,46.0,37.88034751101412,1.0,25.0,False,False,False
2021-08-14,4.4093633,3.6310480936663225,2,1.6469716309136577,6,4.940914892740973,0,0.0,11,9.058343970025117,6.227984,5.128656266606413,3,2.4704574463704865,9,7.411372339111459,1,0.8234858154568289,15,12.352287231852431,30.84485587978363,25.400301296811985,23.0,18.94017375550706,37.0,30.468975171902663,15.0,12.352287231852431,53.0,43.64474821921193,8.0,23.0,False,False,False
2021-08-15,2.9624944,2.4395720174652524,1,0.8234858154568289,4,3.2939432618273154,0,0.0,8,6.587886523654631,7.0862074,5.83539112994913,3,2.4704574463704865,10,8.234858154568288,1,0.8234858154568289,18,14.822744678222918,34.981222547531125,28.806540575230475,25.0,20.58714538642072,42.0,34.586404249186806,16.0,13.175773047309262,61.0,50.23263474286656,5.0,27.0,False,False,False
2021-08-16,5.601213,4.612519478541799,2,1.6469716309136577,7,5.764400708197802,0,0.0,14,11.528801416395604,8.0733,6.648248381679878,4,3.2939432618273154,11,9.058343970025117,1,0.8234858154568289,20,16.469716309136576,39.72416031455994,32.71228254997318,28.0,23.057602832791208,48.0,39.527319141927784,18.0,14.822744678222918,69.0,56.82052126652118,1.0,28.0,False,False,False
2021-08-17,14.76138,12.155787408119068,7,5.764400708197802,20,16.469716309136576,2,1.6469716309136577,39,32.115946802816325,9.210038,7.584335980936885,4,3.2939432618273154,12,9.881829785481946,1,0.8234858154568289,24,19.763659570963892,45.16942039012909,37.19637698367776,31.0,25.52806027916169,55.0,45.29171985012558,20.0,16.469716309136576,82.0,67.52583686745996,4.0,32.0,True,False,False
2021-08-18,14.838612,12.219385826028883,7,5.764400708197802,20,16.469716309136576,2,1.6469716309136577,39,32.115946802816325,10.520821,8.6637468484696,5,4.117429077284144,14,11.528801416395604,1,0.8234858154568289,28,23.057602832791208,51.428879583358764,42.350952841733246,35.0,28.82200354098901,63.0,51.87960637378021,22.0,18.116687940050234,94.0,77.40766665294191,16.0,42.0,True,False,False
2021-08-19,18.113022,14.915816427674145,9,7.411372339111459,23,18.94017375550706,3,2.4704574463704865,48,39.527319141927784,12.034191,9.909985965350643,5,4.117429077284144,17,13.999258862766087,2,1.6469716309136577,36,29.645489356445836,58.63340421676636,48.283776684453706,40.0,32.93943261827315,72.0,59.29097871289167,25.0,20.58714538642072,115.0,94.7008687775353,13.0,48.0,True,False,False
2021-08-20,17.214483,14.17588209733367,7,5.764400708197802,24,19.763659570963892,3,2.4704574463704865,49,40.350804957384604,13.783749,11.350721615599468,6,4.940914892740973,17,13.999258862766087,2,1.6469716309136577,38,31.292460987359494,66.93627696990967,55.12107462421021,44.0,36.23337588010047,84.0,69.17280849837361,27.0,22.234117017334377,136.0,111.9940709021287,1.0,48.0,True,False,False
2021-08-21,11.477961,9.451937512494624,4,3.2939432618273154,14,11.528801416395604,1,0.8234858154568289,29,23.88108864824803,15.808949,13.018446043133736,7,5.764400708197802,21,17.293202124593403,2,1.6469716309136577,45,37.056861695557295,76.51724354934693,63.01086470074272,49.0,40.350804957384604,95.0,78.23115246839873,29.0,23.88108864824803,162.0,133.40470210400625,18.0,58.0,True,False,False
2021-08-22,8.704381,7.16793438186869,3,2.4704574463704865,12,9.881829785481946,1,0.8234858154568289,24,19.763659570963892,18.15631,14.951462799217552,7,5.764400708197802,23,18.94017375550706,3,2.4704574463704865,51,41.997776588298265,87.58735495185852,72.12694441623792,54.0,44.468234034668754,107.0,88.11298225388067,32.0,26.351546094618524,191.0,157.2857907522543,,,False,False,True
2021-08-23,17.359549,14.295341679826379,7,5.764400708197802,21,17.293202124593403,2,1.6469716309136577,46,37.88034751101412,20.880665,17.19493156997487,8,6.587886523654631,27,22.234117017334377,2,1.6469716309136577,57,46.93869148103924,100.39473558235169,82.67364069860558,60.0,49.409148927409724,124.0,102.11224111664676,34.0,27.998517725532174,228.0,187.75476592415697,,,False,False,True
2021-08-24,46.2093,38.05270534940064,19,15.646230493679747,62,51.05612055832338,7,5.764400708197802,137,112.81755671758555,24.046757,19.80216329684481,9,7.411372339111459,31,25.52806027916169,3,2.4704574463704865,70,57.64400708197802,115.23143907165527,94.89145557018593,66.0,54.350063820150694,141.0,116.11149997941286,37.0,30.468975171902663,268.0,220.69419854243012,,,False,False,True
2021-08-25,44.956123,37.02073008753359,17,13.999258862766087,59,48.5856631119529,6,4.940914892740973,129,106.22967019393091,27.731087,22.83615613123402,10,8.234858154568288,34,27.998517725532174,4,3.2939432618273154,78,64.23189360563265,132.4416872882843,109.0638508570711,73.0,60.114464528348506,161.0,132.58121628854943,42.0,34.586404249186806,313.0,257.7510602379874,,,False,False,True
2021-08-26,56.141464,46.231699525378644,22,18.116687940050234,67,55.17354963560753,8,6.587886523654631,162,133.40470210400625,32.024178,26.371455169282854,11,9.058343970025117,39,32.115946802816325,4,3.2939432618273154,92,75.76069502202824,152.43167535209656,125.52532247877181,80.0,65.8788652365463,183.0,150.69790422859967,44.0,36.23337588010047,363.0,298.9253510108288,,,False,False,True
