,Raw Prediction Mean,Raw Prediction Mean 100k,Raw Prediction Q25,Raw Prediction Q25 100k,Raw Prediction Q75,Raw Prediction Q75 100k,Raw Prediction Q5,Raw Prediction Q5 100k,Raw Prediction Q95,Raw Prediction Q95 100k,Trend Prediction Mean,Trend Prediction Mean 100k,Trend Prediction Q25,Trend Prediction Q25 100k,Trend Prediction Q75,Trend Prediction Q75 100k,Trend Prediction Q5,Trend Prediction Q5 100k,Trend Prediction Q95,Trend Prediction Q95 100k,Trend 7Day Prediction Mean,Trend 7Day Prediction Mean 100k,Trend 7Day Prediction Q25,Trend 7Day Prediction Q25 100k,Trend 7Day Prediction Q75,Trend 7Day Prediction Q75 100k,Trend 7Day Prediction Q5,Trend 7Day Prediction Q5 100k,Trend 7Day Prediction Q95,Trend 7Day Prediction Q95 100k,RKI Meldedaten,RKI 7Day Incidence,is_nowcast,is_high,is_prediction
2020-10-02,1.7266423,0.9261561899620574,0,0.0,3,1.609174439873197,0,0.0,5,2.681957399788662,1.3325487,0.7147677933971863,0,0.0,2,1.0727829599154648,0,0.0,5,2.681957399788662,,,,,,,,,,,3.0,,False,False,False
2020-10-03,0.98615074,0.5289628461468965,0,0.0,1,0.5363914799577324,0,0.0,3,1.609174439873197,1.4505565,0.7780661690048873,0,0.0,2,1.0727829599154648,0,0.0,4,2.1455659198309296,,,,,,,,,,,0.0,,False,False,False
2020-10-04,0.9029201,0.4843186616199091,0,0.0,1,0.5363914799577324,0,0.0,3,1.609174439873197,1.58066,0.8478525160171557,0,0.0,2,1.0727829599154648,0,0.0,5,2.681957399788662,,,,,,,,,,,0.0,,False,False,False
2020-10-05,1.207204,0.6475339432654437,0,0.0,2,1.0727829599154648,0,0.0,4,2.1455659198309296,1.7242336,0.924864252738189,0,0.0,3,1.609174439873197,0,0.0,6,3.218348879746394,,,,,,,,,,,1.0,,False,False,False
2020-10-06,1.963992,1.0534685316088144,1,0.5363914799577324,3,1.609174439873197,0,0.0,6,3.218348879746394,1.882826,1.009931838780176,0,0.0,3,1.609174439873197,0,0.0,6,3.218348879746394,,,,,,,,,,,3.0,,False,False,False
2020-10-07,2.9592617,1.5873227312113158,1,0.5363914799577324,4,2.1455659198309296,0,0.0,8,4.291131839661859,2.05818,1.1039902346965391,1,0.5363914799577324,3,1.609174439873197,0,0.0,5,2.681957399788662,,,,,,,,,,,2.0,,False,False,False
2020-10-08,3.0263436,1.6233048881986178,1,0.5363914799577324,4,2.1455659198309296,0,0.0,8,4.291131839661859,2.2522588,1.2080924534529913,1,0.5363914799577324,3,1.609174439873197,0,0.0,7,3.7547403597041265,12.281262399673462,6.5875645143101,8.0,4.291131839661859,15.0,8.045872199365986,4.0,2.1455659198309296,23.0,12.337004039027844,0.0,9.0,False,False,False
2020-10-09,3.3365388,1.7896909412229434,1,0.5363914799577324,5,2.681957399788662,0,0.0,8,4.291131839661859,2.4672704,1.3234228390501812,1,0.5363914799577324,4,2.1455659198309296,0,0.0,7,3.7547403597041265,13.415985483646393,7.196220308664543,9.0,4.827523319619591,17.0,9.11865515928145,5.0,2.681957399788662,25.0,13.409786998943307,6.0,12.0,False,False,False
2020-10-10,1.9095309,1.024256107484689,0,0.0,3,1.609174439873197,0,0.0,6,3.218348879746394,2.7057147,1.4513223504764028,1,0.5363914799577324,4,2.1455659198309296,0,0.0,8,4.291131839661859,14.671141855716705,7.869475492657714,10.0,5.363914799577324,18.0,9.655046639239181,6.0,3.218348879746394,28.0,15.018961438816506,1.0,13.0,False,False,False
2020-10-11,1.7608286,0.9444934221392032,0,0.0,3,1.609174439873197,0,0.0,5,2.681957399788662,2.9704041,1.5932995665934868,1,0.5363914799577324,4,2.1455659198309296,0,0.0,8,4.291131839661859,16.060885608673097,8.614922201068007,11.0,5.900306279535056,20.0,10.727829599154648,7.0,3.7547403597041265,30.0,16.091744398731972,3.0,16.0,False,False,False
2020-10-12,2.35724,1.2644034541153815,1,0.5363914799577324,4,2.1455659198309296,0,0.0,7,3.7547403597041265,3.2645242,1.751063064148184,1,0.5363914799577324,5,2.681957399788662,0,0.0,9,4.827523319619591,17.60117869758606,9.441122290598699,13.0,6.97308923945052,22.0,11.800612559070112,7.0,3.7547403597041265,32.0,17.164527358647437,4.0,19.0,False,False,False
2020-10-13,3.7894058,2.032604970736429,1,0.5363914799577324,5,2.681957399788662,0,0.0,10,5.363914799577324,3.5916848,1.9265491573605686,1,0.5363914799577324,5,2.681957399788662,0,0.0,9,4.827523319619591,19.310038153648378,10.357739943275732,14.0,7.509480719408253,24.0,12.873395518985577,8.0,4.291131839661859,34.0,18.2373103185629,3.0,19.0,False,False,False
2020-10-14,5.811733,3.11736403091345,3,1.609174439873197,8,4.291131839661859,1,0.5363914799577324,14,7.509480719408253,3.9559631,2.1219449990894645,2,1.0727829599154648,6,3.218348879746394,0,0.0,10,5.363914799577324,21.207819884300232,11.375693894416825,16.0,8.582263679323718,27.0,14.482569958858774,10.0,5.363914799577324,37.0,19.846484758436095,1.0,18.0,False,False,False
2020-10-15,6.0470777,3.24360080412589,3,1.609174439873197,8,4.291131839661859,0,0.0,15,8.045872199365986,4.3619833,2.339730599487666,2,1.0727829599154648,6,3.218348879746394,0,0.0,12,6.436697759492788,23.317544191360472,12.50733203778367,18.0,9.655046639239181,30.0,16.091744398731972,11.0,5.900306279535056,41.0,21.992050678267027,3.0,21.0,False,False,False
2020-10-16,6.7157636,3.60227822966408,3,1.609174439873197,9,4.827523319619591,1,0.5363914799577324,16,8.582263679323718,4.8149967,2.582723209343385,2,1.0727829599154648,7,3.7547403597041265,0,0.0,14,7.509480719408253,25.66527085876465,13.76663261944883,20.0,10.727829599154648,33.0,17.70091883860517,13.0,6.97308923945052,45.0,24.137616598097953,13.0,28.0,False,False,False
2020-10-17,3.8943565,2.0888996004941873,2,1.0727829599154648,6,3.218348879746394,0,0.0,11,5.900306279535056,5.32097,2.8541229767142795,2,1.0727829599154648,7,3.7547403597041265,0,0.0,13,6.97308923945052,28.28052669143677,15.169433566003919,21.0,11.26422107911238,35.0,18.77370179852063,14.0,7.509480719408253,48.0,25.746791037971153,8.0,35.0,False,False,False
2020-10-18,3.6132352,1.9381086531211622,1,0.5363914799577324,5,2.681957399788662,0,0.0,10,5.363914799577324,5.8866777,3.1575636967318133,2,1.0727829599154648,8,4.291131839661859,0,0.0,15,8.045872199365986,31.196801374435424,16.733698459180836,24.0,12.873395518985577,39.0,20.919267718351563,16.0,8.582263679323718,52.0,27.89235695780208,3.0,35.0,False,False,False
2020-10-19,4.8664155,2.6103038180735894,2,1.0727829599154648,7,3.7547403597041265,0,0.0,12,6.436697759492788,6.519841,3.49718720826786,3,1.609174439873197,9,4.827523319619591,1,0.5363914799577324,17,9.11865515928145,34.45211419773102,18.479820522193744,26.0,13.94617847890104,42.0,22.52844215822476,16.0,8.582263679323718,58.0,31.110705837548476,4.0,35.0,False,False,False
2020-10-20,7.9545765,4.266767064109445,3,1.609174439873197,10,5.363914799577324,1,0.5363914799577324,20,10.727829599154648,7.2292414,3.8777034205850214,3,1.609174439873197,10,5.363914799577324,1,0.5363914799577324,20,10.727829599154648,38.08966983413696,20.43097437343412,28.0,15.018961438816506,47.0,25.21039955801342,18.0,9.655046639239181,65.0,34.8654461972526,6.0,38.0,False,False,False
2020-10-21,12.205827,6.547101656906307,5,2.681957399788662,17,9.11865515928145,2,1.0727829599154648,30,16.091744398731972,8.024905,4.304490721551701,3,1.609174439873197,11,5.900306279535056,1,0.5363914799577324,22,11.800612559070112,42.15861717796326,22.61352306105919,30.0,16.091744398731972,52.0,27.89235695780208,21.0,11.26422107911238,74.0,39.69296951687219,4.0,41.0,False,False,False
2020-10-22,13.024181,6.986060179769993,6,3.218348879746394,18,9.655046639239181,2,1.0727829599154648,35,18.77370179852063,8.918289,4.78369438496884,4,2.1455659198309296,12,6.436697759492788,1,0.5363914799577324,24,12.873395518985577,46.714918382644655,25.05748420737144,34.0,18.2373103185629,58.0,31.110705837548476,22.0,11.800612559070112,80.0,42.91131839661859,14.0,52.0,False,False,False
2020-10-23,14.381164,7.713933882769197,6,3.218348879746394,18,9.655046639239181,2,1.0727829599154648,38,20.38287623839383,9.922436,5.3223098802845925,4,2.1455659198309296,14,7.509480719408253,1,0.5363914799577324,27,14.482569958858774,51.82235727500915,27.797070913640518,37.0,19.846484758436095,64.0,34.32905471729487,25.0,13.409786998943307,93.0,49.88440763606911,9.0,48.0,True,False,False
2020-10-24,8.465386,4.540761074167676,3,1.609174439873197,11,5.900306279535056,1,0.5363914799577324,22,11.800612559070112,11.052319,5.928369500907138,5,2.681957399788662,14,7.509480719408253,1,0.5363914799577324,29,15.555352918774238,57.55371213912964,30.871320831369054,40.0,21.455659198309295,72.0,38.620186556956725,25.0,13.409786998943307,106.0,56.85749687551962,6.0,46.0,True,False,False
2020-10-25,8.243281,4.42162599938456,3,1.609174439873197,10,5.363914799577324,1,0.5363914799577324,23,12.337004039027844,12.325065,6.611059507122263,5,2.681957399788662,17,9.11865515928145,2,1.0727829599154648,35,18.77370179852063,63.99209551429748,34.324814818510596,44.0,23.601225118140224,81.0,43.44770987657632,28.0,15.018961438816506,123.0,65.97615203480107,7.0,50.0,True,False,False
2020-10-26,11.122953,5.966257594991475,4,2.1455659198309296,15,8.045872199365986,1,0.5363914799577324,31,16.628135878689704,13.76028,7.380896568065509,6,3.218348879746394,18,9.655046639239181,2,1.0727829599154648,42,22.52844215822476,71.23253370475769,38.20852417503403,47.0,25.21039955801342,89.0,47.738841716238184,29.0,15.555352918774238,141.0,75.63119867404026,3.0,49.0,True,False,False
2020-10-27,18.242388,9.78506141109392,7,3.7547403597041265,25,13.409786998943307,2,1.0727829599154648,52,27.89235695780208,15.380478,8.249957318184897,6,3.218348879746394,20,10.727829599154648,2,1.0727829599154648,42,22.52844215822476,79.3837695350647,42.5807776255369,51.0,27.355965477844347,99.0,53.10275651581551,32.0,17.164527358647437,166.0,89.04098567298357,14.0,57.0,True,False,False
2020-10-28,28.395899,15.231317956931889,10,5.363914799577324,37,19.846484758436095,4,2.1455659198309296,78,41.838535436703125,17.211529,9.232117736246437,7,3.7547403597041265,22,11.800612559070112,2,1.0727829599154648,47,25.21039955801342,88.57038177108765,47.508398158615066,56.0,30.03792287763301,109.0,58.46667131539282,35.0,18.77370179852063,186.0,99.76881527213823,,,False,False,True
2020-10-29,29.643475,15.900506696198136,11,5.900306279535056,38,20.38287623839383,4,2.1455659198309296,78,41.838535436703125,19.28313,10.34330707625486,8,4.291131839661859,24,12.873395518985577,2,1.0727829599154648,55,29.50153139767528,98.93523919296264,53.06801937068548,61.0,32.71988027742167,122.0,65.43976055484335,37.0,19.846484758436095,214.0,114.78777671095472,,,False,False,True
2020-10-30,33.007786,17.705095524434,13,6.97308923945052,44,23.601225118140224,4,2.1455659198309296,89,47.738841716238184,21.629547,11.601905134739354,8,4.291131839661859,29,15.555352918774238,3,1.609174439873197,63,33.79266323733714,110.64234256362916,59.34760987369545,66.0,35.40183767721034,139.0,74.5584157141248,38.0,20.38287623839383,242.0,129.80673814977123,,,False,False,True
2020-10-31,19.27741,10.340238804928958,6,3.218348879746394,25,13.409786998943307,2,1.0727829599154648,58,31.110705837548476,24.290142,13.029025285504758,9,4.827523319619591,31,16.628135878689704,3,1.609174439873197,71,38.083795076998996,123.8801642112732,66.44826461869174,71.0,38.083795076998996,157.0,84.21346235336398,41.0,21.992050678267027,299.0,160.38105250736197,,,False,False,True
2020-11-01,18.174059,9.748410229803994,6,3.218348879746394,23,12.337004039027844,2,1.0727829599154648,54,28.965139917717547,27.310408,14.64906963519752,9,4.827523319619591,35,18.77370179852063,3,1.609174439873197,89,47.738841716238184,138.8655090637207,74.48627592177304,77.0,41.30214395674539,175.0,93.86850899260317,43.0,23.064833638182492,344.0,184.51866910545994,,,False,False,True
