,Raw Prediction Mean,Raw Prediction Mean 100k,Raw Prediction Q25,Raw Prediction Q25 100k,Raw Prediction Q75,Raw Prediction Q75 100k,Raw Prediction Q5,Raw Prediction Q5 100k,Raw Prediction Q95,Raw Prediction Q95 100k,Trend Prediction Mean,Trend Prediction Mean 100k,Trend Prediction Q25,Trend Prediction Q25 100k,Trend Prediction Q75,Trend Prediction Q75 100k,Trend Prediction Q5,Trend Prediction Q5 100k,Trend Prediction Q95,Trend Prediction Q95 100k,Trend 7Day Prediction Mean,Trend 7Day Prediction Mean 100k,Trend 7Day Prediction Q25,Trend 7Day Prediction Q25 100k,Trend 7Day Prediction Q75,Trend 7Day Prediction Q75 100k,Trend 7Day Prediction Q5,Trend 7Day Prediction Q5 100k,Trend 7Day Prediction Q95,Trend 7Day Prediction Q95 100k,RKI Meldedaten,RKI 7Day Incidence,is_nowcast,is_high,is_prediction
2021-05-27,15.026556,9.466978372074664,7,4.4101155450272795,20,12.600330128649372,3,1.8900495192974058,38,23.940627244433802,11.071036,6.974935968173668,6,3.7800990385948117,16,10.080264102919497,2,1.260033012864937,26,16.38042916724418,,,,,,,,,,,16.0,,False,False,False
2021-05-28,12.787895,8.056584920268506,6,3.7800990385948117,16,10.080264102919497,2,1.260033012864937,33,20.790544712271462,10.389575,6.545603537233546,5,3.150082532162343,14,8.820231090054559,1,0.6300165064324685,24,15.120396154379247,,,,,,,,,,,8.0,,False,False,False
2021-05-29,6.897988,4.345846173237078,3,1.8900495192974058,9,5.670148557892217,1,0.6300165064324685,18,11.340297115784434,9.75782,6.147587555460632,5,3.150082532162343,13,8.19021458362209,1,0.6300165064324685,23,14.490379647946776,,,,,,,,,,,12.0,,False,False,False
2021-05-30,5.167721,3.255749470554292,2,1.260033012864937,7,4.4101155450272795,0,0.0,13,8.19021458362209,9.171671,5.778303966508247,5,3.150082532162343,12,7.560198077189623,2,1.260033012864937,22,13.860363141514307,,,,,,,,,,,5.0,,False,False,False
2021-05-31,6.0410433,3.805957021540962,3,1.8900495192974058,8,5.040132051459748,1,0.6300165064324685,14,8.820231090054559,8.627406,5.435408093035221,4,2.520066025729874,12,7.560198077189623,1,0.6300165064324685,21,13.230346635081839,,,,,,,,,,,3.0,,False,False,False
2021-06-01,10.493284,6.610942364204675,5,3.150082532162343,14,8.820231090054559,2,1.260033012864937,24,15.120396154379247,8.121647,5.116771717439406,4,2.520066025729874,11,6.930181570757154,1,0.6300165064324685,19,11.970313622216901,,,,,,,,,,,5.0,,False,False,False
2021-06-02,12.302117,7.75053704273887,6,3.7800990385948117,16,10.080264102919497,2,1.260033012864937,30,18.900495192974056,7.6513014,4.820446338271722,4,2.520066025729874,10,6.300165064324686,1,0.6300165064324685,18,11.340297115784434,64.79047296524048,40.81906742766811,50.0,31.500825321623424,78.0,49.14128750173254,34.0,21.420561218703927,109.0,68.67179920113907,10.0,59.0,False,False,False
2021-06-03,8.771938,5.526465974980965,4,2.520066025729874,11,6.930181570757154,1,0.6300165064324685,20,12.600330128649372,7.213542,4.544650437310338,4,2.520066025729874,10,6.300165064324686,1,0.6300165064324685,17,10.710280609351964,60.93297687530517,38.38878121751016,47.0,29.61077580232602,73.0,45.991204969570205,32.0,20.160528205838993,100.0,63.00165064324685,4.0,47.0,False,False,False
2021-06-04,7.5834975,4.77772846352309,4,2.520066025729874,10,6.300165064324686,1,0.6300165064324685,19,11.970313622216901,6.8058023,4.287767660571262,3,1.8900495192974058,9,5.670148557892217,1,0.6300165064324685,16,10.080264102919497,57.349202754974364,36.13094436637625,44.0,27.720726283028615,69.0,43.47113894384033,30.0,18.900495192974056,93.0,58.59153509821958,5.0,44.0,False,False,False
2021-06-05,4.637211,2.921519444498699,2,1.260033012864937,6,3.7800990385948117,0,0.0,12,7.560198077189623,6.425748,4.048327173222788,3,1.8900495192974058,9,5.670148557892217,1,0.6300165064324685,14,8.820231090054559,54.017125268936155,34.03168054946018,43.0,27.09070977659615,65.0,40.951072918110455,29.0,18.270478686541587,87.0,54.811436059624754,12.0,44.0,False,False,False
2021-06-06,3.0804935,1.9407616491662338,1,0.6300165064324685,4,2.520066025729874,0,0.0,8,5.040132051459748,6.071204,3.8249589124461636,3,1.8900495192974058,8,5.040132051459748,1,0.6300165064324685,15,9.450247596487028,50.91666117095947,32.07833699013361,40.0,25.200660257298743,60.0,37.80099038594811,28.0,17.640462180109118,82.0,51.66135352746242,0.0,39.0,False,False,False
2021-06-07,4.460888,2.8104330340283923,2,1.260033012864937,6,3.7800990385948117,0,0.0,11,6.930181570757154,5.7402306,3.6164401535643265,2,1.260033012864937,8,5.040132051459748,0,0.0,14,8.820231090054559,48.02948638534546,30.259369218241158,38.0,23.940627244433802,57.0,35.910940866650705,27.0,17.010445673676653,74.0,46.621221476002674,10.0,46.0,False,False,False
2021-06-08,7.585966,4.779283699463122,4,2.520066025729874,10,6.300165064324686,1,0.6300165064324685,18,11.340297115784434,5.431041,3.421645305934362,2,1.260033012864937,8,5.040132051459748,1,0.6300165064324685,14,8.820231090054559,45.33887141227722,28.564237372753812,35.0,22.0505777251364,53.0,33.39087484092083,25.0,15.750412660811712,68.0,42.841122437407854,12.0,53.0,False,False,False
2021-06-09,7.354253,4.633300704881549,3,1.8900495192974058,10,6.300165064324686,1,0.6300165064324685,17,10.710280609351964,5.141962,3.239520810893737,2,1.260033012864937,7,4.4101155450272795,0,0.0,13,8.19021458362209,42.82953338432312,26.98331299492403,33.0,20.790544712271462,51.0,32.1308418280559,23.0,14.490379647946776,66.0,41.581089424542924,1.0,44.0,False,False,False
2021-06-10,6.05631,3.815575473709032,3,1.8900495192974058,8,5.040132051459748,1,0.6300165064324685,15,9.450247596487028,4.8715096,3.069131344091147,2,1.260033012864937,7,4.4101155450272795,1,0.6300165064324685,12,7.560198077189623,40.48750010108948,25.507793367872612,31.0,19.530511699406524,48.0,30.240792308758493,21.0,13.230346635081839,63.0,39.69103990524552,3.0,43.0,False,False,False
2021-06-11,5.9746847,3.7641500966856256,3,1.8900495192974058,8,5.040132051459748,0,0.0,15,9.450247596487028,4.618298,2.9096039725118317,2,1.260033012864937,6,3.7800990385948117,0,0.0,11,6.930181570757154,38.29999144172668,24.12962680451009,29.0,18.270478686541587,46.0,28.980759295893552,20.0,12.600330128649372,60.0,37.80099038594811,5.0,43.0,False,False,False
2021-06-12,2.9804766,1.8777494915411808,1,0.6300165064324685,4,2.520066025729874,0,0.0,8,5.040132051459748,4.3810616,2.7601410693023354,2,1.260033012864937,6,3.7800990385948117,0,0.0,12,7.560198077189623,36.255308763504026,22.84144296681327,27.0,17.010445673676653,44.0,27.720726283028615,18.0,11.340297115784434,59.0,37.17097387951564,5.0,36.0,False,False,False
2021-06-13,2.3249776,1.4647743228124455,1,0.6300165064324685,3,1.8900495192974058,0,0.0,7,4.4101155450272795,4.158637,2.62000994553091,2,1.260033012864937,6,3.7800990385948117,0,0.0,11,6.930181570757154,34.34273701572418,21.63649119597557,25.0,15.750412660811712,42.0,26.460693270163677,16.0,10.080264102919497,58.0,36.540957373083174,0.0,36.0,False,False,False
2021-06-14,3.1818182,2.0045979908900335,1,0.6300165064324685,5,3.150082532162343,0,0.0,9,5.670148557892217,3.949957,2.4885381208150648,2,1.260033012864937,6,3.7800990385948117,0,0.0,10,6.300165064324686,32.55245554733276,20.50858431972882,23.0,14.490379647946776,40.0,25.200660257298743,15.0,9.450247596487028,56.0,35.280924360218236,3.0,29.0,False,False,False
2021-06-15,5.4240017,3.4172106097685173,2,1.260033012864937,7,4.4101155450272795,0,0.0,14,8.820231090054559,3.7540364,2.3651049559703097,1,0.6300165064324685,5,3.150082532162343,0,0.0,10,6.300165064324686,30.87545649623871,19.452047236267976,21.0,13.230346635081839,38.0,23.940627244433802,14.0,8.820231090054559,53.0,33.39087484092083,6.0,23.0,False,False,False
2021-06-16,5.536219,3.487909270916134,2,1.260033012864937,8,5.040132051459748,0,0.0,14,8.820231090054559,3.5699804,2.2491465642815456,1,0.6300165064324685,5,3.150082532162343,0,0.0,10,6.300165064324686,29.303473081588745,18.461671737200426,20.0,12.600330128649372,37.0,23.310610738001337,13.0,8.19021458362209,51.0,32.1308418280559,3.0,25.0,False,False,False
2021-06-17,4.3466616,2.738468538154848,2,1.260033012864937,6,3.7800990385948117,0,0.0,12,7.560198077189623,3.3969512,2.140135256922804,1,0.6300165064324685,5,3.150082532162343,0,0.0,10,6.300165064324686,27.828914319992066,17.5326753776899,19.0,11.970313622216901,35.0,22.0505777251364,11.0,6.930181570757154,50.0,31.500825321623424,6.0,28.0,True,False,False
2021-06-18,3.914469,2.466180012561381,1,0.6300165064324685,5,3.150082532162343,0,0.0,10,6.300165064324686,3.23419,2.0375930034788325,1,0.6300165064324685,5,3.150082532162343,0,0.0,9,5.670148557892217,26.44480314207077,16.660662488861796,18.0,11.340297115784434,34.0,21.420561218703927,11.0,6.930181570757154,49.0,30.87080881519096,1.0,24.0,True,False,False
2021-06-19,2.2540433,1.420084481651429,1,0.6300165064324685,3,1.8900495192974058,0,0.0,7,4.4101155450272795,3.0809836,1.941070513566956,1,0.6300165064324685,4,2.520066025729874,0,0.0,9,5.670148557892217,25.144724522590636,15.841591498929372,17.0,10.710280609351964,32.0,20.160528205838993,10.0,6.300165064324686,47.0,29.61077580232602,1.0,20.0,True,False,False
2021-06-20,1.7516612,1.1035754141630605,0,0.0,3,1.8900495192974058,0,0.0,5,3.150082532162343,2.9366856,1.8501603335607797,1,0.6300165064324685,4,2.520066025729874,0,0.0,9,5.670148557892217,23.922774616241455,15.071742887895779,15.0,9.450247596487028,31.0,19.530511699406524,9.0,5.670148557892217,46.0,28.980759295893552,0.0,20.0,True,False,False
2021-06-21,2.2539296,1.4200129044183996,1,0.6300165064324685,3,1.8900495192974058,0,0.0,6,3.7800990385948117,2.8006978,1.7644859326537699,1,0.6300165064324685,4,2.520066025729874,0,0.0,8,5.040132051459748,22.773517592430114,14.347691992761181,14.0,8.820231090054559,30.0,18.900495192974056,8.0,5.040132051459748,44.0,27.720726283028615,3.0,20.0,True,False,False
2021-06-22,4.0705476,2.5645122150308453,1,0.6300165064324685,6,3.7800990385948117,0,0.0,12,7.560198077189623,2.6724668,1.683698246779386,1,0.6300165064324685,4,2.520066025729874,0,0.0,8,5.040132051459748,21.691945252895355,13.666283565953503,14.0,8.820231090054559,29.0,18.270478686541587,7.0,4.4101155450272795,42.0,26.460693270163677,,,False,False,True
2021-06-23,4.163729,2.623218097141944,1,0.6300165064324685,6,3.7800990385948117,0,0.0,12,7.560198077189623,2.5514708,1.6074687664513476,1,0.6300165064324685,4,2.520066025729874,0,0.0,7,4.4101155450272795,20.6734389667511,13.02460779377739,13.0,8.19021458362209,28.0,17.640462180109118,6.0,3.7800990385948117,40.0,25.200660257298743,,,False,False,True
2021-06-24,3.2845137,2.0692978068836965,1,0.6300165064324685,5,3.150082532162343,0,0.0,9,5.670148557892217,2.4372525,1.5355093637481332,1,0.6300165064324685,3,1.8900495192974058,0,0.0,7,4.4101155450272795,19.71373780965805,12.419980223566428,11.0,6.930181570757154,27.0,17.010445673676653,6.0,3.7800990385948117,38.0,23.940627244433802,,,False,False,True
2021-06-25,2.9800594,1.8774866475723684,1,0.6300165064324685,4,2.520066025729874,0,0.0,9,5.670148557892217,2.329356,1.4675327292934526,1,0.6300165064324685,3,1.8900495192974058,0,0.0,7,4.4101155450272795,18.808908112049103,11.849922578562493,11.0,6.930181570757154,25.0,15.750412660811712,5.0,3.150082532162343,39.0,24.57064375086627,,,False,False,True
2021-06-26,1.7129785,1.0792046850838233,0,0.0,3,1.8900495192974058,0,0.0,6,3.7800990385948117,2.2273881,1.4032912986294832,0,0.0,3,1.8900495192974058,0,0.0,7,4.4101155450272795,17.955315175294878,11.312144938633166,10.0,6.300165064324686,25.0,15.750412660811712,4.0,2.520066025729874,37.0,23.310610738001337,,,False,False,True
