,Raw Prediction Mean,Raw Prediction Mean 100k,Raw Prediction Q25,Raw Prediction Q25 100k,Raw Prediction Q75,Raw Prediction Q75 100k,Raw Prediction Q5,Raw Prediction Q5 100k,Raw Prediction Q95,Raw Prediction Q95 100k,Trend Prediction Mean,Trend Prediction Mean 100k,Trend Prediction Q25,Trend Prediction Q25 100k,Trend Prediction Q75,Trend Prediction Q75 100k,Trend Prediction Q5,Trend Prediction Q5 100k,Trend Prediction Q95,Trend Prediction Q95 100k,Trend 7Day Prediction Mean,Trend 7Day Prediction Mean 100k,Trend 7Day Prediction Q25,Trend 7Day Prediction Q25 100k,Trend 7Day Prediction Q75,Trend 7Day Prediction Q75 100k,Trend 7Day Prediction Q5,Trend 7Day Prediction Q5 100k,Trend 7Day Prediction Q95,Trend 7Day Prediction Q95 100k,RKI Meldedaten,RKI 7Day Incidence,is_nowcast,is_high,is_prediction
2021-05-27,22.785595,9.614539885660633,12,5.063483423421142,30,12.658708558552858,5,2.1097847597588095,55,23.207632357346903,17.202057,7.258527330122888,9,3.797612567565857,23,9.705009894890523,3,1.2658708558552856,42,17.722191981974,,,,,,,,,,,11.0,,False,False,False
2021-05-28,18.359667,7.746989285806194,9,3.797612567565857,24,10.126966846842285,4,1.6878278078070474,43,18.14414893392576,15.031263,6.342546112136915,7,2.9536986636623332,20,8.439139039035238,3,1.2658708558552856,35,14.768493318311666,,,,,,,,,,,8.0,,False,False,False
2021-05-29,8.744234,3.6896904930472374,4,1.6878278078070474,12,5.063483423421142,1,0.42195695195176186,20,8.439139039035238,13.145489,5.5468302889494225,7,2.9536986636623332,18,7.595225135131714,2,0.8439139039035237,31,13.080665510504618,,,,,,,,,,,18.0,,False,False,False
2021-05-30,5.665986,2.3908021830720827,2,0.8439139039035237,8,3.375655615614095,1,0.42195695195176186,14,5.9073973273246665,11.506135,4.855093720834702,6,2.531741711710571,15,6.329354279276429,2,0.8439139039035237,26,10.97088075074581,,,,,,,,,,,5.0,,False,False,False
2021-05-31,7.2202797,3.0466471798717976,3,1.2658708558552856,10,4.219569519517619,1,0.42195695195176186,17,7.173268183179951,10.079981,4.253317820257507,5,2.1097847597588095,13,5.485440375372905,2,0.8439139039035237,24,10.126966846842285,,,,,,,,,,,4.0,,False,False,False
2021-06-01,12.254746,5.170975418877788,6,2.531741711710571,16,6.75131123122819,3,1.2658708558552856,28,11.814794654649333,8.83837,3.7294117646524683,4,1.6878278078070474,11,4.641526471469381,1,0.42195695195176186,19,8.017182087083475,,,,,,,,,,,9.0,,False,False,False
2021-06-02,11.32565,4.778937000082806,6,2.531741711710571,15,6.329354279276429,2,0.8439139039035237,28,11.814794654649333,7.756632,3.272964750067331,4,1.6878278078070474,11,4.641526471469381,1,0.42195695195176186,18,7.595225135131714,83.55995183563232,35.25870258179944,62.0,26.161331021009236,98.0,41.351781291272665,45.0,18.988062837829286,143.0,60.33984412910195,8.0,63.0,False,False,False
2021-06-03,7.9036255,3.3349897421430796,4,1.6878278078070474,11,4.641526471469381,1,0.42195695195176186,20,8.439139039035238,6.81346,2.8749867851729505,3,1.2658708558552856,9,3.797612567565857,1,0.42195695195176186,16,6.75131123122819,73.17135208892822,30.875160697633337,55.0,23.207632357346903,86.0,36.28829786785152,40.0,16.878278078070476,121.0,51.05679118616319,9.0,61.0,False,False,False
2021-06-04,6.4946384,2.7404577849665657,3,1.2658708558552856,9,3.797612567565857,1,0.42195695195176186,15,6.329354279276429,5.9904933,2.527730248402804,3,1.2658708558552856,8,3.375655615614095,1,0.42195695195176186,14,5.9073973273246665,64.13056955337524,27.06033965567268,48.0,20.25393369368457,76.0,32.0687283483339,34.0,14.346536366359903,105.0,44.305479954934995,9.0,62.0,False,False,False
2021-06-05,3.4641423,1.4617189663113095,2,0.8439139039035237,5,2.1097847597588095,0,0.0,9,3.797612567565857,5.271831,2.224485797341913,2,0.8439139039035237,7,2.9536986636623332,0,0.0,13,5.485440375372905,56.25690668106079,23.73799286937512,43.0,18.14414893392576,66.0,27.849158828816282,31.0,13.080665510504618,92.0,38.82003957956209,13.0,57.0,False,False,False
2021-06-06,2.4580255,1.037180936691584,1,0.42195695195176186,4,1.6878278078070474,0,0.0,7,2.9536986636623332,4.6437755,1.9594734112615697,2,0.8439139039035237,6,2.531741711710571,0,0.0,12,5.063483423421142,49.3945419845581,20.842370378857467,38.0,16.03436417416695,59.0,24.895460165153953,27.0,11.39283770269757,82.0,34.60047006004447,4.0,56.0,False,False,False
2021-06-07,3.0449486,1.2848372534790542,1,0.42195695195176186,4,1.6878278078070474,0,0.0,8,3.375655615614095,4.0944686,1.7276894141105004,2,0.8439139039035237,6,2.531741711710571,0,0.0,11,4.641526471469381,43.40903017044067,18.316742057901216,33.0,13.924579414408141,53.0,22.36371845344338,22.0,9.283052942938761,70.0,29.536986636623332,1.0,53.0,False,False,False
2021-06-08,5.1359286,2.167140701203607,2,0.8439139039035237,7,2.9536986636623332,0,0.0,13,5.485440375372905,3.6136405,1.5248007912305184,1,0.42195695195176186,5,2.1097847597588095,0,0.0,9,3.797612567565857,38.18430186271667,16.11213162639791,29.0,12.236751606601096,46.0,19.410019789781046,20.0,8.439139039035238,62.0,26.161331021009236,7.0,51.0,False,False,False
2021-06-09,4.8731937,2.0562780264299363,2,0.8439139039035237,7,2.9536986636623332,0,0.0,13,5.485440375372905,3.192422,1.3470646081259474,1,0.42195695195176186,5,2.1097847597588095,0,0.0,9,3.797612567565857,33.620093076705935,14.186231998981368,25.0,10.548923798794048,41.0,17.300235030022236,16.0,6.75131123122819,56.0,23.629589309298666,5.0,48.0,False,False,False
2021-06-10,3.4729962,1.4654548976977821,1,0.42195695195176186,5,2.1097847597588095,0,0.0,9,3.797612567565857,2.823108,1.1912300578842405,1,0.42195695195176186,4,1.6878278078070474,0,0.0,7,2.9536986636623332,29.629738872528076,12.50247430177858,22.0,9.283052942938761,36.0,15.190450270263428,14.0,5.9073973273246665,50.0,21.097847597588096,1.0,40.0,False,False,False
2021-06-11,2.9765885,1.255992174264975,1,0.42195695195176186,4,1.6878278078070474,0,0.0,8,3.375655615614095,2.4990344,1.0544849828875158,1,0.42195695195176186,4,1.6878278078070474,0,0.0,7,2.9536986636623332,26.13828804397583,11.02923235227322,18.0,7.595225135131714,32.0,13.50262246245638,12.0,5.063483423421142,45.0,18.988062837829286,2.0,33.0,False,False,False
2021-06-12,1.6044238,0.6769977517251391,0,0.0,2,0.8439139039035237,0,0.0,5,2.1097847597588095,2.21442,0.9343899364466779,1,0.42195695195176186,3,1.2658708558552856,0,0.0,7,2.9536986636623332,23.080877207756043,9.739136594957632,16.0,6.75131123122819,29.0,12.236751606601096,10.0,4.219569519517619,41.0,17.300235030022236,5.0,25.0,False,False,False
2021-06-13,1.1245973,0.4745316346088657,0,0.0,2,0.8439139039035237,0,0.0,4,1.6878278078070474,1.9642413,0.8288252502097748,1,0.42195695195176186,3,1.2658708558552856,0,0.0,6,2.531741711710571,20.401341574668884,8.608487906574041,14.0,5.9073973273246665,26.0,10.97088075074581,8.0,3.375655615614095,37.0,15.61240722221519,0.0,21.0,False,False,False
2021-06-14,1.4098506,0.5948962552793091,0,0.0,2,0.8439139039035237,0,0.0,5,2.1097847597588095,1.7441441,0.7359536994044902,0,0.0,2,0.8439139039035237,0,0.0,5,2.1097847597588095,18.05101682472229,7.616752038989788,12.0,5.063483423421142,24.0,10.126966846842285,7.0,2.9536986636623332,32.0,13.50262246245638,0.0,20.0,False,False,False
2021-06-15,2.305503,0.9728229997563176,1,0.42195695195176186,3,1.2658708558552856,0,0.0,7,2.9536986636623332,1.5503389,0.6541762559209019,0,0.0,2,0.8439139039035237,0,0.0,5,2.1097847597588095,15.98771094608307,6.746125779495031,10.0,4.219569519517619,21.0,8.861095990987,6.0,2.531741711710571,30.0,12.658708558552858,1.0,14.0,False,False,False
2021-06-16,2.216253,0.9351633707410656,1,0.42195695195176186,3,1.2658708558552856,0,0.0,7,2.9536986636623332,1.3795334,0.5821037120767869,0,0.0,2,0.8439139039035237,0,0.0,4,1.6878278078070474,14.174821116924285,5.981164312958841,9.0,3.797612567565857,19.0,8.017182087083475,5.0,2.1097847597588095,28.0,11.814794654649333,3.0,12.0,False,False,False
2021-06-17,1.6115156,0.6799902166676475,0,0.0,2,0.8439139039035237,0,0.0,5,2.1097847597588095,1.2288617,0.5185267127671978,0,0.0,2,0.8439139039035237,0,0.0,4,1.6878278078070474,12.580573957443237,5.308460640886462,8.0,3.375655615614095,17.0,7.173268183179951,4.0,1.6878278078070474,26.0,10.97088075074581,1.0,12.0,True,False,False
2021-06-18,1.369373,0.5778164450020995,0,0.0,2,0.8439139039035237,0,0.0,5,2.1097847597588095,1.0958306,0.46239333642006386,0,0.0,2,0.8439139039035237,0,0.0,4,1.6878278078070474,11.177368746757507,4.716368447222682,7.0,2.9536986636623332,15.0,6.329354279276429,3.0,1.2658708558552856,24.0,10.126966846842285,1.0,11.0,True,False,False
2021-06-19,0.72066313,0.30408882594201714,0,0.0,1,0.42195695195176186,0,0.0,3,1.2658708558552856,0.9782658,0.4127860847802367,0,0.0,1,0.42195695195176186,0,0.0,4,1.6878278078070474,9.94121529531479,4.194764904707263,6.0,2.531741711710571,13.0,5.485440375372905,3.0,1.2658708558552856,22.0,9.283052942938761,2.0,8.0,True,False,False
2021-06-20,0.5248577,0.22146734863781603,0,0.0,1,0.42195695195176186,0,0.0,2,0.8439139039035237,0.8742734,0.3689057393785333,0,0.0,1,0.42195695195176186,0,0.0,3,1.2658708558552856,8.851247027397156,3.7348452166525963,5.0,2.1097847597588095,11.0,4.641526471469381,2.0,0.8439139039035237,20.0,8.439139039035238,0.0,8.0,True,False,False
2021-06-21,0.64154524,0.2707044814087567,0,0.0,1,0.42195695195176186,0,0.0,3,1.2658708558552856,0.78219956,0.33005453587975353,0,0.0,1,0.42195695195176186,0,0.0,3,1.2658708558552856,7.889302874088288,3.3289461937745686,4.0,1.6878278078070474,10.0,4.219569519517619,2.0,0.8439139039035237,19.0,8.017182087083475,0.0,8.0,True,False,False
2021-06-22,1.035488,0.4369313501229044,0,0.0,2,0.8439139039035237,0,0.0,4,1.6878278078070474,0.70060176,0.29562377221736824,0,0.0,1,0.42195695195176186,0,0.0,3,1.2658708558552856,7.039565751791001,2.9703937076897438,3.0,1.2658708558552856,9.0,3.797612567565857,1.0,0.42195695195176186,17.0,7.173268183179951,,,False,False,True
2021-06-23,1.0012094,0.42246724660799373,0,0.0,1,0.42195695195176186,0,0.0,4,1.6878278078070474,0.6282169,0.26508050723350607,0,0.0,1,0.42195695195176186,0,0.0,3,1.2658708558552856,6.288250185370445,2.6533708813290144,3.0,1.2658708558552856,8.0,3.375655615614095,1.0,0.42195695195176186,16.0,6.75131123122819,,,False,False,True
2021-06-24,0.7324152,0.3090476866418612,0,0.0,1,0.42195695195176186,0,0.0,3,1.2658708558552856,0.5639452,0.2379605803071172,0,0.0,1,0.42195695195176186,0,0.0,2,0.8439139039035237,5.6233335518836975,2.37280468536092,2.0,0.8439139039035237,7.0,2.9536986636623332,1.0,0.42195695195176186,15.0,6.329354279276429,,,False,False,True
2021-06-25,0.63025624,0.265941002908221,0,0.0,1,0.42195695195176186,0,0.0,3,1.2658708558552856,0.5068206,0.21385649233707227,0,0.0,1,0.42195695195176186,0,0.0,2,0.8439139039035237,5.034323347866535,2.1242677350053527,2.0,0.8439139039035237,7.0,2.9536986636623332,1.0,0.42195695195176186,13.0,5.485440375372905,,,False,False,True
2021-06-26,0.34131524,0.14402033912119805,0,0.0,1,0.42195695195176186,0,0.0,2,0.8439139039035237,0.45599827,0.19241163045080611,0,0.0,1,0.42195695195176186,0,0.0,2,0.8439139039035237,4.512055682599544,1.9038932628663299,2.0,0.8439139039035237,6.0,2.531741711710571,0.0,0.0,12.0,5.063483423421142,,,False,False,True
