,Unnamed: 0,Raw Prediction Mean,Raw Prediction Mean 100k,Raw Prediction Q25,Raw Prediction Q25 100k,Raw Prediction Q75,Raw Prediction Q75 100k,Raw Prediction Q5,Raw Prediction Q5 100k,Raw Prediction Q95,Raw Prediction Q95 100k,Trend Prediction Mean,Trend Prediction Mean 100k,Trend Prediction Q25,Trend Prediction Q25 100k,Trend Prediction Q75,Trend Prediction Q75 100k,Trend Prediction Q5,Trend Prediction Q5 100k,Trend Prediction Q95,Trend Prediction Q95 100k,Trend 7Day Prediction Mean,Trend 7Day Prediction Mean 100k,Trend 7Day Prediction Q25,Trend 7Day Prediction Q25 100k,Trend 7Day Prediction Q75,Trend 7Day Prediction Q75 100k,Trend 7Day Prediction Q5,Trend 7Day Prediction Q5 100k,Trend 7Day Prediction Q95,Trend 7Day Prediction Q95 100k,RKI Meldedaten,RKI 7Day Incidence,is_nowcast,is_high,is_prediction
0,2020-08-08,5.1813807,1.4016384739079513,2,0.5410289288168239,7,1.8936012508588835,0,0.0,14,3.787202501717767,12.000241,3.2462387025589123,5,1.3525723220420596,17,4.5987458949430025,1,0.2705144644084119,36,9.73852071870283,,,,,,,,,,,1.0,,False,False,False
1,2020-08-09,3.2928565,0.890765295480378,1,0.2705144644084119,5,1.3525723220420596,0,0.0,10,2.705144644084119,10.079156,2.726557431742549,4,1.0820578576336477,14,3.787202501717767,1,0.2705144644084119,30,8.115433932252357,,,,,,,,,,,0.0,,False,False,False
2,2020-08-10,5.4331255,1.4697390724904835,2,0.5410289288168239,8,2.1641157152672954,0,0.0,15,4.057716966126178,8.483225,2.2948350306251086,3,0.8115433932252358,11,2.975659108492531,1,0.2705144644084119,24,6.492347145801887,,,,,,,,,,,5.0,,False,False,False
3,2020-08-11,9.020293,2.44011971517466,3,0.8115433932252358,13,3.5166880373093545,1,0.2705144644084119,25,6.762861610210298,7.154598,1.9354223695700057,3,0.8115433932252358,10,2.705144644084119,1,0.2705144644084119,19,5.139774823759827,,,,,,,,,,,4.0,,False,False,False
4,2020-08-12,9.11946,2.4669458071002737,4,1.0820578576336477,12,3.2461735729009438,1,0.2705144644084119,24,6.492347145801887,6.046254,1.635599255678244,2,0.5410289288168239,8,2.1641157152672954,0,0.0,18,4.869260359351415,,,,,,,,,,,13.0,,False,False,False
5,2020-08-13,6.837477,1.8496364646125585,3,0.8115433932252358,10,2.705144644084119,0,0.0,19,5.139774823759827,5.119785,1.38497589432518,2,0.5410289288168239,7,1.8936012508588835,0,0.0,15,4.057716966126178,,,,,,,,,,,3.0,,False,False,False
6,2020-08-14,6.305958,1.705852810118813,2,0.5410289288168239,9,2.4346301796757075,0,0.0,16,4.328231430534591,4.343808,1.1750629710149951,2,0.5410289288168239,6,1.6230867864504717,0,0.0,12,3.2461735729009438,53.22707395648956,14.398693403366703,37.0,10.00903518311124,66.0,17.853954650955185,22.0,5.951318216985062,107.0,28.94504769170008,13.0,39.0,False,True,False
7,2020-08-15,3.021176,0.8172718480636831,1,0.2705144644084119,4,1.0820578576336477,0,0.0,8,2.1641157152672954,3.6925995,0.998901577986544,1,0.2705144644084119,5,1.3525723220420596,0,0.0,9,2.4346301796757075,44.91942902374267,12.151355283889425,31.0,8.38594839666077,56.0,15.148810006871066,19.0,5.139774823759827,86.0,23.264243939123425,7.0,45.0,False,False,False
8,2020-08-16,2.723031,0.7366192676272476,1,0.2705144644084119,4,1.0820578576336477,0,0.0,8,2.1641157152672954,3.145048,0.8507809070579242,1,0.2705144644084119,5,1.3525723220420596,0,0.0,9,2.4346301796757075,37.98531935119629,10.275578319671348,27.0,7.303890539027122,47.0,12.71417982719536,16.0,4.328231430534591,69.0,18.665498044180424,0.0,45.0,False,False,False
9,2020-08-17,3.9270883,1.0623341950122267,1,0.2705144644084119,6,1.6230867864504717,0,0.0,11,2.975659108492531,2.6837788,0.7260009624587838,1,0.2705144644084119,4,1.0820578576336477,0,0.0,7,1.8936012508588835,32.18588268375397,8.706746815707683,23.0,6.221832681393474,40.0,10.820578576336477,14.0,3.787202501717767,56.0,15.148810006871066,2.0,42.0,False,False,False
10,2020-08-18,3.7503457,1.0145227861357853,1,0.2705144644084119,5,1.3525723220420596,0,0.0,10,2.705144644084119,2.29447,0.6206873422343051,1,0.2705144644084119,3,0.8115433932252358,0,0.0,7,1.8936012508588835,27.3257500371933,7.392010635869487,19.0,5.139774823759827,34.0,9.197491789886003,12.0,3.2461735729009438,49.0,13.255208756012184,11.0,49.0,False,True,False
11,2020-08-19,3.1326106,0.8474165042571258,1,0.2705144644084119,5,1.3525723220420596,0,0.0,9,2.4346301796757075,1.9652891,0.5316391252563335,0,0.0,3,0.8115433932252358,0,0.0,6,1.6230867864504717,23.24478174304962,6.2880496835115,17.0,4.5987458949430025,28.0,7.574405003435533,11.0,2.975659108492531,41.0,11.091093040744887,4.0,40.0,False,False,False
12,2020-08-20,2.6298296,0.7114069376257248,1,0.2705144644084119,4,1.0820578576336477,0,0.0,7,1.8936012508588835,1.6864423,0.4562070444080746,0,0.0,2,0.5410289288168239,0,0.0,5,1.3525723220420596,19.81143628883362,5.359280076835202,14.0,3.787202501717767,24.0,6.492347145801887,9.0,2.4346301796757075,34.0,9.197491789886003,5.0,42.0,False,False,False
13,2020-08-21,2.1400187,0.5789060196548235,1,0.2705144644084119,3,0.8115433932252358,0,0.0,7,1.8936012508588835,1.4498115,0.3921949883078923,0,0.0,2,0.5410289288168239,0,0.0,5,1.3525723220420596,16.91744040775299,4.576412331064526,12.0,3.2461735729009438,21.0,5.68080375257665,7.0,1.8936012508588835,30.0,8.115433932252357,3.0,32.0,False,False,False
14,2020-08-22,0.80829585,0.2186557139793876,0,0.0,1,0.2705144644084119,0,0.0,3,0.8115433932252358,1.2486508,0.3377781013114145,0,0.0,2,0.5410289288168239,0,0.0,4,1.0820578576336477,14.473489394664764,3.915288231718568,10.0,2.705144644084119,19.0,5.139774823759827,5.0,1.3525723220420596,27.0,7.303890539027122,2.0,27.0,False,False,False
15,2020-08-23,0.76325595,0.2064717818939243,0,0.0,1,0.2705144644084119,0,0.0,3,0.8115433932252358,1.0773388,0.2914357310146442,0,0.0,2,0.5410289288168239,0,0.0,4,1.0820578576336477,12.405779974460602,3.355942925359812,8.0,2.1641157152672954,16.0,4.328231430534591,4.0,1.0820578576336477,23.0,6.221832681393474,0.0,27.0,False,False,False
16,2020-08-24,1.1748124,0.3178037559337099,0,0.0,2,0.5410289288168239,0,0.0,4,1.0820578576336477,0.9311968,0.2519022018532268,0,0.0,1,0.2705144644084119,0,0.0,3,0.8115433932252358,10.653198328495026,2.8818442400694213,7.0,1.8936012508588835,14.0,3.787202501717767,3.0,0.8115433932252358,21.0,5.68080375257665,0.0,25.0,False,False,False
17,2020-08-25,1.2549095,0.3394711711734999,0,0.0,2,0.5410289288168239,0,0.0,5,1.3525723220420596,0.80631334,0.2181194304284872,0,0.0,1,0.2705144644084119,0,0.0,3,0.8115433932252358,9.165042360067368,2.4792765253140314,6.0,1.6230867864504717,11.0,2.975659108492531,3.0,0.8115433932252358,19.0,5.139774823759827,0.0,14.0,False,False,False
18,2020-08-26,1.075028,0.2908106125687482,0,0.0,2,0.5410289288168239,0,0.0,4,1.0820578576336477,0.6994142,0.1892016598503687,0,0.0,1,0.2705144644084119,0,0.0,3,0.8115433932252358,7.899168449163437,2.1368393222972726,5.0,1.3525723220420596,10.0,2.705144644084119,2.0,0.5410289288168239,17.0,4.5987458949430025,1.0,11.0,False,False,False
19,2020-08-27,0.8690357,0.2350867362110875,0,0.0,1,0.2705144644084119,0,0.0,3,0.8115433932252358,0.60775656,0.1644069357098487,0,0.0,1,0.2705144644084119,0,0.0,3,0.8115433932252358,6.8204817585945126,1.845038969933538,4.0,1.0820578576336477,9.0,2.4346301796757075,2.0,0.5410289288168239,15.0,4.057716966126178,0.0,6.0,False,False,False
20,2020-08-28,0.6795169,0.1838191565184388,0,0.0,1,0.2705144644084119,0,0.0,2,0.5410289288168239,0.5290348,0.1431115606465027,0,0.0,1,0.2705144644084119,0,0.0,2,0.5410289288168239,5.899704274535179,1.5959553419939023,3.0,0.8115433932252358,8.0,2.1641157152672954,1.0,0.2705144644084119,13.0,3.5166880373093545,0.0,3.0,False,False,False
21,2020-08-29,0.27774402,0.0751337779547611,0,0.0,0,0.0,0,0.0,1,0.2705144644084119,0.46131292,0.1247918135049985,0,0.0,1,0.2705144644084119,0,0.0,2,0.5410289288168239,5.112367859005928,1.382969453237768,3.0,0.8115433932252358,7.0,1.8936012508588835,1.0,0.2705144644084119,11.0,2.975659108492531,3.0,4.0,True,True,False
22,2020-08-30,0.23599891,0.0638411222553259,0,0.0,0,0.0,0,0.0,1,0.2705144644084119,0.4029582,0.1090060209207877,0,0.0,1,0.2705144644084119,0,0.0,2,0.5410289288168239,4.437987349510193,1.2005397709040575,2.0,0.5410289288168239,6.0,1.6230867864504717,1.0,0.2705144644084119,10.0,2.705144644084119,0.0,4.0,True,False,False
23,2020-08-31,0.3669546,0.0992665263765957,0,0.0,1,0.2705144644084119,0,0.0,2,0.5410289288168239,0.35259315,0.09538155154587,0,0.0,1,0.2705144644084119,0,0.0,2,0.5410289288168239,3.859383198916912,1.044018979001832,2.0,0.5410289288168239,5.0,1.3525723220420596,0.0,0.0,10.0,2.705144644084119,3.0,7.0,True,True,False
24,2020-09-01,0.50665224,0.1370567588310223,0,0.0,1,0.2705144644084119,0,0.0,3,0.8115433932252358,0.30905348,0.0836034359963378,0,0.0,0,0.0,0,0.0,2,0.5410289288168239,3.362123155534267,0.909502944694472,1.0,0.2705144644084119,5.0,1.3525723220420596,0.0,0.0,9.0,2.4346301796757075,2.0,9.0,True,False,False
25,2020-09-02,0.4273493,0.115604166239791,0,0.0,1,0.2705144644084119,0,0.0,2,0.5410289288168239,0.2713544,0.0734052946427255,0,0.0,0,0.0,0,0.0,2,0.5410289288168239,2.9340630676448347,0.7937064992844445,1.0,0.2705144644084119,4.0,1.0820578576336477,0.0,0.0,8.0,2.1641157152672954,7.0,15.0,True,True,False
26,2020-09-03,0.29384696,0.0794898539879795,0,0.0,0,0.0,0,0.0,2,0.5410289288168239,0.23866037,0.0645610782612493,0,0.0,0,0.0,0,0.0,1,0.2705144644084119,2.564967192083597,0.6938607261916425,1.0,0.2705144644084119,4.0,1.0820578576336477,0.0,0.0,8.0,2.1641157152672954,,,False,False,True
27,2020-09-04,0.21840706,0.0590822708090854,0,0.0,0,0.0,0,0.0,1,0.2705144644084119,0.21026175,0.056878843679442,0,0.0,0,0.0,0,0.0,1,0.2705144644084119,2.246194128960371,0.607628001753034,1.0,0.2705144644084119,3.0,0.8115433932252358,0.0,0.0,7.0,1.8936012508588835,,,False,False,True
28,2020-09-05,0.0903627,0.0244444180452774,0,0.0,0,0.0,0,0.0,1,0.2705144644084119,0.18555588,0.0501955469189852,0,0.0,0,0.0,0,0.0,1,0.2705144644084119,1.9704370170682668,0.533031714322731,0.0,0.0,3.0,0.8115433932252358,0.0,0.0,6.0,1.6230867864504717,,,False,False,True
29,2020-09-06,0.07455423,0.0201679966949086,0,0.0,0,0.0,0,0.0,1,0.2705144644084119,0.16402875,0.0443721489773452,0,0.0,0,0.0,0,0.0,1,0.2705144644084119,1.7315076738670467,0.4683978710151993,0.0,0.0,2.0,0.5410289288168239,0.0,0.0,5.0,1.3525723220420596,,,False,False,True
30,2020-09-07,0.110417694,0.0298695823630623,0,0.0,0,0.0,0,0.0,1,0.2705144644084119,0.14524218,0.0392901114310006,0,0.0,0,0.0,0,0.0,1,0.2705144644084119,1.5241569462418556,0.4123064999869762,0.0,0.0,2.0,0.5410289288168239,0.0,0.0,5.0,1.3525723220420596,,,False,False,True
