,Raw Prediction Mean,Raw Prediction Mean 100k,Raw Prediction Q25,Raw Prediction Q25 100k,Raw Prediction Q75,Raw Prediction Q75 100k,Raw Prediction Q5,Raw Prediction Q5 100k,Raw Prediction Q95,Raw Prediction Q95 100k,Trend Prediction Mean,Trend Prediction Mean 100k,Trend Prediction Q25,Trend Prediction Q25 100k,Trend Prediction Q75,Trend Prediction Q75 100k,Trend Prediction Q5,Trend Prediction Q5 100k,Trend Prediction Q95,Trend Prediction Q95 100k,Trend 7Day Prediction Mean,Trend 7Day Prediction Mean 100k,Trend 7Day Prediction Q25,Trend 7Day Prediction Q25 100k,Trend 7Day Prediction Q75,Trend 7Day Prediction Q75 100k,Trend 7Day Prediction Q5,Trend 7Day Prediction Q5 100k,Trend 7Day Prediction Q95,Trend 7Day Prediction Q95 100k,RKI Meldedaten,RKI 7Day Incidence,is_nowcast,is_high,is_prediction
2021-01-12,22.077534,26.102238916791975,13,15.369882124827088,29,34.28666012461428,6,7.093791749920196,45,53.20343812440146,17.651024,20.868780848104507,10,11.822986249866991,23,27.19286837469408,4,4.7291944999467965,37,43.745049124507865,,,,,,,,,,,33.0,,False,False,False
2021-01-13,22.461409,26.556092780083418,13,15.369882124827088,29,34.28666012461428,6,7.093791749920196,49,57.93263262434826,16.633514,19.665781292133033,10,11.822986249866991,22,26.010569749707383,4,4.7291944999467965,37,43.745049124507865,,,,,,,,,,,20.0,,False,False,False
2021-01-14,21.376802,25.273763458244503,12,14.187583499840391,28,33.10436149962757,6,7.093791749920196,43,50.838840874428065,15.682655,18.54158181231469,9,10.640687624880293,21,24.82827112472068,4,4.7291944999467965,34,40.19815324954777,,,,,,,,,,,26.0,,False,False,False
2021-01-15,17.452608,20.634195243474096,10,11.822986249866991,23,27.19286837469408,4,4.7291944999467965,38,44.92734774949457,14.793725,17.490600293967873,8,9.458388999893593,20,23.645972499733983,4,4.7291944999467965,33,39.01585462456107,,,,,,,,,,,14.0,,False,False,False
2021-01-16,11.57958,13.69052188238129,7,8.276090374906893,16,18.916777999787186,2,2.3645972499733983,25,29.55746562466748,13.962299,16.50760677875951,8,9.458388999893593,18,21.281375249760586,3,3.546895874960098,29,34.28666012461428,,,,,,,,,,,11.0,,False,False,False
2021-01-17,6.802894,8.043052366701886,4,4.7291944999467965,9,10.640687624880293,1,1.1822986249866991,14,16.552180749813786,13.184326,15.58781077619642,7,8.276090374906893,17,20.099076624773886,3,3.546895874960098,28,33.10436149962757,,,,,,,,,,,7.0,,False,False,False
2021-01-18,6.8399982,8.08692057034932,4,4.7291944999467965,9,10.640687624880293,1,1.1822986249866991,15,17.734479374800486,12.456051,14.72677249694243,7,8.276090374906893,16,18.916777999787186,3,3.546895874960098,26,30.739764249654176,104.36358609008789,123.3889243329919,83.0,98.13078587389602,122.0,144.2404322483773,63.0,74.48481337416204,159.0,187.98548137288518,6.0,117.0,False,False,False
2021-01-19,16.221678,19.178866932634264,9,10.640687624880293,21,24.82827112472068,4,4.7291944999467965,35,41.380451874534465,11.774038,13.920429046265781,7,8.276090374906893,16,18.916777999787186,3,3.546895874960098,25,29.55746562466748,98.48660007858277,116.44057185252333,80.0,94.58388999893593,115.0,135.9643418734704,59.0,69.75561887421524,150.0,177.34479374800486,7.0,91.0,False,False,False
2021-01-20,16.059475,18.98709451779723,9,10.640687624880293,21,24.82827112472068,4,4.7291944999467965,33,39.01585462456107,11.135041,13.164944539312273,6,7.093791749920196,15,17.734479374800486,3,3.546895874960098,23,27.19286837469408,92.98813008117676,109.9397383350596,74.0,87.49009824901573,108.0,127.68825149856352,57.0,67.39102162424184,136.0,160.7926129981911,5.0,76.0,False,False,False
2021-01-21,15.813044,18.695738981477916,9,10.640687624880293,21,24.82827112472068,4,4.7291944999467965,34,40.19815324954777,10.536098,12.456813419703394,6,7.093791749920196,14,16.552180749813786,2,2.3645972499733983,23,27.19286837469408,87.84156592941284,103.85496261502327,71.0,83.94320237405564,102.0,120.59445974864332,54.0,63.84412574928176,127.0,150.15192537331077,27.0,77.0,False,True,False
2021-01-22,12.67659,14.98751516919583,7,8.276090374906893,17,20.099076624773886,3,3.546895874960098,27,31.92206287464088,9.974445,11.792773148044944,6,7.093791749920196,14,16.552180749813786,2,2.3645972499733983,22,26.010569749707383,83.02230463409424,98.15715661211648,67.0,79.21400787410884,96.0,113.50066799872313,51.0,60.29722987432166,118.0,139.5112377484305,11.0,74.0,False,False,False
2021-01-23,7.8184824,9.243781096301973,4,4.7291944999467965,11,13.005284874853691,1,1.1822986249866991,18,21.281375249760586,9.447569,11.169847857672721,5,5.911493124933496,12,14.187583499840391,2,2.3645972499733983,20,23.645972499733983,78.50758863449097,92.81941409358008,64.0,75.66711199914874,91.0,107.58917487378962,48.0,56.750333999361565,113.0,133.599744623497,5.0,68.0,False,False,False
2021-01-24,4.5121894,5.334755405783653,2,2.3645972499733983,6,7.093791749920196,1,1.1822986249866991,10,11.822986249866991,8.9530945,10.585231211734936,5,5.911493124933496,12,14.187583499840391,2,2.3645972499733983,19,22.463673874747286,74.27636003494263,87.81683833832969,60.0,70.93791749920194,86.0,101.67768174885613,46.0,54.38573674938816,108.0,127.68825149856352,1.0,62.0,False,False,False
2021-01-25,4.504887,5.326121754478663,2,2.3645972499733983,6,7.093791749920196,0,0.0,10,11.822986249866991,8.488832,10.036335152108222,5,5.911493124933496,11,13.005284874853691,2,2.3645972499733983,18,21.281375249760586,70.30912648391724,83.12638356595127,57.0,67.39102162424184,82.0,96.94848724890933,43.0,50.838840874428065,104.0,122.9590569986167,4.0,60.0,False,False,False
2021-01-26,10.906191,12.894374958705157,6,7.093791749920196,14,16.552180749813786,2,2.3645972499733983,24,28.375166999680783,8.052749,9.52075351960957,4,4.7291944999467965,11,13.005284874853691,2,2.3645972499733983,18,21.281375249760586,66.58783540344238,78.72670623833058,55.0,65.02642437426846,78.0,92.21929274896253,41.0,48.474243624454665,99.0,117.04756387368322,16.0,69.0,False,False,False
2021-01-27,10.878776,12.861962022725493,6,7.093791749920196,14,16.552180749813786,2,2.3645972499733983,24,28.375166999680783,7.64296,9.036261326400563,4,4.7291944999467965,10,11.822986249866991,1,1.1822986249866991,18,21.281375249760586,63.09576390838623,74.59803491137045,52.0,61.47952849930835,74.0,87.49009824901573,39.0,46.109646374481265,94.0,111.13607074874972,9.0,73.0,False,False,False
2021-01-28,10.905634,12.893715756945312,6,7.093791749920196,15,17.734479374800486,2,2.3645972499733983,24,28.375166999680783,7.257742,8.580818393966183,4,4.7291944999467965,9,10.640687624880293,1,1.1822986249866991,15,17.734479374800486,59.8174130897522,70.7220452462754,49.0,57.93263262434826,69.0,81.57860512408224,35.0,41.380451874534465,89.0,105.22457762381623,14.0,60.0,False,False,False
2021-01-29,8.791824,10.394561832072213,4,4.7291944999467965,11,13.005284874853691,2,2.3645972499733983,20,23.645972499733983,6.895452,8.152483496814966,4,4.7291944999467965,9,10.640687624880293,1,1.1822986249866991,16,18.916777999787186,56.73841339111328,67.08174813624015,46.0,54.38573674938816,66.0,78.03170924912214,33.0,39.01585462456107,86.0,101.67768174885613,8.0,57.0,False,False,False
2021-01-30,5.394318,6.377694808179513,3,3.546895874960098,8,9.458388999893593,1,1.1822986249866991,14,16.552180749813786,6.5546017,7.749496580800042,3,3.546895874960098,9,10.640687624880293,1,1.1822986249866991,14,16.552180749813786,53.845438068389896,63.661387390063844,42.0,49.65654224944136,63.0,74.48481337416204,31.0,36.65125737458767,83.0,98.13078587389602,12.0,64.0,False,False,False
2021-01-31,3.1090727,3.675852349260822,1,1.1822986249866991,4,4.7291944999467965,0,0.0,8,9.458388999893593,6.2337813,7.370191451627761,3,3.546895874960098,8,9.458388999893593,1,1.1822986249866991,14,16.552180749813786,51.126120365142825,60.44634180861284,40.0,47.291944999467965,60.0,70.93791749920194,29.0,34.28666012461428,81.0,95.76618862392263,0.0,63.0,False,False,False
2021-02-01,3.1141975,3.681911402964033,1,1.1822986249866991,4,4.7291944999467965,0,0.0,8,9.458388999893593,5.9316864,7.013024878688157,3,3.546895874960098,8,9.458388999893593,1,1.1822986249866991,15,17.734479374800486,48.568981197357175,57.42303968664023,37.0,43.745049124507865,57.0,67.39102162424184,27.0,31.92206287464088,78.0,92.21929274896253,3.0,62.0,False,False,False
2021-02-02,7.4612117,8.821380470180884,4,4.7291944999467965,10,11.822986249866991,1,1.1822986249866991,18,21.281375249760586,5.6471286,6.676592602161691,3,3.546895874960098,8,9.458388999893593,1,1.1822986249866991,14,16.552180749813786,46.16336305809021,54.57888066834184,35.0,41.380451874534465,54.0,63.84412574928176,25.0,29.55746562466748,74.0,87.49009824901573,11.0,57.0,True,False,False
2021-02-03,7.921826,9.36596406972967,4,4.7291944999467965,10,11.822986249866991,1,1.1822986249866991,19,22.463673874747286,5.3789682,6.359547114698216,2,2.3645972499733983,7,8.276090374906893,0,0.0,12,14.187583499840391,43.899363748550414,51.9021573977021,33.0,39.01585462456107,52.0,61.47952849930835,23.0,27.19286837469408,72.0,85.12550099904234,8.0,56.0,True,False,False
2021-02-04,8.206079,9.702035458758473,4,4.7291944999467965,11,13.005284874853691,1,1.1822986249866991,21,24.82827112472068,5.126161,6.060653322492726,2,2.3645972499733983,7,8.276090374906893,0,0.0,13,15.369882124827088,41.76778287506104,49.38199226192766,31.0,36.65125737458767,50.0,59.11493124933496,20.0,23.645972499733983,71.0,83.94320237405564,9.0,51.0,True,False,False
2021-02-05,6.10987,7.223690772661939,3,3.546895874960098,8,9.458388999893593,1,1.1822986249866991,15,17.734479374800486,4.8877435,5.7787725381786,2,2.3645972499733983,6,7.093791749920196,0,0.0,12,14.187583499840391,39.760065595626834,47.00827088309057,28.0,33.10436149962757,48.0,56.750333999361565,18.0,21.281375249760586,68.0,80.39630649909554,4.0,47.0,True,False,False
2021-02-06,3.6075277,4.265175084583461,1,1.1822986249866991,5,5.911493124933496,0,0.0,9,10.640687624880293,4.6627913,5.512811549124308,2,2.3645972499733983,6,7.093791749920196,0,0.0,12,14.187583499840391,37.86825720405579,44.77158842299782,27.0,31.92206287464088,45.0,53.20343812440146,17.0,20.099076624773886,66.0,78.03170924912214,3.0,38.0,True,False,False
2021-02-07,2.1947033,2.5947947506210767,1,1.1822986249866991,3,3.546895874960098,0,0.0,6,7.093791749920196,4.450478,5.261794285615906,2,2.3645972499733983,6,7.093791749920196,0,0.0,12,14.187583499840391,36.084956610679626,42.66319458351122,25.0,29.55746562466748,44.0,52.021139499414765,16.0,18.916777999787186,63.0,74.48481337416204,,,False,False,True
2021-02-08,2.2304661,2.6370769774075598,1,1.1822986249866991,3,3.546895874960098,0,0.0,6,7.093791749920196,4.2500086,5.02477923873812,2,2.3645972499733983,6,7.093791749920196,0,0.0,12,14.187583499840391,34.40327495288849,40.674944671839405,23.0,27.19286837469408,42.0,49.65654224944136,15.0,17.734479374800486,64.0,75.66711199914874,,,False,False,True
2021-02-09,5.366734,6.34508251096122,2,2.3645972499733983,7,8.276090374906893,0,0.0,14,16.552180749813786,4.060653,4.800904571311548,2,2.3645972499733983,6,7.093791749920196,0,0.0,11,13.005284874853691,32.816798637390136,38.79925590545174,22.0,26.010569749707383,40.0,47.291944999467965,13.0,15.369882124827088,62.0,73.30251474917534,,,False,False,True
2021-02-10,5.621304,6.646059773629531,2,2.3645972499733983,8,9.458388999893593,0,0.0,14,16.552180749813786,3.8817225,4.589355012285523,2,2.3645972499733983,5,5.911493124933496,0,0.0,11,13.005284874853691,31.319554144859314,37.02906580066364,20.0,23.645972499733983,38.0,44.92734774949457,12.0,14.187583499840391,60.0,70.93791749920194,,,False,False,True
2021-02-11,5.9917655,7.084056414896622,2,2.3645972499733983,8,9.458388999893593,0,0.0,15,17.734479374800486,3.7125819,4.389380410430022,1,1.1822986249866991,5,5.911493124933496,0,0.0,9,10.640687624880293,29.90597457885742,35.35779262347031,19.0,22.463673874747286,36.0,42.56275049952117,11.0,13.005284874853691,59.0,69.75561887421524,,,False,False,True
