,Raw Prediction Mean,Raw Prediction Mean 100k,Raw Prediction Q25,Raw Prediction Q25 100k,Raw Prediction Q75,Raw Prediction Q75 100k,Raw Prediction Q5,Raw Prediction Q5 100k,Raw Prediction Q95,Raw Prediction Q95 100k,Trend Prediction Mean,Trend Prediction Mean 100k,Trend Prediction Q25,Trend Prediction Q25 100k,Trend Prediction Q75,Trend Prediction Q75 100k,Trend Prediction Q5,Trend Prediction Q5 100k,Trend Prediction Q95,Trend Prediction Q95 100k,Trend 7Day Prediction Mean,Trend 7Day Prediction Mean 100k,Trend 7Day Prediction Q25,Trend 7Day Prediction Q25 100k,Trend 7Day Prediction Q75,Trend 7Day Prediction Q75 100k,Trend 7Day Prediction Q5,Trend 7Day Prediction Q5 100k,Trend 7Day Prediction Q95,Trend 7Day Prediction Q95 100k,RKI Meldedaten,RKI 7Day Incidence,is_nowcast,is_high,is_prediction
2020-09-05,2.3441856,1.4434373952099122,1,0.6157521720657869,3,1.8472565161973609,0,0.0,7,4.310265204460508,2.6548982,1.6347592463716865,1,0.6157521720657869,4,2.4630086882631477,0,0.0,8,4.926017376526295,,,,,,,,,,,3.0,,False,False,False
2020-09-06,1.740944,1.0719900274125393,0,0.0,3,1.8472565161973609,0,0.0,6,3.6945130323947217,2.7654917,1.702857480267994,1,0.6157521720657869,4,2.4630086882631477,0,0.0,8,4.926017376526295,,,,,,,,,,,0.0,,False,False,False
2020-09-07,2.7830145,1.713647179713007,1,0.6157521720657869,4,2.4630086882631477,0,0.0,8,4.926017376526295,2.883902,1.7757689420250244,1,0.6157521720657869,4,2.4630086882631477,0,0.0,8,4.926017376526295,,,,,,,,,,,6.0,,False,False,False
2020-09-08,3.8712776,2.383747596468311,1,0.6157521720657869,6,3.6945130323947217,0,0.0,11,6.7732738927236555,3.0107415,1.8538705262471922,1,0.6157521720657869,4,2.4630086882631477,0,0.0,9,5.541769548592083,,,,,,,,,,,0.0,,False,False,False
2020-09-09,4.808663,2.9609445846290328,2,1.2315043441315738,6,3.6945130323947217,0,0.0,14,8.620530408921017,3.1466737,1.9375711417524144,1,0.6157521720657869,4,2.4630086882631477,0,0.0,9,5.541769548592083,,,,,,,,,,,2.0,,False,False,False
2020-09-10,4.7305727,2.9128603273420595,2,1.2315043441315738,7,4.310265204460508,0,0.0,13,8.00477823685523,3.2924218,2.027315895247739,1,0.6157521720657869,5,3.0787608603289347,0,0.0,9,5.541769548592083,,,,,,,,,,,5.0,,False,False,False
2020-09-11,4.8519063,2.987571861012839,2,1.2315043441315738,7,4.310265204460508,0,0.0,12,7.3890260647894435,3.448784,2.1235962776700035,1,0.6157521720657869,5,3.0787608603289347,0,0.0,10,6.157521720657869,21.202920345306396,13.05574425676028,15.0,9.236282580986805,27.0,16.625308645776247,8.0,4.926017376526295,39.0,24.01433471056569,3.0,19.0,False,False,False
2020-09-12,2.9424295,1.811807305784896,1,0.6157521720657869,4,2.4630086882631477,0,0.0,8,4.926017376526295,3.6166208,2.2269421606324613,1,0.6157521720657869,5,3.0787608603289347,0,0.0,10,6.157521720657869,22.164640872001648,13.647925759993132,15.0,9.236282580986805,28.0,17.241060817842033,9.0,5.541769548592083,40.0,24.630086882631478,0.0,16.0,False,False,False
2020-09-13,2.412844,1.4857138921797741,1,0.6157521720657869,3,1.8472565161973609,0,0.0,7,4.310265204460508,3.7968802,2.33793725783471,1,0.6157521720657869,5,3.0787608603289347,0,0.0,11,6.7732738927236555,23.196030747413634,14.283006316024725,16.0,9.85203475305259,29.0,17.856812989907823,10.0,6.157521720657869,41.0,25.245839054697264,8.0,24.0,False,False,False
2020-09-14,3.6988134,2.2775524485041387,1,0.6157521720657869,5,3.0787608603289347,0,0.0,10,6.157521720657869,3.9906065,2.4572245820309035,1,0.6157521720657869,6,3.6945130323947217,0,0.0,11,6.7732738927236555,24.30273224925995,14.964460169615064,17.0,10.467786925118379,30.0,18.47256516197361,11.0,6.7732738927236555,43.0,26.47734339882884,2.0,20.0,False,False,False
2020-09-15,5.1644588,3.1800267606740817,2,1.2315043441315738,7,4.310265204460508,0,0.0,14,8.620530408921017,4.1989245,2.585496986284852,2,1.2315043441315738,6,3.6945130323947217,0,0.0,12,7.3890260647894435,25.490915614128113,15.696086657345068,18.0,11.083539097184167,32.0,19.70406950610518,12.0,7.3890260647894435,46.0,28.324599915026198,6.0,26.0,False,False,False
2020-09-16,6.344924,3.9069007470970973,2,1.2315043441315738,9,5.541769548592083,0,0.0,17,10.467786925118379,4.4230895,2.7235269953962415,2,1.2315043441315738,6,3.6945130323947217,0,0.0,12,7.3890260647894435,26.76733124923706,16.482042357122136,20.0,12.315043441315739,33.0,20.319821678170968,13.0,8.00477823685523,46.0,28.324599915026198,7.0,31.0,False,False,False
2020-09-17,6.208943,3.8231701182667166,3,1.8472565161973609,8,4.926017376526295,0,0.0,16,9.85203475305259,4.664466,2.8721549824695103,2,1.2315043441315738,7,4.310265204460508,0,0.0,12,7.3890260647894435,28.1393699760437,17.3268781833117,21.0,12.930795613381527,35.0,21.551326022302543,13.0,8.00477823685523,48.0,29.556104259157774,2.0,28.0,False,False,False
2020-09-18,6.6009884,4.064572931383736,3,1.8472565161973609,9,5.541769548592083,1,0.6157521720657869,17,10.467786925118379,4.9245467,3.0323002647492103,2,1.2315043441315738,7,4.310265204460508,0,0.0,13,8.00477823685523,29.615128805160523,18.235579887785647,22.0,13.546547785447311,36.0,22.167078194368333,14.0,8.620530408921017,50.0,30.78760860328935,20.0,45.0,False,True,False
2020-09-19,3.9177847,2.4123844923451543,1,0.6157521720657869,5,3.0787608603289347,0,0.0,11,6.7732738927236555,5.20498,3.2049778383225203,2,1.2315043441315738,7,4.310265204460508,0,0.0,14,8.620530408921017,31.20348546218872,19.21361394936591,23.0,14.162299957513099,38.0,23.398582538499905,15.0,9.236282580986805,52.0,32.01911294742092,0.0,45.0,False,False,False
2020-09-20,3.2887757,2.025070716626942,1,0.6157521720657869,5,3.0787608603289347,0,0.0,10,6.157521720657869,5.507572,3.3912994695128873,2,1.2315043441315738,7,4.310265204460508,0,0.0,14,8.620530408921017,32.914179313659666,20.266977404148733,24.0,14.778052129578887,40.0,24.630086882631478,16.0,9.85203475305259,53.0,32.63486511948671,4.0,41.0,False,False,False
2020-09-21,5.331893,3.283124533481896,2,1.2315043441315738,7,4.310265204460508,0,0.0,14,8.620530408921017,5.834328,3.5925000702263787,2,1.2315043441315738,8,4.926017376526295,0,0.0,16,9.85203475305259,34.757903064727785,21.402254308558206,26.0,16.00955647371046,42.0,25.861591226763053,17.0,10.467786925118379,58.0,35.713625979815646,6.0,45.0,False,False,False
2020-09-22,7.0487275,4.340269151725806,3,1.8472565161973609,10,6.157521720657869,1,0.6157521720657869,19,11.699291269249953,6.1874237,3.8099195080576465,2,1.2315043441315738,8,4.926017376526295,0,0.0,17,10.467786925118379,36.74640385246277,22.626677987760555,26.0,16.00955647371046,44.0,27.093095570894622,17.0,10.467786925118379,62.0,38.17663466807879,7.0,46.0,False,False,False
2020-09-23,9.061226,5.579469507210888,4,2.4630086882631477,12,7.3890260647894435,1,0.6157521720657869,23,14.162299957513099,6.5692797,4.045048262923956,3,1.8472565161973609,9,5.541769548592083,0,0.0,17,10.467786925118379,38.89259581375122,23.948200349594046,29.0,17.856812989907823,47.0,28.940352087091988,18.0,11.083539097184167,65.0,40.02389118427615,8.0,47.0,False,False,False
2020-09-24,9.042947,5.568213964579627,4,2.4630086882631477,12,7.3890260647894435,1,0.6157521720657869,25,15.393804301644675,6.9825554,4.299523789086379,2,1.2315043441315738,9,5.541769548592083,0,0.0,19,11.699291269249953,41.21068833732605,25.37557085603471,30.0,18.47256516197361,49.0,30.17185643122356,19.0,11.699291269249953,73.0,44.94990856080245,6.0,51.0,False,False,False
2020-09-25,9.96425,6.1355080106295645,4,2.4630086882631477,14,8.620530408921017,1,0.6157521720657869,27,16.625308645776247,7.430184,4.575151979224756,3,1.8472565161973609,10,6.157521720657869,1,0.6157521720657869,20,12.315043441315739,43.71632606124878,26.91842272695011,30.0,18.47256516197361,53.0,32.63486511948671,20.0,12.315043441315739,78.0,48.02866942113138,5.0,36.0,False,False,False
2020-09-26,6.216372,3.8277445128187537,2,1.2315043441315738,8,4.926017376526295,0,0.0,16,9.85203475305259,7.9153967,4.873922807746567,3,1.8472565161973609,11,6.7732738927236555,1,0.6157521720657869,23,14.162299957513099,46.426744575500486,28.587368814307915,32.0,19.70406950610518,57.0,35.097873807749856,20.0,12.315043441315739,84.0,51.72318245352611,4.0,40.0,True,False,False
2020-09-27,5.0237656,3.0933944799471647,2,1.2315043441315738,7,4.310265204460508,0,0.0,15,9.236282580986805,8.441783,5.198046346777119,3,1.8472565161973609,11,6.7732738927236555,1,0.6157521720657869,24,14.778052129578887,49.36095009422302,30.39411223574874,33.0,20.319821678170968,61.0,37.560882496013,20.0,12.315043441315739,92.0,56.649199830052396,8.0,44.0,True,False,False
2020-09-28,7.402299,4.557981810648926,3,1.8472565161973609,10,6.157521720657869,0,0.0,22,13.546547785447311,9.0132885,5.549952038563788,3,1.8472565161973609,12,7.3890260647894435,1,0.6157521720657869,26,16.00955647371046,52.53991198158264,32.351564922804776,34.0,20.935573850236757,66.0,40.639643356341935,20.0,12.315043441315739,100.0,61.5752172065787,6.0,44.0,True,False,False
2020-09-29,13.236808,8.150593203026801,5,3.0787608603289347,16,9.85203475305259,1,0.6157521720657869,37,22.782830366434116,9.634314,5.932349449722096,3,1.8472565161973609,13,8.00477823685523,1,0.6157521720657869,27,16.625308645776247,55.98678788948059,34.47398624993417,35.0,21.551326022302543,70.0,43.10265204460509,21.0,12.930795613381527,110.0,67.73273892723657,3.0,40.0,True,False,False
2020-09-30,14.449228,8.897143561625853,6,3.6945130323947217,19,11.699291269249953,1,0.6157521720657869,43,26.47734339882884,10.309661,6.348195893224329,3,1.8472565161973609,13,8.00477823685523,1,0.6157521720657869,31,19.088317334039395,59.72716590023041,36.77713213440048,37.0,22.782830366434116,74.0,45.56566073286823,22.0,13.546547785447311,120.0,73.89026064789444,5.0,37.0,True,False,False
2020-10-01,13.153568,8.099338447209448,4,2.4630086882631477,17,10.467786925118379,1,0.6157521720657869,39,24.01433471056569,11.044733,6.800818664487451,4,2.4630086882631477,15,9.236282580986805,1,0.6157521720657869,32,19.70406950610518,63.78934409141541,39.27842717894091,39.0,24.01433471056569,79.0,48.644421593197166,23.0,14.162299957513099,134.0,82.51079105681546,,,False,False,True
2020-10-02,14.0737095,8.665917266625911,5,3.0787608603289347,19,11.699291269249953,1,0.6157521720657869,44,27.093095570894622,11.845483,7.293881935765967,4,2.4630086882631477,16,9.85203475305259,1,0.6157521720657869,35,21.551326022302543,68.20464257144928,41.99715680834054,40.0,24.630086882631478,87.0,53.57043896972347,23.0,14.162299957513099,146.0,89.8998171216049,,,False,False,True
2020-10-03,8.846667,5.447354487841949,3,1.8472565161973609,12,7.3890260647894435,0,0.0,29,17.856812989907823,12.718509,7.831449329387397,4,2.4630086882631477,16,9.85203475305259,1,0.6157521720657869,38,23.398582538499905,73.00774657535553,44.95467853140368,42.0,25.861591226763053,93.0,57.264952002118186,24.0,14.778052129578887,160.0,98.52034753052591,,,False,False,True
2020-10-04,7.3049297,4.498026464716531,2,1.2315043441315738,9,5.541769548592083,0,0.0,25,15.393804301644675,13.67115,8.418040670221671,4,2.4630086882631477,17,10.467786925118379,1,0.6157521720657869,39,24.01433471056569,78.23710392856597,48.17466668015121,43.0,26.47734339882884,99.0,60.95946503451291,24.0,14.778052129578887,171.0,105.29362142324956,,,False,False,True
2020-10-05,10.963478,6.750785541953519,3,1.8472565161973609,14,8.620530408921017,1,0.6157521720657869,35,21.551326022302543,14.711538,9.05866181710735,4,2.4630086882631477,18,11.083539097184167,1,0.6157521720657869,44,27.093095570894622,83.93535792827606,51.68337895745526,44.0,27.093095570894622,103.0,63.422473722776054,24.0,14.778052129578887,192.0,118.2244170366311,,,False,False,True
