,Raw Prediction Mean,Raw Prediction Mean 100k,Raw Prediction Q25,Raw Prediction Q25 100k,Raw Prediction Q75,Raw Prediction Q75 100k,Raw Prediction Q5,Raw Prediction Q5 100k,Raw Prediction Q95,Raw Prediction Q95 100k,Trend Prediction Mean,Trend Prediction Mean 100k,Trend Prediction Q25,Trend Prediction Q25 100k,Trend Prediction Q75,Trend Prediction Q75 100k,Trend Prediction Q5,Trend Prediction Q5 100k,Trend Prediction Q95,Trend Prediction Q95 100k,Trend 7Day Prediction Mean,Trend 7Day Prediction Mean 100k,Trend 7Day Prediction Q25,Trend 7Day Prediction Q25 100k,Trend 7Day Prediction Q75,Trend 7Day Prediction Q75 100k,Trend 7Day Prediction Q5,Trend 7Day Prediction Q5 100k,Trend 7Day Prediction Q95,Trend 7Day Prediction Q95 100k,RKI Meldedaten,RKI 7Day Incidence,is_nowcast,is_high,is_prediction
2021-08-14,1.2712078,3.144374568364583,0,0.0,2,4.947066389630949,0,0.0,4,9.894132779261898,1.50532,3.723458939930424,0,0.0,2,4.947066389630949,0,0.0,5,12.367665974077372,,,,,,,,,,,1.0,,False,False,False
2021-08-15,0.67128485,1.6604453776380979,0,0.0,1,2.4735331948154746,0,0.0,2,4.947066389630949,1.6342808,4.042447835672647,0,0.0,2,4.947066389630949,0,0.0,5,12.367665974077372,,,,,,,,,,,2.0,,False,False,False
2021-08-16,1.3512272,3.3423053537262604,0,0.0,2,4.947066389630949,0,0.0,4,9.894132779261898,1.7759961,4.392985283629969,0,0.0,3,7.420599584446424,0,0.0,5,12.367665974077372,,,,,,,,,,,0.0,,False,False,False
2021-08-17,3.0274096,7.488398114219308,1,2.4735331948154746,4,9.894132779261898,0,0.0,8,19.788265558523797,1.9318562,4.778510265168734,1,2.4735331948154746,3,7.420599584446424,0,0.0,5,12.367665974077372,,,,,,,,,,,1.0,,False,False,False
2021-08-18,3.8694692,9.571260306984186,2,4.947066389630949,5,12.367665974077372,0,0.0,10,24.735331948154744,2.1034105,5.202855754760094,1,2.4735331948154746,3,7.420599584446424,0,0.0,6,14.841199168892848,,,,,,,,,,,2.0,,False,False,False
2021-08-19,3.087709,7.6375508797355,1,2.4735331948154746,4,9.894132779261898,0,0.0,9,22.26179875333927,2.2923887,5.670299651683308,1,2.4735331948154746,3,7.420599584446424,0,0.0,6,14.841199168892848,,,,,,,,,,,2.0,,False,False,False
2021-08-20,3.0438566,7.529080176027492,1,2.4735331948154746,4,9.894132779261898,0,0.0,8,19.788265558523797,2.5007343,6.185649544931948,1,2.4735331948154746,4,9.894132779261898,0,0.0,7,17.31473236370832,13.743987005710602,33.99620808773771,9.0,22.26179875333927,17.0,42.05006431186307,6.0,14.841199168892848,24.0,59.36479667557139,5.0,13.0,False,False,False
2021-08-21,2.381689,5.891186810913496,1,2.4735331948154746,3,7.420599584446424,0,0.0,6,14.841199168892848,2.7306092,6.754252535756677,1,2.4735331948154746,4,9.894132779261898,0,0.0,8,19.788265558523797,14.969277455329895,37.02700468816141,10.0,24.735331948154744,18.0,44.52359750667854,6.0,14.841199168892848,27.0,66.7853962600178,1.0,13.0,False,False,False
2021-08-22,1.2749536,3.153640136588365,0,0.0,2,4.947066389630949,0,0.0,4,9.894132779261898,2.9844506,7.382137846434489,1,2.4735331948154746,4,9.894132779261898,0,0.0,8,19.788265558523797,16.31945081949234,40.3667033231729,11.0,27.20886514297022,20.0,49.47066389630949,7.0,17.31473236370832,28.0,69.25892945483328,4.0,15.0,False,False,False
2021-08-23,2.54744,6.301177199929953,1,2.4735331948154746,4,9.894132779261898,0,0.0,7,17.31473236370832,3.2649884,8.076057565631345,1,2.4735331948154746,5,12.367665974077372,0,0.0,8,19.788265558523797,17.808442997932435,44.049774903365076,13.0,32.155931532601166,21.0,51.94419709112496,8.0,19.788265558523797,31.0,76.6795290392797,2.0,17.0,False,False,False
2021-08-24,5.6259847,13.916059106122702,3,7.420599584446424,8,19.788265558523797,1,2.4735331948154746,14,34.62946472741664,3.575277,8.843566320138052,2,4.947066389630949,5,12.367665974077372,0,0.0,9,22.26179875333927,19.45186444091797,48.114832395661345,14.0,34.62946472741664,24.0,59.36479667557139,9.0,22.26179875333927,33.0,81.62659542891066,8.0,24.0,False,False,False
2021-08-25,7.1335773,17.645140178501606,4,9.894132779261898,9,22.26179875333927,1,2.4735331948154746,16,39.576531117047594,3.918759,9.693180618342012,2,4.947066389630949,6,14.841199168892848,0,0.0,9,22.26179875333927,21.267213521957398,52.605158607790145,16.0,39.576531117047594,26.0,64.31186306520233,11.0,27.20886514297022,35.0,86.57366181854161,5.0,27.0,False,False,False
2021-08-26,5.7985272,14.342849317472428,3,7.420599584446424,8,19.788265558523797,1,2.4735331948154746,14,34.62946472741664,4.2992983,10.634456702973694,2,4.947066389630949,6,14.841199168892848,0,0.0,10,24.735331948154744,23.27412019443512,57.56930888106046,17.0,42.05006431186307,28.0,69.25892945483328,12.0,29.682398337785695,38.0,93.99426140298803,5.0,30.0,False,False,False
2021-08-27,6.0185804,14.887157885823399,3,7.420599584446424,8,19.788265558523797,1,2.4735331948154746,14,34.62946472741664,4.7212324,11.678125156322494,2,4.947066389630949,7,17.31473236370832,1,2.4735331948154746,11,27.20886514297022,25.494621141433715,63.061791682580676,19.0,46.997130701494015,31.0,76.6795290392797,13.0,32.155931532601166,41.0,101.41486098743445,10.0,35.0,False,False,False
2021-08-28,4.65936,11.525081208674237,2,4.947066389630949,6,14.841199168892848,0,0.0,12,29.682398337785695,5.189461,12.836304085794836,2,4.947066389630949,7,17.31473236370832,1,2.4735331948154746,12,29.682398337785695,27.953476274490356,69.1438514754387,21.0,51.94419709112496,33.0,81.62659542891066,15.0,37.10299792223211,45.0,111.30899376669635,5.0,39.0,False,False,False
2021-08-29,2.4895463,6.1579754401464015,1,2.4735331948154746,4,9.894132779261898,0,0.0,7,17.31473236370832,5.7095075,14.122655557002872,3,7.420599584446424,8,19.788265558523797,1,2.4735331948154746,13,32.155931532601166,30.678523078918456,75.88434520361744,24.0,59.36479667557139,37.0,91.52072820817256,17.0,42.05006431186307,49.0,121.20312654595824,4.0,39.0,False,False,False
2021-08-30,5.0284357,12.438002158887684,2,4.947066389630949,7,17.31473236370832,0,0.0,12,29.682398337785695,6.2875543,15.552474360447377,3,7.420599584446424,8,19.788265558523797,1,2.4735331948154746,15,37.10299792223211,33.701085506439206,83.36075370149204,26.0,64.31186306520233,40.0,98.94132779261898,18.0,44.52359750667854,54.0,133.5707925200356,0.0,37.0,False,False,False
2021-08-31,11.1298,27.529930230230093,6,14.841199168892848,15,37.10299792223211,2,4.947066389630949,25,61.838329870386865,6.930628,17.143138393294066,3,7.420599584446424,10,24.735331948154744,1,2.4735331948154746,16,39.576531117047594,37.05643573951721,91.66032388324233,28.0,69.25892945483328,44.0,108.83546057188089,20.0,49.47066389630949,59.0,145.93845849411298,21.0,50.0,False,True,False
2021-09-01,13.82963,34.20804860070348,7,17.31473236370832,19,46.997130701494015,3,7.420599584446424,31,76.6795290392797,7.646649,18.914240354206413,4,9.894132779261898,10,24.735331948154744,1,2.4735331948154746,18,44.52359750667854,40.7843233833313,100.88137771675893,31.0,76.6795290392797,48.0,118.72959335114278,21.0,51.94419709112496,66.0,163.25319085782132,3.0,48.0,False,False,False
2021-09-02,11.404022,28.208227013237774,6,14.841199168892848,15,37.10299792223211,2,4.947066389630949,26,64.31186306520233,8.444551,20.887878781650215,4,9.894132779261898,11,27.20886514297022,1,2.4735331948154746,20,49.47066389630949,44.92957982063294,111.13480711544706,34.0,84.10012862372614,53.0,131.09725932522014,24.0,59.36479667557139,76.0,187.98852280597606,9.0,52.0,False,False,False
2021-09-03,11.398581,28.194766491651535,6,14.841199168892848,15,37.10299792223211,2,4.947066389630949,27,66.7853962600178,9.334457,23.08909024577588,5,12.367665974077372,13,32.155931532601166,1,2.4735331948154746,22,54.41773028594044,49.54280572509766,122.54577452532318,37.0,91.52072820817256,60.0,148.41199168892845,25.0,61.838329870386865,83.0,205.30325516968438,10.0,52.0,False,False,False
2021-09-04,9.199226,22.7545911911875,4,9.894132779261898,12,29.682398337785695,1,2.4735331948154746,22,54.41773028594044,10.327818,25.54620150476694,5,12.367665974077372,14,34.62946472741664,2,4.947066389630949,26,64.31186306520233,54.681156074523926,135.25565468122076,40.0,98.94132779261898,66.0,163.25319085782132,28.0,69.25892945483328,96.0,237.45918670228556,3.0,50.0,True,False,False
2021-09-05,4.935552,12.20825215568766,2,4.947066389630949,7,17.31473236370832,1,2.4735331948154746,12,29.682398337785695,11.437591,28.291260241530836,5,12.367665974077372,15,37.10299792223211,2,4.947066389630949,28,69.25892945483328,60.40924626159668,149.424275901842,43.0,106.3619273770654,74.0,183.0414564163451,28.0,69.25892945483328,108.0,267.1415850400712,9.0,55.0,True,False,False
2021-09-06,10.300663,25.479032774455845,5,12.367665974077372,13,32.155931532601166,1,2.4735331948154746,27,66.7853962600178,12.678471,31.360617140308022,6,14.841199168892848,17,42.05006431186307,2,4.947066389630949,33,81.62659542891066,66.80017283821105,165.23244493472606,46.0,113.78252696151183,83.0,205.30325516968438,30.0,74.20599584446423,122.0,301.7710497674879,0.0,55.0,True,False,False
2021-09-07,22.714334,56.18465947918594,11,27.20886514297022,28,69.25892945483328,4,9.894132779261898,56,138.51785890966656,14.0671625,34.79559381958097,6,14.841199168892848,18,44.52359750667854,2,4.947066389630949,36,89.04719501335708,73.93670580673218,182.88489612825808,50.0,123.67665974077373,92.0,227.56505392302367,32.0,79.15306223409519,138.0,341.3475808845355,6.0,40.0,True,False,False
2021-09-08,29.725857,73.52789398282766,14,34.62946472741664,39,96.4677945978035,5,12.367665974077372,74,183.0414564163451,15.622567,38.642939762212336,7,17.31473236370832,21,51.94419709112496,2,4.947066389630949,40,98.94132779261898,81.9126291103363,202.61360717902517,54.0,133.5707925200356,101.0,249.82685267636293,35.0,86.57366181854161,156.0,385.871178391214,8.0,45.0,True,False,False
2021-09-09,23.378176,57.82669177278876,10,24.735331948154744,30,74.20599584446423,4,9.894132779261898,59,145.93845849411298,17.366226,42.9559382610023,8,19.788265558523797,23,56.89126348075592,3,7.420599584446424,44,108.83546057188089,90.83429930686951,224.68165456334597,59.0,145.93845849411298,111.0,274.56218462451767,35.0,86.57366181854161,176.0,435.34184228752355,,,False,False,True
2021-09-10,22.614376,55.9374107979238,10,24.735331948154744,30,74.20599584446423,4,9.894132779261898,59,145.93845849411298,19.3226,47.79509035870433,9,22.26179875333927,25,61.838329870386865,3,7.420599584446424,49,121.20312654595824,100.82243235588074,249.38763321430872,64.0,158.30612446819038,123.0,304.24458296230335,39.0,96.4677945978035,204.0,504.60077174235676,,,False,False,True
2021-09-11,18.353054,45.39688816294074,8,19.788265558523797,24,59.36479667557139,3,7.420599584446424,46,113.78252696151183,21.519506,53.22921206243336,10,24.735331948154744,29,71.73246264964875,4,9.894132779261898,57,140.99139210448203,112.01413619232177,277.0706841602893,70.0,173.14732363708322,141.0,348.7681804689819,41.0,101.41486098743445,236.0,583.7538339764519,,,False,False,True
2021-09-12,9.978146,24.68127349857241,4,9.894132779261898,13,32.155931532601166,1,2.4735331948154746,26,64.31186306520233,23.988735,59.336930280551314,10,24.735331948154744,31,76.6795290392797,4,9.894132779261898,65,160.77965766300585,124.56527996063232,308.11635490410686,74.0,183.0414564163451,159.0,393.2917779756604,44.0,108.83546057188089,266.0,657.9598298209162,,,False,False,True
2021-09-13,20.64031,51.05449235998094,8,19.788265558523797,27,66.7853962600178,2,4.947066389630949,57,140.99139210448203,26.7664,66.20757631026208,11,27.20886514297022,35,86.57366181854161,4,9.894132779261898,71,175.6208568318987,138.6531894130707,342.9632665802679,80.0,197.88265558523796,178.0,440.2889086771544,46.0,113.78252696151183,298.0,737.1128920550113,,,False,False,True
