,Raw Prediction Mean,Raw Prediction Mean 100k,Raw Prediction Q25,Raw Prediction Q25 100k,Raw Prediction Q75,Raw Prediction Q75 100k,Raw Prediction Q5,Raw Prediction Q5 100k,Raw Prediction Q95,Raw Prediction Q95 100k,Trend Prediction Mean,Trend Prediction Mean 100k,Trend Prediction Q25,Trend Prediction Q25 100k,Trend Prediction Q75,Trend Prediction Q75 100k,Trend Prediction Q5,Trend Prediction Q5 100k,Trend Prediction Q95,Trend Prediction Q95 100k,Trend 7Day Prediction Mean,Trend 7Day Prediction Mean 100k,Trend 7Day Prediction Q25,Trend 7Day Prediction Q25 100k,Trend 7Day Prediction Q75,Trend 7Day Prediction Q75 100k,Trend 7Day Prediction Q5,Trend 7Day Prediction Q5 100k,Trend 7Day Prediction Q95,Trend 7Day Prediction Q95 100k,RKI Meldedaten,RKI 7Day Incidence,is_nowcast,is_high,is_prediction
2021-08-16,0.985446,0.9784500434761867,0,0.0,1,0.9929007595690811,0,0.0,3,2.9787022787072432,1.4529415,1.442626762582222,0,0.0,2,1.9858015191381622,0,0.0,5,4.964503797845405,,,,,,,,,,,0.0,,False,False,False
2021-08-17,2.2335973,2.217740438936744,1,0.9929007595690811,3,2.9787022787072432,0,0.0,7,6.950305316983567,1.5618231,1.5507353964494541,0,0.0,2,1.9858015191381622,0,0.0,5,4.964503797845405,,,,,,,,,,,1.0,,False,False,False
2021-08-18,2.499356,2.4816125005600043,1,0.9929007595690811,3,2.9787022787072432,0,0.0,7,6.950305316983567,1.680443,1.6685131413396448,0,0.0,2,1.9858015191381622,0,0.0,5,4.964503797845405,,,,,,,,,,,4.0,,False,False,False
2021-08-19,2.254488,2.2384829208021984,1,0.9929007595690811,3,2.9787022787072432,0,0.0,6,5.9574045574144865,1.8097736,1.7969256077776663,1,0.9929007595690811,3,2.9787022787072432,0,0.0,5,4.964503797845405,,,,,,,,,,,1.0,,False,False,False
2021-08-20,2.1071153,2.092156319122296,1,0.9929007595690811,3,2.9787022787072432,0,0.0,6,5.9574045574144865,1.9508983,1.9370483641978353,1,0.9929007595690811,3,2.9787022787072432,0,0.0,6,5.9574045574144865,,,,,,,,,,,1.0,,False,False,False
2021-08-21,1.6945225,1.6824926206027158,0,0.0,2,1.9858015191381622,0,0.0,5,4.964503797845405,2.1050196,2.0900755771435797,1,0.9929007595690811,3,2.9787022787072432,0,0.0,6,5.9574045574144865,,,,,,,,,,,1.0,,False,False,False
2021-08-22,0.73035157,0.7251666374941124,0,0.0,1,0.9929007595690811,0,0.0,2,1.9858015191381622,2.2734706,2.2573307433049195,1,0.9929007595690811,3,2.9787022787072432,0,0.0,6,5.9574045574144865,12.834373159646988,12.743258858806522,8.0,7.943206076552649,16.0,15.886412153105297,5.0,4.964503797845405,24.0,23.829618229657946,2.0,10.0,False,False,False
2021-08-23,1.8309721,1.8179734979639761,1,0.9929007595690811,3,2.9787022787072432,0,0.0,5,4.964503797845405,2.4577427,2.440294520056341,1,0.9929007595690811,3,2.9787022787072432,0,0.0,7,6.950305316983567,13.83917115497589,13.740923551582078,9.0,8.936106836121729,17.0,16.87931291267438,5.0,4.964503797845405,25.0,24.822518989227028,1.0,11.0,False,False,False
2021-08-24,4.0801063,4.051140422234312,2,1.9858015191381622,6,5.9574045574144865,0,0.0,10,9.92900759569081,2.6594782,2.6405979951960035,1,0.9929007595690811,4,3.9716030382763243,0,0.0,7,6.950305316983567,14.936821704864501,14.830781616307899,10.0,9.92900759569081,18.0,17.872213672243458,6.0,5.9574045574144865,26.0,25.815419748796106,10.0,20.0,False,True,False
2021-08-25,4.456779,4.425139195518568,2,1.9858015191381622,6,5.9574045574144865,0,0.0,11,10.921908355259893,2.8805192,2.8600696168723516,1,0.9929007595690811,4,3.9716030382763243,0,0.0,8,7.943206076552649,16.136897334575654,16.022337620588445,11.0,10.921908355259893,20.0,19.85801519138162,7.0,6.950305316983567,29.0,28.794122027503352,4.0,20.0,False,False,False
2021-08-26,4.023817,3.995250881416723,2,1.9858015191381622,5,4.964503797845405,0,0.0,9,8.936106836121729,3.1229243,3.100754111073911,1,0.9929007595690811,5,4.964503797845405,0,0.0,8,7.943206076552649,17.45004633808136,17.32616426359664,13.0,12.907709874398053,22.0,21.843816710519786,8.0,7.943206076552649,30.0,29.787022787072434,6.0,25.0,False,False,False
2021-08-27,3.7628856,3.736171856871806,2,1.9858015191381622,6,5.9574045574144865,0,0.0,9,8.936106836121729,3.3889751,3.364916119608097,1,0.9929007595690811,5,4.964503797845405,0,0.0,8,7.943206076552649,18.88812224769592,18.75403092657094,13.0,12.907709874398053,23.0,22.836717470088864,9.0,8.936106836121729,31.0,30.779923546641513,5.0,29.0,False,False,False
2021-08-28,3.059318,3.0375991627806798,1,0.9929007595690811,4,3.9716030382763243,0,0.0,8,7.943206076552649,3.6812284,3.6550944059854373,1,0.9929007595690811,5,4.964503797845405,0,0.0,9,8.936106836121729,20.46433113193512,20.319049924971573,15.0,14.893511393536217,25.0,24.822518989227028,10.0,9.92900759569081,33.0,32.76572506577968,3.0,31.0,False,False,False
2021-08-29,1.3300426,1.320600313192699,0,0.0,2,1.9858015191381622,0,0.0,4,3.9716030382763243,4.0025363,3.9741215005051345,2,1.9858015191381622,6,5.9574045574144865,0,0.0,10,9.92900759569081,22.19339550113678,22.035839250495737,16.0,15.886412153105297,27.0,26.80832050836519,11.0,10.921908355259893,36.0,35.744427344486915,0.0,29.0,False,False,False
2021-08-30,3.313334,3.289811866125092,1,0.9929007595690811,5,4.964503797845405,0,0.0,8,7.943206076552649,4.356085,4.325159898144193,2,1.9858015191381622,6,5.9574045574144865,0,0.0,11,10.921908355259893,24.09174387168884,23.920710789543605,18.0,17.872213672243458,29.0,28.794122027503352,12.0,11.914809114828973,39.0,38.72312962319416,0.0,28.0,False,False,False
2021-08-31,7.4925203,7.439329056069255,4,3.9716030382763243,10,9.92900759569081,1,0.9929007595690811,18,17.872213672243458,4.7454505,4.711761357611977,2,1.9858015191381622,6,5.9574045574144865,1,0.9929007595690811,11,10.921908355259893,26.17772009563446,25.99187816674225,20.0,19.85801519138162,31.0,30.779923546641513,13.0,12.907709874398053,43.0,42.69473266147048,6.0,24.0,False,False,False
2021-09-01,8.308545,8.249560778494924,4,3.9716030382763243,11,10.921908355259893,1,0.9929007595690811,19,18.86511443181254,5.1746235,5.137887637829408,2,1.9858015191381622,7,6.950305316983567,0,0.0,13,12.907709874398053,28.471823865890503,28.26969554275977,22.0,21.843816710519786,34.0,33.75862582534876,15.0,14.893511393536217,47.0,46.66633569974681,8.0,28.0,False,False,False
2021-09-02,7.670486,7.616031507495791,4,3.9716030382763243,11,10.921908355259893,1,0.9929007595690811,18,17.872213672243458,5.6480794,5.607982166111469,3,2.9787022787072432,8,7.943206076552649,1,0.9929007595690811,14,13.900610633967133,30.996981580734253,30.776926555859855,24.0,23.829618229657946,37.0,36.737328104056004,16.0,15.886412153105297,52.0,51.63083949759221,9.0,31.0,False,False,False
2021-09-03,7.3507786,7.298593845916912,4,3.9716030382763243,10,9.92900759569081,1,0.9929007595690811,18,17.872213672243458,6.170848,6.127039523562416,3,2.9787022787072432,8,7.943206076552649,1,0.9929007595690811,15,14.893511393536217,33.778853282928466,33.539049081992225,26.0,25.815419748796106,40.0,39.71603038276324,17.0,16.87931291267438,56.0,55.60244253586853,7.0,33.0,False,False,False
2021-09-04,6.081121,6.037949788151309,3,2.9787022787072432,8,7.943206076552649,1,0.9929007595690811,15,14.893511393536217,6.748556,6.70064619043842,3,2.9787022787072432,9,8.936106836121729,1,0.9929007595690811,18,17.872213672243458,36.84618303871155,36.58460312635809,28.0,27.801221267934267,44.0,43.68763342103957,19.0,18.86511443181254,62.0,61.559847093283025,0.0,30.0,False,False,False
2021-09-05,2.6251898,2.6065528800245374,1,0.9929007595690811,4,3.9716030382763243,0,0.0,7,6.950305316983567,7.387546,7.335100235650316,3,2.9787022787072432,10,9.92900759569081,1,0.9929007595690811,19,18.86511443181254,40.23119410896301,39.945583189160516,30.0,29.787022787072434,49.0,48.652137218884974,19.0,18.86511443181254,70.0,69.50305316983568,6.0,36.0,False,False,False
2021-09-06,6.901923,6.8529247073456645,3,2.9787022787072432,9,8.936106836121729,1,0.9929007595690811,17,16.87931291267438,8.094932,8.037463703658432,4,3.9716030382763243,11,10.921908355259893,1,0.9929007595690811,21,20.850915950950704,43.97003683280945,43.657882969576974,31.0,30.779923546641513,53.0,52.6237402571613,21.0,20.850915950950704,81.0,80.42496152509557,0.0,36.0,True,False,False
2021-09-07,14.648289,14.544297300744802,7,6.950305316983567,18,17.872213672243458,2,1.9858015191381622,33,32.76572506577968,8.878715,8.815682667773217,4,3.9716030382763243,12,11.914809114828973,1,0.9929007595690811,22,21.843816710519786,48.10330514717102,47.76180821840939,34.0,33.75862582534876,60.0,59.57404557414487,22.0,21.843816710519786,87.0,86.38236608251005,7.0,37.0,True,False,False
2021-09-08,15.928515,15.81543474458158,7,6.950305316983567,20,19.85801519138162,3,2.9787022787072432,37,36.737328104056004,9.747927,9.678724018158391,4,3.9716030382763243,12,11.914809114828973,2,1.9858015191381622,26,25.815419748796106,52.67661198043823,52.302648046902874,36.0,35.744427344486915,66.0,65.53145013155935,24.0,23.829618229657946,99.0,98.29717519733903,16.0,45.0,True,False,False
2021-09-09,14.45573,14.353105507325381,7,6.950305316983567,18,17.872213672243458,2,1.9858015191381622,35,34.75152658491784,10.712725,10.636672232067212,5,4.964503797845405,14,13.900610633967133,1,0.9929007595690811,26,25.815419748796106,57.74126035499573,57.33134126495133,38.0,37.73022886362508,72.0,71.48885468897383,26.0,25.815419748796106,109.0,108.22618279302982,9.0,45.0,True,False,False
2021-09-10,13.326081,13.231475895736367,6,5.9574045574144865,17,16.87931291267438,2,1.9858015191381622,33,32.76572506577968,11.784585,11.700923641910776,5,4.964503797845405,17,16.87931291267438,2,1.9858015191381622,31,30.779923546641513,63.354991359710695,62.905219043549316,42.0,41.70183190190141,81.0,80.42496152509557,27.0,26.80832050836519,122.0,121.13389266742789,15.0,53.0,True,False,False
2021-09-11,11.445033,11.363781959516928,5,4.964503797845405,15,14.893511393536217,1,0.9929007595690811,29,28.794122027503352,12.976418,12.884294847026467,6,5.9574045574144865,17,16.87931291267438,2,1.9858015191381622,33,32.76572506577968,69.582850938797,69.08886555011368,45.0,44.680534180608646,88.0,87.37526684207914,28.0,27.801221267934267,139.0,138.01320558010227,,,False,False,True
2021-09-12,5.1189585,5.082617644802667,2,1.9858015191381622,7,6.950305316983567,0,0.0,14,13.900610633967133,14.302873,14.201333397068083,6,5.9574045574144865,19,18.86511443181254,2,1.9858015191381622,38,37.73022886362508,76.49817732238769,75.95509836904898,49.0,48.652137218884974,96.0,95.31847291863178,29.0,28.794122027503352,154.0,152.90671697363848,,,False,False,True
2021-09-13,13.545377,13.449214748106897,6,5.9574045574144865,18,17.872213672243458,2,1.9858015191381622,41,40.708931142332325,15.780463,15.668434207327664,6,5.9574045574144865,21,20.850915950950704,3,2.9787022787072432,45,44.680534180608646,84.18371858215332,83.5860781235698,51.0,50.63793873802314,105.0,104.25457975475352,30.0,29.787022787072434,178.0,176.73633520329642,,,False,False,True
2021-09-14,30.782955,30.564420740120113,13,12.907709874398053,40,39.71603038276324,5,4.964503797845405,84,83.40366380380281,17.427935,17.30420917738229,7,6.950305316983567,23,22.836717470088864,2,1.9858015191381622,49,48.652137218884974,92.73292632865906,92.07459298878922,54.0,53.61664101673038,117.0,116.16938886958249,33.0,32.76572506577968,207.0,205.53045723079978,,,False,False,True
2021-09-15,33.453552,33.21605618111789,13,12.907709874398053,44,43.68763342103957,5,4.964503797845405,92,91.34686988035546,19.266426,19.129649444948882,8,7.943206076552649,25,24.822518989227028,2,1.9858015191381622,52,51.63083949759221,102.25142218589782,101.52551475539674,59.0,58.58114481457578,131.0,130.06999950354964,35.0,34.75152658491784,228.0,226.3813731817505,,,False,False,True
