,Raw Prediction Mean,Raw Prediction Mean 100k,Raw Prediction Q25,Raw Prediction Q25 100k,Raw Prediction Q75,Raw Prediction Q75 100k,Raw Prediction Q5,Raw Prediction Q5 100k,Raw Prediction Q95,Raw Prediction Q95 100k,Trend Prediction Mean,Trend Prediction Mean 100k,Trend Prediction Q25,Trend Prediction Q25 100k,Trend Prediction Q75,Trend Prediction Q75 100k,Trend Prediction Q5,Trend Prediction Q5 100k,Trend Prediction Q95,Trend Prediction Q95 100k,Trend 7Day Prediction Mean,Trend 7Day Prediction Mean 100k,Trend 7Day Prediction Q25,Trend 7Day Prediction Q25 100k,Trend 7Day Prediction Q75,Trend 7Day Prediction Q75 100k,Trend 7Day Prediction Q5,Trend 7Day Prediction Q5 100k,Trend 7Day Prediction Q95,Trend 7Day Prediction Q95 100k,RKI Meldedaten,RKI 7Day Incidence,is_nowcast,is_high,is_prediction
2021-08-16,1.1137393,1.6709012925275601,0,0.0,2,3.000525091891081,0,0.0,4,6.001050183782162,1.5727794,2.3595821403432637,0,0.0,2,3.000525091891081,0,0.0,5,7.501312729727703,,,,,,,,,,,0.0,,False,False,False
2021-08-17,2.47675,3.7157751648919657,1,1.5002625459455405,4,6.001050183782162,0,0.0,7,10.501837821618784,1.6834846,2.5256687877117656,0,0.0,2,3.000525091891081,0,0.0,5,7.501312729727703,,,,,,,,,,,2.0,,False,False,False
2021-08-18,2.7153192,4.073691525263712,1,1.5002625459455405,4,6.001050183782162,0,0.0,7,10.501837821618784,1.8035698,2.7058282284997404,1,1.5002625459455405,3,4.500787637836622,0,0.0,5,7.501312729727703,,,,,,,,,,,2.0,,False,False,False
2021-08-19,2.4146519,3.622611620812677,1,1.5002625459455405,3,4.500787637836622,0,0.0,6,9.001575275673243,1.933928,2.901399784605019,1,1.5002625459455405,3,4.500787637836622,0,0.0,6,9.001575275673243,,,,,,,,,,,2.0,,False,False,False
2021-08-20,2.2073562,3.311613909318112,1,1.5002625459455405,3,4.500787637836622,0,0.0,6,9.001575275673243,2.0755448,3.1138621125137433,1,1.5002625459455405,3,4.500787637836622,0,0.0,6,9.001575275673243,,,,,,,,,,,1.0,,False,False,False
2021-08-21,1.7720486,2.658538141986355,0,0.0,3,4.500787637836622,0,0.0,5,7.501312729727703,2.2295096,3.3448497561039403,1,1.5002625459455405,3,4.500787637836622,0,0.0,6,9.001575275673243,,,,,,,,,,,4.0,,False,False,False
2021-08-22,0.7639379,1.1461073881946504,0,0.0,1,1.5002625459455405,0,0.0,3,4.500787637836622,2.3970172,3.596155147533864,1,1.5002625459455405,3,4.500787637836622,0,0.0,7,10.501837821618784,13.695835682868957,20.54734931043276,9.0,13.502362913509863,18.0,27.004725827019726,5.0,7.501312729727703,25.0,37.50656364863851,2.0,13.0,False,False,False
2021-08-23,1.9616213,2.942946957773529,1,1.5002625459455405,3,4.500787637836622,0,0.0,5,7.501312729727703,2.5794072,3.8697879062965512,1,1.5002625459455405,4,6.001050183782162,0,0.0,7,10.501837821618784,14.702465128421784,22.057557765241594,10.0,15.002625459455405,19.0,28.504988372965265,6.0,9.001575275673243,27.0,40.507088740529596,0.0,13.0,False,False,False
2021-08-24,4.3067813,6.461302837124094,2,3.000525091891081,6,9.001575275673243,0,0.0,10,15.002625459455405,2.7781532,4.167959195910953,1,1.5002625459455405,4,6.001050183782162,0,0.0,8,12.002100367564324,15.797133403778076,23.699847578993438,11.0,16.502888005400948,20.0,30.00525091891081,6.0,9.001575275673243,28.0,42.007351286475135,5.0,16.0,False,False,False
2021-08-25,4.760828,7.142491813283414,2,3.000525091891081,6,9.001575275673243,1,1.5002625459455405,11,16.502888005400948,2.9948828,4.493110463954508,1,1.5002625459455405,4,6.001050183782162,0,0.0,8,12.002100367564324,16.98844560241699,25.487128651139436,12.0,18.003150551346486,21.0,31.505513464856353,7.0,10.501837821618784,29.0,43.507613832420674,5.0,19.0,False,False,False
2021-08-26,4.2390933,6.359753024298698,2,3.000525091891081,6,9.001575275673243,0,0.0,11,16.502888005400948,3.2314107,4.847964373766445,1,1.5002625459455405,5,7.501312729727703,0,0.0,8,12.002100367564324,18.28592697238922,27.43369135457088,13.0,19.50341309729203,23.0,34.506038556747434,8.0,12.002100367564324,31.0,46.50813892431176,10.0,27.0,False,True,False
2021-08-27,3.8914638,5.83821747568436,2,3.000525091891081,5,7.501312729727703,0,0.0,9,13.502362913509863,3.4897475,5.235537537373602,2,3.000525091891081,5,7.501312729727703,0,0.0,9,13.502362913509863,19.700127690315245,29.555363724124586,15.0,22.503938189183106,24.0,36.00630110269297,10.0,15.002625459455405,32.0,48.0084014702573,2.0,28.0,False,False,False
2021-08-28,3.175167,4.763584365718998,1,1.5002625459455405,4,6.001050183782162,0,0.0,8,12.002100367564324,3.772124,5.659176531480625,2,3.000525091891081,5,7.501312729727703,0,0.0,10,15.002625459455405,21.242742210388183,31.869690511421773,16.0,24.00420073512865,26.0,39.00682619458406,11.0,16.502888005400948,34.0,51.008926562148375,4.0,28.0,False,False,False
2021-08-29,1.3711491,2.0570836568367667,0,0.0,2,3.000525091891081,0,0.0,4,6.001050183782162,4.0810184,6.12259900663048,2,3.000525091891081,6,9.001575275673243,0,0.0,10,15.002625459455405,22.92674172115326,34.39613190481323,17.0,25.504463281074187,28.0,42.007351286475135,12.0,18.003150551346486,37.0,55.509714199985,2.0,28.0,False,False,False
2021-08-30,3.4581165,5.188082650420256,2,3.000525091891081,5,7.501312729727703,0,0.0,8,12.002100367564324,4.41919,6.629944982705638,2,3.000525091891081,6,9.001575275673243,0,0.0,11,16.502888005400948,24.766525471687316,37.15629055837869,19.0,28.504988372965265,30.0,45.00787637836621,13.0,19.50341309729203,40.0,60.01050183782162,0.0,28.0,False,False,False
2021-08-31,7.654192,11.483297566883266,4,6.001050183782162,10,15.002625459455405,1,1.5002625459455405,18,27.004725827019726,4.7897124,7.185825961641967,2,3.000525091891081,6,9.001575275673243,1,1.5002625459455405,12,18.003150551346486,26.778088005065918,40.17416248603393,21.0,31.505513464856353,32.0,48.0084014702573,14.0,21.003675643237568,43.0,64.51128947565824,11.0,34.0,False,False,False
2021-09-01,8.35569,12.535728455986828,4,6.001050183782162,11,16.502888005400948,1,1.5002625459455405,19,28.504988372965265,5.196002,7.7953671279828995,2,3.000525091891081,7,10.501837821618784,0,0.0,12,18.003150551346486,28.979209053993227,43.476421954831935,22.0,33.005776010801895,35.0,52.50918910809391,15.0,22.503938189183106,47.0,70.5123396594404,8.0,37.0,False,False,False
2021-09-02,7.499311,11.25093549489975,4,6.001050183782162,10,15.002625459455405,1,1.5002625459455405,17,25.504463281074187,5.641867,8.464282291242853,3,4.500787637836622,8,12.002100367564324,1,1.5002625459455405,14,21.003675643237568,31.389667163848877,47.09274197561905,24.0,36.00630110269297,38.0,57.00997674593053,16.0,24.00420073512865,50.0,75.01312729727702,3.0,30.0,False,False,False
2021-09-03,6.9981775,10.499103518668562,4,6.001050183782162,10,15.002625459455405,1,1.5002625459455405,17,25.504463281074187,6.131561,9.198951011057943,3,4.500787637836622,8,12.002100367564324,1,1.5002625459455405,15,22.503938189183106,34.031479526519774,51.0561541167501,25.0,37.50656364863851,41.0,61.51076438376716,18.0,27.004725827019726,56.0,84.01470257295027,2.0,30.0,False,False,False
2021-09-04,5.77708,8.667136717122048,2,3.000525091891081,8,12.002100367564324,1,1.5002625459455405,14,21.003675643237568,6.669819,10.006479715229943,3,4.500787637836622,9,13.502362913509863,1,1.5002625459455405,16,24.00420073512865,36.92917442512512,55.40345724270515,28.0,42.007351286475135,45.0,67.51181456754932,20.0,30.00525091891081,63.0,94.51654039456905,5.0,31.0,False,False,False
2021-09-05,2.5161538,3.774891229113564,1,1.5002625459455405,3,4.500787637836622,0,0.0,7,10.501837821618784,7.2619348,10.894808656303212,3,4.500787637836622,10,15.002625459455405,1,1.5002625459455405,17,25.504463281074187,40.11009638786316,60.17567532497661,30.0,45.00787637836621,49.0,73.51286475133148,21.0,31.505513464856353,68.0,102.01785312429675,5.0,34.0,False,False,False
2021-09-06,6.592002,9.889733337331563,3,4.500787637836622,9,13.502362913509863,1,1.5002625459455405,16,24.00420073512865,7.913838,11.872834875248373,4,6.001050183782162,10,15.002625459455405,1,1.5002625459455405,19,28.504988372965265,43.60475028800964,65.41857368240888,32.0,48.0084014702573,52.0,78.01365238916812,22.0,33.005776010801895,76.0,114.01995349186106,0.0,34.0,True,False,False
2021-09-07,14.259161,21.392485359683633,7,10.501837821618784,19,28.504988372965265,3,4.500787637836622,35,52.50918910809391,8.632152,12.950494419783354,4,6.001050183782162,11,16.502888005400948,1,1.5002625459455405,20,30.00525091891081,47.4471943359375,71.18324857240643,34.0,51.008926562148375,56.0,84.01470257295027,23.0,34.506038556747434,82.0,123.02152876753432,5.0,28.0,True,False,False
2021-09-08,15.193474,22.794200049247593,7,10.501837821618784,20,30.00525091891081,3,4.500787637836622,37,55.509714199985,9.424294,14.13891586707905,4,6.001050183782162,12,18.003150551346486,1,1.5002625459455405,25,37.50656364863851,51.67547579574585,77.52678088027282,37.0,55.509714199985,63.0,94.51654039456905,24.0,36.00630110269297,92.0,138.02415422698974,9.0,29.0,True,False,False
2021-09-09,14.040767,21.064835891593248,6,9.001575275673243,18,27.004725827019726,2,3.000525091891081,37,55.509714199985,10.298514,15.450475621037185,5,7.501312729727703,14,21.003675643237568,1,1.5002625459455405,29,43.507613832420674,56.33213640022278,84.51299437434967,40.0,60.01050183782162,70.0,105.01837821618783,26.0,39.00682619458406,102.0,153.02677968644514,15.0,41.0,True,False,False
2021-09-10,12.993765,19.494058506097645,5,7.501312729727703,17,25.504463281074187,2,3.000525091891081,35,52.50918910809391,11.264185,16.899235197342932,5,7.501312729727703,15,22.503938189183106,2,3.000525091891081,27,40.507088740529596,61.4647677936554,92.21328901606091,42.0,63.011026929712706,75.0,112.51969094591553,26.0,39.00682619458406,115.0,172.53019278373714,8.0,47.0,True,False,False
2021-09-11,10.724895,16.090157441794872,4,6.001050183782162,13,19.50341309729203,2,3.000525091891081,28,42.007351286475135,12.331707,18.500798614695668,6,9.001575275673243,16,24.00420073512865,2,3.000525091891081,31,46.50813892431176,67.12665627861023,100.70760824935898,45.0,67.51181456754932,82.0,123.02152876753432,29.0,43.507613832420674,132.0,198.03465606481134,,,False,False,True
2021-09-12,4.7595563,7.140584057196975,2,3.000525091891081,7,10.501837821618784,0,0.0,14,21.003675643237568,13.512782,20.272721303626895,6,9.001575275673243,18,27.004725827019726,2,3.000525091891081,39,58.510239291876076,73.37750749206543,110.08552620518405,46.0,69.01207711349487,92.0,138.02415422698974,30.0,45.00787637836621,153.0,229.54016952966768,,,False,False,True
2021-09-13,12.553831,18.83404329419136,5,7.501312729727703,16,24.00420073512865,2,3.000525091891081,33,49.508664016202836,14.820592,22.234779316931963,6,9.001575275673243,20,30.00525091891081,2,3.000525091891081,40,60.01050183782162,80.28425809288025,120.4474654457734,50.0,75.01312729727702,102.0,153.02677968644514,30.0,45.00787637836621,170.0,255.0446328107419,,,False,False,True
2021-09-14,28.307936,42.46933676768094,12,18.003150551346486,37,55.509714199985,5,7.501312729727703,76,114.01995349186106,16.269915,24.409143952652812,7,10.501837821618784,21,31.505513464856353,2,3.000525091891081,46,69.01207711349487,87.92201621055602,131.90610788471386,53.0,79.51391493511365,112.0,168.02940514590054,31.0,46.50813892431176,193.0,289.5506713674893,,,False,False,True
2021-09-15,30.58327,45.882933773100376,13,19.50341309729203,39,58.510239291876076,5,7.501312729727703,78,117.02047858375215,17.877384,26.820768835023046,7,10.501837821618784,22,33.005776010801895,2,3.000525091891081,46,69.01207711349487,96.37510805892944,144.58796498226607,56.0,84.01470257295027,121.0,181.5317680594104,32.0,48.0084014702573,210.0,315.0551346485635,,,False,False,True
