,Raw Prediction Mean,Raw Prediction Mean 100k,Raw Prediction Q25,Raw Prediction Q25 100k,Raw Prediction Q75,Raw Prediction Q75 100k,Raw Prediction Q5,Raw Prediction Q5 100k,Raw Prediction Q95,Raw Prediction Q95 100k,Trend Prediction Mean,Trend Prediction Mean 100k,Trend Prediction Q25,Trend Prediction Q25 100k,Trend Prediction Q75,Trend Prediction Q75 100k,Trend Prediction Q5,Trend Prediction Q5 100k,Trend Prediction Q95,Trend Prediction Q95 100k,Trend 7Day Prediction Mean,Trend 7Day Prediction Mean 100k,Trend 7Day Prediction Q25,Trend 7Day Prediction Q25 100k,Trend 7Day Prediction Q75,Trend 7Day Prediction Q75 100k,Trend 7Day Prediction Q5,Trend 7Day Prediction Q5 100k,Trend 7Day Prediction Q95,Trend 7Day Prediction Q95 100k,RKI Meldedaten,RKI 7Day Incidence,is_nowcast,is_high,is_prediction
2021-07-24,1.7765211,0.8134216841426678,0,0.0,3,1.3736200841571238,0,0.0,6,2.7472401683142476,2.137923,0.9788979696168099,1,0.45787336138570794,3,1.3736200841571238,0,0.0,6,2.7472401683142476,,,,,,,,,,,2.0,,False,False,False
2021-07-25,0.9492027,0.4346146397438133,0,0.0,1,0.45787336138570794,0,0.0,3,1.3736200841571238,2.2405434,1.0258851034450345,1,0.45787336138570794,3,1.3736200841571238,0,0.0,6,2.7472401683142476,,,,,,,,,,,0.0,,False,False,False
2021-07-26,1.8347986,0.8401053491979837,0,0.0,3,1.3736200841571238,0,0.0,5,2.2893668069285398,2.3498197,1.07591986306943,1,0.45787336138570794,3,1.3736200841571238,0,0.0,7,3.2051135296999558,,,,,,,,,,,3.0,,False,False,False
2021-07-27,3.6290073,1.6616257198620588,2,0.9157467227714159,5,2.2893668069285398,0,0.0,9,4.120860252471371,2.4662542,1.1292320778011344,1,0.45787336138570794,4,1.8314934455428318,0,0.0,7,3.2051135296999558,,,,,,,,,,,3.0,,False,False,False
2021-07-28,4.2965856,1.9672921553137712,2,0.9157467227714159,6,2.7472401683142476,0,0.0,10,4.5787336138570796,2.5903804,1.1860662198159844,1,0.45787336138570794,4,1.8314934455428318,0,0.0,7,3.2051135296999558,,,,,,,,,,,7.0,,False,False,False
2021-07-29,3.6748152,1.682599940977525,2,0.9157467227714159,5,2.2893668069285398,0,0.0,9,4.120860252471371,2.7227826,1.2466895896068309,1,0.45787336138570794,4,1.8314934455428318,0,0.0,7,3.2051135296999558,,,,,,,,,,,4.0,,False,False,False
2021-07-30,3.918244,1.794059426174499,2,0.9157467227714159,5,2.2893668069285398,0,0.0,9,4.120860252471371,2.864096,1.3113932254782412,1,0.45787336138570794,4,1.8314934455428318,0,0.0,7,3.2051135296999558,17.371800305366516,7.954084599139434,12.0,5.494480336628495,22.0,10.073213950485574,7.0,3.2051135296999558,33.0,15.109820925728362,8.0,27.0,False,True,False
2021-07-31,2.6006756,1.1907800399058033,1,0.45787336138570794,4,1.8314934455428318,0,0.0,6,2.7472401683142476,3.015011,1.3804932677885517,1,0.45787336138570794,4,1.8314934455428318,0,0.0,8,3.6629868910856636,18.248890191078186,8.355680693347644,13.0,5.952353698014203,23.0,10.531087311871282,8.0,3.6629868910856636,33.0,15.109820925728362,5.0,30.0,False,False,False
2021-08-01,1.4555788,0.6664707598247332,0,0.0,2,0.9157467227714159,0,0.0,4,1.8314934455428318,3.1762743,1.4543314136972185,1,0.45787336138570794,5,2.2893668069285398,0,0.0,8,3.6629868910856636,19.18461910057068,8.784126034482753,14.0,6.4102270593999116,24.0,10.98896067325699,9.0,4.120860252471371,34.0,15.567694287114069,0.0,30.0,False,False,False
2021-08-02,2.702091,1.2372154742479324,1,0.45787336138570794,4,1.8314934455428318,0,0.0,7,3.2051135296999558,3.3486865,1.5332743714679964,1,0.45787336138570794,5,2.2893668069285398,0,0.0,8,3.6629868910856636,20.183484150886535,9.24147973264158,15.0,6.868100420785619,25.0,11.446834034642698,9.0,4.120860252471371,35.0,16.025567648499777,0.0,27.0,False,False,False
2021-08-03,5.09112,2.3310880351345986,3,1.3736200841571238,7,3.2051135296999558,1,0.45787336138570794,12,5.494480336628495,3.5331361,1.6177289580809884,1,0.45787336138570794,5,2.2893668069285398,0,0.0,9,4.120860252471371,21.250366025924684,9.729976522966783,16.0,7.325973782171327,26.0,11.904707396028407,10.0,4.5787336138570796,36.0,16.483441009885485,3.0,27.0,False,False,False
2021-08-04,6.199464,2.83856934402138,3,1.3736200841571238,9,4.120860252471371,1,0.45787336138570794,15,6.868100420785619,3.730578,1.7081321857403964,2,0.9157467227714159,5,2.2893668069285398,0,0.0,9,4.120860252471371,22.39056362056732,10.252042628269706,17.0,7.783847143557034,27.0,12.362580757414115,11.0,5.036606975242787,39.0,17.85706109404261,2.0,22.0,False,False,False
2021-08-05,5.416161,2.479915929143317,3,1.3736200841571238,8,3.6629868910856636,1,0.45787336138570794,13,5.952353698014203,3.9420557,1.8049622667604126,2,0.9157467227714159,6,2.7472401683142476,0,0.0,9,4.120860252471371,23.609833110809326,10.810313648201852,18.0,8.241720504942743,29.0,13.27832748018553,12.0,5.494480336628495,39.0,17.85706109404261,1.0,19.0,False,False,False
2021-08-06,5.826512,2.667804619704839,3,1.3736200841571238,8,3.6629868910856636,1,0.45787336138570794,14,6.4102270593999116,4.168695,1.9087343389401212,2,0.9157467227714159,6,2.7472401683142476,0,0.0,10,4.5787336138570796,24.91443027114868,11.407653935260681,19.0,8.69959386632845,30.0,13.736200841571238,13.0,5.952353698014203,41.0,18.772807816814023,2.0,13.0,False,False,False
2021-08-07,4.002892,1.8328175428905524,2,0.9157467227714159,6,2.7472401683142476,0,0.0,10,4.5787336138570796,4.411742,2.020019201154355,2,0.9157467227714159,6,2.7472401683142476,0,0.0,11,5.036606975242787,26.31115827846527,12.04717848291229,20.0,9.157467227714159,32.0,14.651947564342654,13.0,5.952353698014203,43.0,19.688554539585443,7.0,15.0,False,False,False
2021-08-08,2.1876013,1.0016443411586806,1,0.45787336138570794,3,1.3736200841571238,0,0.0,6,2.7472401683142476,4.67253,2.1394271243480034,2,0.9157467227714159,6,2.7472401683142476,0,0.0,11,5.036606975242787,27.807417582511903,12.73227575996076,21.0,9.615340589099867,34.0,15.567694287114069,14.0,6.4102270593999116,46.0,21.062174623742564,0.0,15.0,False,False,False
2021-08-09,4.2132387,1.9291297576273791,2,0.9157467227714159,6,2.7472401683142476,0,0.0,11,5.036606975242787,4.9525323,2.2676325897919014,2,0.9157467227714159,7,3.2051135296999558,1,0.45787336138570794,11,5.036606975242787,29.411263940811157,13.466634283181467,22.0,10.073213950485574,36.0,16.483441009885485,16.0,7.325973782171327,48.0,21.97792134651398,3.0,18.0,False,False,False
2021-08-10,7.756412,3.5514545743353665,4,1.8314934455428318,11,5.036606975242787,1,0.45787336138570794,18,8.241720504942743,5.2533402,2.4053644665400498,2,0.9157467227714159,7,3.2051135296999558,1,0.45787336138570794,13,5.952353698014203,31.13147046947479,14.254271028738325,24.0,10.98896067325699,37.0,16.941314371271194,16.0,7.325973782171327,51.0,23.351541430671105,6.0,21.0,False,False,False
2021-08-11,8.778605,4.019489642814733,5,2.2893668069285398,12,5.494480336628495,2,0.9157467227714159,21,9.615340589099867,5.5767035,2.5534240194247104,3,1.3736200841571238,7,3.2051135296999558,1,0.45787336138570794,13,5.952353698014203,32.977595015525814,15.099562280175373,25.0,11.446834034642698,39.0,17.85706109404261,17.0,7.783847143557034,53.0,24.26728815344252,12.0,31.0,False,False,False
2021-08-12,8.327801,3.8130780012579635,4,1.8314934455428318,12,5.494480336628495,1,0.45787336138570794,20,9.157467227714159,5.924517,2.712678542593494,3,1.3736200841571238,8,3.6629868910856636,1,0.45787336138570794,14,6.4102270593999116,34.960057757377626,16.007279159608988,26.0,11.904707396028407,42.0,19.230681178199735,18.0,8.241720504942743,56.0,25.640908237599646,19.0,49.0,False,True,False
2021-08-13,8.987533,4.1151517507387325,4,1.8314934455428318,12,5.494480336628495,1,0.45787336138570794,22,10.073213950485574,6.298861,2.8840806407970376,3,1.3736200841571238,9,4.120860252471371,1,0.45787336138570794,16,7.325973782171327,37.09022368240356,16.98262539200991,28.0,12.820454118799823,45.0,20.60430126235686,18.0,8.241720504942743,63.0,28.8460217672996,6.0,53.0,False,False,False
2021-08-14,6.262818,2.867577495635487,3,1.3736200841571238,9,4.120860252471371,1,0.45787336138570794,16,7.325973782171327,6.702013,3.0686733225593343,3,1.3736200841571238,9,4.120860252471371,1,0.45787336138570794,17,7.783847143557034,39.38049263954163,18.031278537892057,29.0,13.27832748018553,47.0,21.520047985128272,19.0,8.69959386632845,68.0,31.135388574228138,7.0,53.0,True,False,False
2021-08-15,3.4978445,1.6015697838156484,1,0.45787336138570794,5,2.2893668069285398,0,0.0,9,4.120860252471371,7.1364408,3.267585998401046,3,1.3736200841571238,10,4.5787336138570796,1,0.45787336138570794,17,7.783847143557034,41.84440440940857,19.15943810211884,30.0,13.736200841571238,50.0,22.893668069285397,20.0,9.157467227714159,75.0,34.340502103928095,0.0,53.0,True,False,False
2021-08-16,6.469378,2.962155849672854,3,1.3736200841571238,8,3.6629868910856636,1,0.45787336138570794,17,7.783847143557034,7.6048727,3.4820684959413484,3,1.3736200841571238,10,4.5787336138570796,1,0.45787336138570794,18,8.241720504942743,44.49674558830261,20.373874473240786,31.0,14.194074202956944,54.0,24.72516151482823,21.0,9.615340589099867,79.0,36.17199554947093,7.0,57.0,True,False,False
2021-08-17,13.84642,6.339907122310251,7,3.2051135296999558,19,8.69959386632845,2,0.9157467227714159,34,15.567694287114069,8.110279,3.713480691658333,4,1.8314934455428318,12,5.494480336628495,1,0.45787336138570794,21,9.615340589099867,47.35367762947082,21.68198755018101,34.0,15.567694287114069,57.0,26.09878159898535,21.0,9.615340589099867,85.0,38.91923571778518,12.0,63.0,True,False,False
2021-08-18,15.782871,7.226556044770405,7,3.2051135296999558,20,9.157467227714159,3,1.3736200841571238,38,17.3991877326569,8.655895,3.9633039705222473,4,1.8314934455428318,11,5.036606975242787,1,0.45787336138570794,23,10.531087311871282,50.43286782455444,23.09186671514986,35.0,16.025567648499777,62.0,28.38814840591389,22.0,10.073213950485574,92.0,42.12434924748513,32.0,83.0,True,True,False
2021-08-19,11.299858,5.173903991817497,5,2.2893668069285398,15,6.868100420785619,2,0.9157467227714159,30,13.736200841571238,9.245289,4.233171421219595,4,1.8314934455428318,12,5.494480336628495,2,0.9157467227714159,23,10.531087311871282,53.75364338302612,24.612361382514788,36.0,16.483441009885485,66.0,30.219641851456725,23.0,10.531087311871282,101.0,46.2452094999565,,,False,False,True
2021-08-20,11.736652,5.373900421545841,5,2.2893668069285398,17,7.783847143557034,2,0.9157467227714159,32,14.651947564342654,9.88237,4.524874020717107,4,1.8314934455428318,13,5.952353698014203,1,0.45787336138570794,27,12.362580757414115,57.3371575756073,26.253157071445322,38.0,17.3991877326569,70.0,32.051135296999554,23.0,10.531087311871282,111.0,50.82394311381358,,,False,False,True
2021-08-21,8.184573,3.7474979762919247,3,1.3736200841571238,12,5.494480336628495,1,0.45787336138570794,23,10.531087311871282,10.571418,4.840370456804521,5,2.2893668069285398,14,6.4102270593999116,2,0.9157467227714159,29,13.27832748018553,61.20656877326965,28.024857383102482,40.0,18.314934455428318,76.0,34.7983754653138,25.0,11.446834034642698,121.0,55.40267672767066,,,False,False,True
2021-08-22,4.5800924,2.0971023332094774,1,0.45787336138570794,6,2.7472401683142476,0,0.0,13,5.952353698014203,11.3171215,5.181808592169546,5,2.2893668069285398,15,6.868100420785619,1,0.45787336138570794,31,14.194074202956944,65.38724849128724,29.939079258468247,41.0,18.772807816814023,81.0,37.087742272242345,25.0,11.446834034642698,134.0,61.35503042568486,,,False,False,True
2021-08-23,8.5612,3.919945447705686,3,1.3736200841571238,12,5.494480336628495,1,0.45787336138570794,25,11.446834034642698,12.12463,5.551545109483413,5,2.2893668069285398,16,7.325973782171327,2,0.9157467227714159,33,15.109820925728362,69.90700128555298,32.00855366301115,43.0,19.688554539585443,88.0,40.292855801942295,26.0,11.904707396028407,143.0,65.47589067815623,,,False,False,True
