,Raw Prediction Mean,Raw Prediction Mean 100k,Raw Prediction Q25,Raw Prediction Q25 100k,Raw Prediction Q75,Raw Prediction Q75 100k,Raw Prediction Q5,Raw Prediction Q5 100k,Raw Prediction Q95,Raw Prediction Q95 100k,Trend Prediction Mean,Trend Prediction Mean 100k,Trend Prediction Q25,Trend Prediction Q25 100k,Trend Prediction Q75,Trend Prediction Q75 100k,Trend Prediction Q5,Trend Prediction Q5 100k,Trend Prediction Q95,Trend Prediction Q95 100k,Trend 7Day Prediction Mean,Trend 7Day Prediction Mean 100k,Trend 7Day Prediction Q25,Trend 7Day Prediction Q25 100k,Trend 7Day Prediction Q75,Trend 7Day Prediction Q75 100k,Trend 7Day Prediction Q5,Trend 7Day Prediction Q5 100k,Trend 7Day Prediction Q95,Trend 7Day Prediction Q95 100k,RKI Meldedaten,RKI 7Day Incidence,is_nowcast,is_high,is_prediction
2021-07-24,1.3350687,0.9715172382129822,0,0.0,2,1.4553816374498802,0,0.0,4,2.9107632748997605,1.5022902,1.0932028089882806,0,0.0,2,1.4553816374498802,0,0.0,5,3.638454093624701,,,,,,,,,,,3.0,,False,False,False
2021-07-25,0.7101191,0.5167471499589738,0,0.0,1,0.7276908187249401,0,0.0,3,2.1830724561748207,1.5777341,1.1481026376713999,0,0.0,2,1.4553816374498802,0,0.0,5,3.638454093624701,,,,,,,,,,,0.0,,False,False,False
2021-07-26,1.3295559,0.9675056389824022,0,0.0,2,1.4553816374498802,0,0.0,4,2.9107632748997605,1.6581885,1.2066485396644566,0,0.0,2,1.4553816374498802,0,0.0,5,3.638454093624701,,,,,,,,,,,1.0,,False,False,False
2021-07-27,2.6183875,1.9053764845011756,1,0.7276908187249401,4,2.9107632748997605,0,0.0,6,4.366144912349641,1.7440355,1.269118638447253,0,0.0,3,2.1830724561748207,0,0.0,5,3.638454093624701,,,,,,,,,,,5.0,,False,False,False
2021-07-28,3.1434193,2.287437382619828,1,0.7276908187249401,5,3.638454093624701,0,0.0,8,5.821526549799521,1.835697,1.3358198884816375,1,0.7276908187249401,3,2.1830724561748207,0,0.0,5,3.638454093624701,,,,,,,,,,,2.0,,False,False,False
2021-07-29,2.7080522,1.9706247258000076,1,0.7276908187249401,4,2.9107632748997605,0,0.0,7,5.093835731074581,1.9336212,1.4070783436181955,1,0.7276908187249401,3,2.1830724561748207,0,0.0,5,3.638454093624701,,,,,,,,,,,1.0,,False,False,False
2021-07-30,2.7805138,2.0233543182257563,1,0.7276908187249401,4,2.9107632748997605,0,0.0,8,5.821526549799521,2.0383022,1.4832537999609485,1,0.7276908187249401,3,2.1830724561748207,0,0.0,6,4.366144912349641,12.289869417667388,8.943225138564985,8.0,5.821526549799521,16.0,11.643053099599042,5.0,3.638454093624701,23.0,16.736888830673625,2.0,14.0,False,False,False
2021-07-31,1.8645439,1.3568114809459075,1,0.7276908187249401,3,2.1830724561748207,0,0.0,5,3.638454093624701,2.1502733,1.5647341570002027,1,0.7276908187249401,3,2.1830724561748207,0,0.0,6,4.366144912349641,12.937853192329406,9.414756982069266,9.0,6.549217368524461,17.0,12.370743918323983,5.0,3.638454093624701,23.0,16.736888830673625,1.0,12.0,False,False,False
2021-08-01,1.0469958,0.7618892141181277,0,0.0,2,1.4553816374498802,0,0.0,3,2.1830724561748207,2.2701204,1.6519457858521491,1,0.7276908187249401,3,2.1830724561748207,0,0.0,6,4.366144912349641,13.630239659309387,9.918600257099996,9.0,6.549217368524461,17.0,12.370743918323983,6.0,4.366144912349641,24.0,17.464579649398566,5.0,17.0,False,False,False
2021-08-02,1.9579195,1.4247600120143034,1,0.7276908187249401,3,2.1830724561748207,0,0.0,6,4.366144912349641,2.3984747,1.7453479813411832,1,0.7276908187249401,4,2.9107632748997605,0,0.0,7,5.093835731074581,14.370525295257568,10.457299317613442,10.0,7.276908187249402,18.0,13.098434737048922,6.0,4.366144912349641,25.0,18.192270468123503,0.0,16.0,False,False,False
2021-08-03,3.8243773,2.782964293146506,2,1.4553816374498802,5,3.638454093624701,0,0.0,9,6.549217368524461,2.5360255,1.8454424207448028,1,0.7276908187249401,4,2.9107632748997605,0,0.0,6,4.366144912349641,15.162513913154601,11.033622163391767,11.0,8.004599005974342,19.0,13.826125555773864,7.0,5.093835731074581,26.0,18.91996128684844,3.0,14.0,False,False,False
2021-08-04,4.704163,3.4231761674163863,2,1.4553816374498802,6,4.366144912349641,1,0.7276908187249401,11,8.004599005974342,2.6835287,1.9527791664586402,1,0.7276908187249401,4,2.9107632748997605,0,0.0,7,5.093835731074581,16.010345388412475,11.650581343762944,12.0,8.732289824699283,20.0,14.553816374498805,7.0,5.093835731074581,27.0,19.647652105573382,0.0,12.0,False,False,False
2021-08-05,3.9193816,2.8520980777102523,2,1.4553816374498802,5,3.638454093624701,0,0.0,9,6.549217368524461,2.8418043,2.0679548470070586,1,0.7276908187249401,4,2.9107632748997605,0,0.0,7,5.093835731074581,16.918528511047363,12.311457863825296,13.0,9.45998064342422,21.0,15.281507193223742,8.0,5.821526549799521,28.0,20.375342924298323,3.0,14.0,False,False,False
2021-08-06,4.086267,2.9735389034613036,2,1.4553816374498802,6,4.366144912349641,0,0.0,9,6.549217368524461,3.0117486,2.1916217519901693,1,0.7276908187249401,4,2.9107632748997605,0,0.0,7,5.093835731074581,17.891976314544678,13.019826892938255,13.0,9.45998064342422,22.0,16.009198011948683,9.0,6.549217368524461,29.0,21.103033743023264,4.0,16.0,False,False,False
2021-08-07,2.753154,2.003444933507126,1,0.7276908187249401,4,2.9107632748997605,0,0.0,7,5.093835731074581,3.194344,2.324494744243566,1,0.7276908187249401,5,3.638454093624701,0,0.0,8,5.821526549799521,18.936046392440797,13.779587102728694,14.0,10.187671462149162,23.0,16.736888830673625,9.0,6.549217368524461,32.0,23.286106199198084,2.0,17.0,False,False,False
2021-08-08,1.5608492,1.1358156370988581,0,0.0,2,1.4553816374498802,0,0.0,4,2.9107632748997605,3.390656,2.46734925894998,1,0.7276908187249401,5,3.638454093624701,0,0.0,9,6.549217368524461,20.056583843231202,14.59499191770632,15.0,10.915362280874103,25.0,18.192270468123503,9.0,6.549217368524461,33.0,24.013797017923025,4.0,16.0,False,False,False
2021-08-09,2.9415023,2.1405043298727833,1,0.7276908187249401,4,2.9107632748997605,0,0.0,8,5.821526549799521,3.6018572,2.621038402139675,2,1.4553816374498802,5,3.638454093624701,0,0.0,9,6.549217368524461,21.259969800949097,15.47068483052015,16.0,11.643053099599042,26.0,18.91996128684844,10.0,7.276908187249402,35.0,25.469178655372904,1.0,17.0,False,False,False
2021-08-10,5.737034,4.174786954536103,3,2.1830724561748207,8,5.821526549799521,1,0.7276908187249401,15,10.915362280874103,3.829226,2.786492586892564,2,1.4553816374498802,5,3.638454093624701,0,0.0,10,7.276908187249402,22.553174523353576,16.411738033745625,17.0,12.370743918323983,27.0,19.647652105573382,11.0,8.004599005974342,37.0,26.924560292822783,4.0,18.0,False,False,False
2021-08-11,6.8388324,4.976555646862835,4,2.9107632748997605,9,6.549217368524461,1,0.7276908187249401,16,11.643053099599042,4.07417,2.964736268040724,2,1.4553816374498802,6,4.366144912349641,0,0.0,10,7.276908187249402,23.943816455841066,17.42369540015068,18.0,13.098434737048922,29.0,21.103033743023264,12.0,8.732289824699283,40.0,29.10763274899761,4.0,22.0,False,False,False
2021-08-12,5.9233675,4.310380245442502,3,2.1830724561748207,8,5.821526549799521,0,0.0,15,10.915362280874103,4.3382163,3.1568801205139607,2,1.4553816374498802,6,4.366144912349641,0,0.0,11,8.004599005974342,25.44022831249237,18.512620569266975,19.0,13.826125555773864,31.0,22.558415380473146,13.0,9.45998064342422,43.0,31.29070520517243,9.0,28.0,False,False,False
2021-08-13,6.24843,4.546924901660532,3,2.1830724561748207,8,5.821526549799521,1,0.7276908187249401,15,10.915362280874103,4.6230507,3.364151416462846,2,1.4553816374498802,7,5.093835731074581,0,0.0,12,8.732289824699283,27.051528804779053,19.68514914371097,21.0,15.281507193223742,33.0,24.013797017923025,14.0,10.187671462149162,46.0,33.47377766134725,10.0,34.0,False,False,False
2021-08-14,4.3634186,3.1752195354783908,2,1.4553816374498802,6,4.366144912349641,0,0.0,11,8.004599005974342,4.930522,3.5878954804502428,2,1.4553816374498802,7,5.093835731074581,1,0.7276908187249401,12,8.732289824699283,28.787701946258544,20.948546398482435,22.0,16.009198011948683,34.0,24.741487836647966,14.0,10.187671462149162,49.0,35.65685011752207,9.0,41.0,True,False,False
2021-08-15,2.3597853,1.7171940271509811,1,0.7276908187249401,4,2.9107632748997605,0,0.0,7,5.093835731074581,5.262642,3.8295762351481244,2,1.4553816374498802,7,5.093835731074581,0,0.0,13,9.45998064342422,30.659687865257265,22.310773364520173,22.0,16.009198011948683,37.0,26.924560292822783,14.0,10.187671462149162,53.0,38.567613392421826,1.0,38.0,True,False,False
2021-08-16,4.388813,3.193699012626894,2,1.4553816374498802,6,4.366144912349641,0,0.0,11,8.004599005974342,5.6216545,4.090826405445114,2,1.4553816374498802,7,5.093835731074581,0,0.0,14,10.187671462149162,32.67947927093506,23.780557026171447,23.0,16.736888830673625,39.0,28.379941930272665,15.0,10.915362280874103,59.0,42.933758304771466,3.0,40.0,True,False,False
2021-08-17,9.050453,6.585931987501681,4,2.9107632748997605,12,8.732289824699283,1,0.7276908187249401,22,16.009198011948683,6.00998,4.373407500679605,3,2.1830724561748207,8,5.821526549799521,1,0.7276908187249401,15,10.915362280874103,34.86023310947418,25.367471572375536,25.0,18.192270468123503,42.0,30.563014386447485,15.0,10.915362280874103,63.0,45.84452157967123,15.0,51.0,True,False,False
2021-08-18,11.004552,8.007911674212664,5,3.638454093624701,15,10.915362280874103,2,1.4553816374498802,26,18.91996128684844,6.430325,4.679288394981995,3,2.1830724561748207,8,5.821526549799521,1,0.7276908187249401,17,12.370743918323983,37.21638928031921,27.08202478538157,25.0,18.192270468123503,45.0,32.74608684262231,16.0,11.643053099599042,68.0,49.48297567329593,12.0,59.0,True,False,False
2021-08-19,8.521517,6.201029464136809,4,2.9107632748997605,11,8.004599005974342,1,0.7276908187249401,22,16.009198011948683,6.8856316,5.01061076647602,3,2.1830724561748207,9,6.549217368524461,1,0.7276908187249401,17,12.370743918323983,39.763807030677796,28.935757293774458,26.0,18.91996128684844,48.0,34.92915929879713,16.0,11.643053099599042,72.0,52.39373894819569,,,False,False,True
2021-08-20,8.865183,6.451112130889669,4,2.9107632748997605,12,8.732289824699283,1,0.7276908187249401,21,15.281507193223742,7.379163,5.3697491239290684,3,2.1830724561748207,10,7.276908187249402,1,0.7276908187249401,19,13.826125555773864,42.51991590976715,30.941352420494066,28.0,20.375342924298323,52.0,37.83992257369688,17.0,12.370743918323983,79.0,57.487574679270274,,,False,False,True
2021-08-21,6.2255073,4.5302444050321355,2,1.4553816374498802,8,5.821526549799521,0,0.0,16,11.643053099599042,7.9144816,5.759295527241193,3,2.1830724561748207,11,8.004599005974342,1,0.7276908187249401,22,16.009198011948683,45.503878998756406,33.11275496376566,29.0,21.103033743023264,56.0,40.750685848596646,17.0,12.370743918323983,90.0,65.49217368524462,,,False,False,True
2021-08-22,3.492555,2.5415001800865866,1,0.7276908187249401,5,3.638454093624701,0,0.0,10,7.276908187249402,8.495545,6.182130164233968,4,2.9107632748997605,11,8.004599005974342,1,0.7276908187249401,23,16.736888830673625,48.73678185367584,35.465308689120185,31.0,22.558415380473146,60.0,43.66144912349641,18.0,13.098434737048922,99.0,72.04139105376908,,,False,False,True
2021-08-23,6.5630565,4.775876004714519,3,2.1830724561748207,9,6.549217368524461,1,0.7276908187249401,18,13.098434737048922,9.126701,6.641416985075921,4,2.9107632748997605,12,8.732289824699283,1,0.7276908187249401,25,18.192270468123503,52.24183520698547,38.015903833464655,32.0,23.286106199198084,65.0,47.29990321712111,18.0,13.098434737048922,108.0,78.59060842229353,,,False,False,True
