,Raw Prediction Mean,Raw Prediction Mean 100k,Raw Prediction Q25,Raw Prediction Q25 100k,Raw Prediction Q75,Raw Prediction Q75 100k,Raw Prediction Q5,Raw Prediction Q5 100k,Raw Prediction Q95,Raw Prediction Q95 100k,Trend Prediction Mean,Trend Prediction Mean 100k,Trend Prediction Q25,Trend Prediction Q25 100k,Trend Prediction Q75,Trend Prediction Q75 100k,Trend Prediction Q5,Trend Prediction Q5 100k,Trend Prediction Q95,Trend Prediction Q95 100k,Trend 7Day Prediction Mean,Trend 7Day Prediction Mean 100k,Trend 7Day Prediction Q25,Trend 7Day Prediction Q25 100k,Trend 7Day Prediction Q75,Trend 7Day Prediction Q75 100k,Trend 7Day Prediction Q5,Trend 7Day Prediction Q5 100k,Trend 7Day Prediction Q95,Trend 7Day Prediction Q95 100k,RKI Meldedaten,RKI 7Day Incidence,is_nowcast,is_high,is_prediction
2021-07-24,1.1202333,0.524765800946625,0,0.0,2,0.9368866320330907,0,0.0,4,1.8737732640661815,1.2944146,0.6063598902983358,0,0.0,2,0.9368866320330907,0,0.0,4,1.8737732640661815,,,,,,,,,,,2.0,,False,False,False
2021-07-25,0.6253011,0.2929181391664315,0,0.0,1,0.4684433160165454,0,0.0,2,0.9368866320330907,1.3872206,0.6498342372651678,0,0.0,2,0.9368866320330907,0,0.0,4,1.8737732640661815,,,,,,,,,,,0.0,,False,False,False
2021-07-26,1.1801858,0.5528501333174063,0,0.0,2,0.9368866320330907,0,0.0,4,1.8737732640661815,1.4878542,0.6969753940211376,0,0.0,2,0.9368866320330907,0,0.0,4,1.8737732640661815,,,,,,,,,,,0.0,,False,False,False
2021-07-27,2.3922787,1.120646993513219,1,0.4684433160165454,3,1.4053299480496362,0,0.0,6,2.8106598960992724,1.597056,0.7481302418455016,0,0.0,2,0.9368866320330907,0,0.0,5,2.3422165800827273,,,,,,,,,,,4.0,,False,False,False
2021-07-28,2.9959502,1.403432816005079,1,0.4684433160165454,4,1.8737732640661815,0,0.0,7,3.2791032121158183,1.715648,0.8036839062697254,0,0.0,3,1.4053299480496362,0,0.0,5,2.3422165800827273,,,,,,,,,,,5.0,,False,False,False
2021-07-29,2.5196016,1.1802905646618456,1,0.4684433160165454,4,1.8737732640661815,0,0.0,7,3.2791032121158183,1.8445326,0.8640589840069879,1,0.4684433160165454,3,1.4053299480496362,0,0.0,5,2.3422165800827273,,,,,,,,,,,0.0,,False,False,False
2021-07-30,2.636732,1.2351595614745747,1,0.4684433160165454,4,1.8737732640661815,0,0.0,7,3.2791032121158183,1.984712,0.9297250471718144,1,0.4684433160165454,3,1.4053299480496362,0,0.0,5,2.3422165800827273,11.311439624786377,5.298768286755879,7.0,3.2791032121158183,14.0,6.558206424231637,4.0,1.8737732640661815,21.0,9.837309636347454,4.0,15.0,False,False,False
2021-07-31,1.8332045,0.8587523552705534,1,0.4684433160165454,3,1.4053299480496362,0,0.0,5,2.3422165800827273,2.1372893,1.0011988706537522,1,0.4684433160165454,3,1.4053299480496362,0,0.0,5,2.3422165800827273,12.154315369606017,5.693607795649107,8.0,3.747546528132363,15.0,7.026649740248182,4.0,1.8737732640661815,22.0,10.305752952364,1.0,14.0,False,False,False
2021-08-01,1.0392611,0.4868349151365692,0,0.0,2,0.9368866320330907,0,0.0,3,1.4053299480496362,2.303498,1.0790582564368378,1,0.4684433160165454,3,1.4053299480496362,0,0.0,6,2.8106598960992724,13.070592538833619,6.1228317111923385,9.0,4.2159898441489085,16.0,7.495093056264726,5.0,2.3422165800827273,22.0,10.305752952364,1.0,15.0,False,False,False
2021-08-02,1.9629858,0.9195475286105648,1,0.4684433160165454,3,1.4053299480496362,0,0.0,5,2.3422165800827273,2.484691,1.1639368494797964,1,0.4684433160165454,4,1.8737732640661815,0,0.0,6,2.8106598960992724,14.067428173542023,6.5897927014386,10.0,4.6844331601654545,17.0,7.963536372281273,6.0,2.8106598960992724,24.0,11.24263958439709,2.0,17.0,False,False,False
2021-08-03,3.9715261,1.8604348952067085,2,0.9368866320330907,6,2.8106598960992724,0,0.0,9,4.2159898441489085,2.682375,1.256540599570144,1,0.4684433160165454,4,1.8737732640661815,0,0.0,7,3.2791032121158183,15.152744357585908,7.09820181361854,11.0,5.152876476182,18.0,8.431979688297817,7.0,3.2791032121158183,25.0,11.711082900413636,6.0,19.0,False,False,False
2021-08-04,5.035594,2.3588903786730953,2,0.9368866320330907,7,3.2791032121158183,1,0.4684433160165454,12,5.621319792198545,2.8982217,1.3576525816461071,1,0.4684433160165454,4,1.8737732640661815,0,0.0,7,3.2791032121158183,16.33531621837616,7.652169697514983,12.0,5.621319792198545,20.0,9.368866320330909,8.0,3.747546528132363,26.0,12.17952621643018,3.0,17.0,False,False,False
2021-08-05,4.2903843,2.0098017557756975,2,0.9368866320330907,6,2.8106598960992724,1,0.4684433160165454,11,5.152876476182,3.1340911,1.4681440006825142,1,0.4684433160165454,4,1.8737732640661815,0,0.0,7,3.2791032121158183,17.624871624946593,8.256253308355902,13.0,6.08976310821509,21.0,9.837309636347454,9.0,4.2159898441489085,28.0,13.116412848463273,2.0,19.0,False,False,False
2021-08-06,4.507357,2.111441244778689,2,0.9368866320330907,6,2.8106598960992724,0,0.0,11,5.152876476182,3.392042,1.588979284861125,1,0.4684433160165454,5,2.3422165800827273,0,0.0,8,3.747546528132363,19.032202794075012,8.91550818795586,14.0,6.558206424231637,23.0,10.774196268380544,10.0,4.6844331601654545,31.0,14.521742796512907,7.0,22.0,False,False,False
2021-08-07,3.136705,1.469368453399511,1,0.4684433160165454,5,2.3422165800827273,0,0.0,8,3.747546528132363,3.6743834,1.7212403690791689,2,0.9368866320330907,5,2.3422165800827273,0,0.0,10,4.6844331601654545,20.56929373264313,9.635548164237692,16.0,7.495093056264726,24.0,11.24263958439709,11.0,5.152876476182,34.0,15.927072744562546,1.0,22.0,False,False,False
2021-08-08,1.8015984,0.8439467819698621,1,0.4684433160165454,3,1.4053299480496362,0,0.0,5,2.3422165800827273,3.9836638,1.866120692284312,2,0.9368866320330907,5,2.3422165800827273,0,0.0,10,4.6844331601654545,22.249461097717287,10.422611336195812,17.0,7.963536372281273,26.0,12.17952621643018,11.0,5.152876476182,35.0,16.39551606057909,2.0,23.0,False,False,False
2021-08-09,3.4076445,1.596288348082453,1,0.4684433160165454,5,2.3422165800827273,0,0.0,9,4.2159898441489085,4.3227444,2.0249606677680276,2,0.9368866320330907,6,2.8106598960992724,1,0.4684433160165454,11,5.152876476182,24.087515745162964,11.283635750264887,18.0,8.431979688297817,28.0,13.116412848463273,12.0,5.621319792198545,39.0,18.26928932464527,2.0,23.0,False,False,False
2021-08-10,6.908794,3.236378324800171,3,1.4053299480496362,9,4.2159898441489085,1,0.4684433160165454,15,7.026649740248182,4.6948013,2.199248228862416,2,0.9368866320330907,7,3.2791032121158183,1,0.4684433160165454,11,5.152876476182,26.099943572044374,12.226344114733186,20.0,9.368866320330909,31.0,14.521742796512907,13.0,6.08976310821509,43.0,20.14306258871145,6.0,23.0,False,False,False
2021-08-11,8.859251,4.150057065999135,5,2.3422165800827273,12,5.621319792198545,1,0.4684433160165454,21,9.837309636347454,5.103386,2.3906470232759602,2,0.9368866320330907,7,3.2791032121158183,1,0.4684433160165454,12,5.621319792198545,28.305110424041747,13.259339787252602,21.0,9.837309636347454,34.0,15.927072744562546,14.0,6.558206424231637,47.0,22.016835852777636,5.0,25.0,False,False,False
2021-08-12,7.5819116,3.5516957723302767,4,1.8737732640661815,10,4.6844331601654545,1,0.4684433160165454,18,8.431979688297817,5.552476,2.6010202418547124,3,1.4053299480496362,8,3.747546528132363,0,0.0,14,6.558206424231637,30.72349625015259,14.392216463043377,23.0,10.774196268380544,37.0,17.33240269261218,15.0,7.026649740248182,51.0,23.890609116843816,12.0,35.0,False,False,False
2021-08-13,7.9226556,3.7113150028744712,4,1.8737732640661815,10,4.6844331601654545,1,0.4684433160165454,18,8.431979688297817,6.0465045,2.8324446248007007,3,1.4053299480496362,8,3.747546528132363,1,0.4684433160165454,14,6.558206424231637,33.3779569978714,15.635680857940535,25.0,11.711082900413636,40.0,18.737732640661818,16.0,7.495093056264726,56.0,26.232825696926547,10.0,38.0,False,False,False
2021-08-14,5.6538625,2.6485140551812947,3,1.4053299480496362,8,3.747546528132363,0,0.0,14,6.558206424231637,6.5904465,3.087250661337748,3,1.4053299480496362,9,4.2159898441489085,1,0.4684433160165454,16,7.495093056264726,36.29402186775207,17.001691955306793,27.0,12.647969532446725,44.0,20.611505904728,17.0,7.963536372281273,62.0,29.043485593025814,3.0,40.0,True,False,False
2021-08-15,3.1375434,1.4697612641612068,1,0.4684433160165454,4,1.8737732640661815,0,0.0,8,3.747546528132363,7.1898794,3.3680509659461677,3,1.4053299480496362,10,4.6844331601654545,1,0.4684433160165454,18,8.431979688297817,39.500236154556276,18.50362160767698,29.0,13.584856164479818,48.0,22.48527916879418,18.0,8.431979688297817,70.0,32.79103212115818,1.0,39.0,True,False,False
2021-08-16,6.143282,2.877779297705274,3,1.4053299480496362,8,3.747546528132363,0,0.0,16,7.495093056264726,7.8510475,3.6777706554858014,4,1.8737732640661815,10,4.6844331601654545,1,0.4684433160165454,20,9.368866320330909,43.028541385650634,20.156432610049343,30.0,14.053299480496364,53.0,24.82749574887691,20.0,9.368866320330909,77.0,36.070135333273996,0.0,37.0,True,False,False
2021-08-17,12.606116,5.905250873183832,6,2.8106598960992724,16,7.495093056264726,2,0.9368866320330907,31,14.521742796512907,8.58098,4.019702828372829,4,1.8737732640661815,12,5.621319792198545,1,0.4684433160165454,23,10.774196268380544,46.91471982383728,21.976886924265493,32.0,14.990186112529452,57.0,26.701269012943087,20.0,9.368866320330909,86.0,40.2861251774229,23.0,54.0,True,False,False
2021-08-18,16.219202,7.597776857437566,7,3.2791032121158183,20,9.368866320330909,3,1.4053299480496362,39,18.26928932464527,9.387556,4.397537850309163,4,1.8737732640661815,12,5.621319792198545,1,0.4684433160165454,24,11.24263958439709,51.19888735771179,23.983776570204096,35.0,16.39551606057909,62.0,29.043485593025814,21.0,9.837309636347454,95.0,44.50211502157182,6.0,55.0,True,False,False
2021-08-19,13.541773,6.343553104670718,6,2.8106598960992724,18,8.431979688297817,2,0.9368866320330907,32,14.990186112529452,10.279647,4.815431748284027,5,2.3422165800827273,13,6.08976310821509,1,0.4684433160165454,27,12.647969532446725,55.926067377090455,26.198192453888993,37.0,17.33240269261218,68.0,31.85414548912509,22.0,10.305752952364,107.0,50.12343481377036,,,False,False,True
2021-08-20,14.375287,6.734007183695212,6,2.8106598960992724,18,8.431979688297817,2,0.9368866320330907,37,17.33240269261218,11.2672825,5.278083335724659,5,2.3422165800827273,16,7.495093056264726,1,0.4684433160165454,30,14.053299480496364,61.146842121124266,28.643829487159625,39.0,18.26928932464527,77.0,36.070135333273996,23.0,10.774196268380544,119.0,55.74475460596891,,,False,False,True
2021-08-21,10.328662,4.838392487727106,4,1.8737732640661815,13,6.08976310821509,1,0.4684433160165454,27,12.647969532446725,12.361692,5.790752038592473,5,2.3422165800827273,16,7.495093056264726,2,0.9368866320330907,32,14.990186112529452,66.91808947563172,31.347331735456812,41.0,19.20617595667836,84.0,39.34923854538982,24.0,11.24263958439709,133.0,62.30296103020054,,,False,False,True
2021-08-22,5.9278164,2.776845940388739,2,0.9368866320330907,8,3.747546528132363,0,0.0,18,8.431979688297817,13.575616,6.359406688716263,6,2.8106598960992724,17,7.963536372281273,2,0.9368866320330907,35,16.39551606057909,73.30383823013305,34.33869305726394,44.0,20.611505904728,91.0,42.62834175750563,26.0,12.17952621643018,150.0,70.26649740248182,,,False,False,True
2021-08-23,11.391124,5.336095637176186,4,1.8737732640661815,14,6.558206424231637,1,0.4684433160165454,33,15.458629428546,14.923446,6.990788097027689,6,2.8106598960992724,19,8.900423004314364,2,0.9368866320330907,37,17.33240269261218,80.37623736763001,37.651711161425574,47.0,22.016835852777636,99.0,46.375888285638,27.0,12.647969532446725,170.0,79.63536372281273,,,False,False,True
