,Raw Prediction Mean,Raw Prediction Mean 100k,Raw Prediction Q25,Raw Prediction Q25 100k,Raw Prediction Q75,Raw Prediction Q75 100k,Raw Prediction Q5,Raw Prediction Q5 100k,Raw Prediction Q95,Raw Prediction Q95 100k,Trend Prediction Mean,Trend Prediction Mean 100k,Trend Prediction Q25,Trend Prediction Q25 100k,Trend Prediction Q75,Trend Prediction Q75 100k,Trend Prediction Q5,Trend Prediction Q5 100k,Trend Prediction Q95,Trend Prediction Q95 100k,Trend 7Day Prediction Mean,Trend 7Day Prediction Mean 100k,Trend 7Day Prediction Q25,Trend 7Day Prediction Q25 100k,Trend 7Day Prediction Q75,Trend 7Day Prediction Q75 100k,Trend 7Day Prediction Q5,Trend 7Day Prediction Q5 100k,Trend 7Day Prediction Q95,Trend 7Day Prediction Q95 100k,RKI Meldedaten,RKI 7Day Incidence,is_nowcast,is_high,is_prediction
2021-07-20,0.4958027,0.6038862466084538,0,0.0,1,1.2179971255267836,0,0.0,2,2.4359942510535673,0.41745374,0.5084574695501942,0,0.0,1,1.2179971255267836,0,0.0,2,2.4359942510535673,,,,,,,,,,,0.0,,False,False,False
2021-07-21,0.54111195,0.659072793496307,0,0.0,1,1.2179971255267836,0,0.0,2,2.4359942510535673,0.46752292,0.5694415904144989,0,0.0,1,1.2179971255267836,0,0.0,2,2.4359942510535673,,,,,,,,,,,1.0,,False,False,False
2021-07-22,0.63750273,0.7764764632156584,0,0.0,1,1.2179971255267836,0,0.0,2,2.4359942510535673,0.5245431,0.6388920155586675,0,0.0,1,1.2179971255267836,0,0.0,2,2.4359942510535673,,,,,,,,,,,1.0,,False,False,False
2021-07-23,0.6315223,0.7691923201491591,0,0.0,1,1.2179971255267836,0,0.0,2,2.4359942510535673,0.5895871,0.7181153705460019,0,0.0,1,1.2179971255267836,0,0.0,2,2.4359942510535673,,,,,,,,,,,0.0,,False,False,False
2021-07-24,0.483955,0.5894557943975087,0,0.0,1,1.2179971255267836,0,0.0,2,2.4359942510535673,0.66391426,0.8086456546152476,0,0.0,1,1.2179971255267836,0,0.0,3,3.6539913765803513,,,,,,,,,,,0.0,,False,False,False
2021-07-25,0.34777796,0.4235925644024974,0,0.0,1,1.2179971255267836,0,0.0,2,2.4359942510535673,0.7489974,0.9122766641667113,0,0.0,1,1.2179971255267836,0,0.0,3,3.6539913765803513,,,,,,,,,,,0.0,,False,False,False
2021-07-26,0.6100999,0.7430999175994657,0,0.0,1,1.2179971255267836,0,0.0,2,2.4359942510535673,0.8465618,1.0311097867088392,0,0.0,1,1.2179971255267836,0,0.0,3,3.6539913765803513,4.2585797656178475,5.1869379133490625,2.0,2.4359942510535673,6.0,7.307982753160703,1.0,1.2179971255267836,10.0,12.179971255267837,1.0,3.0,False,False,False
2021-07-27,1.4279962,1.7392952941008843,0,0.0,2,2.4359942510535673,0,0.0,5,6.089985627633919,0.9586341,1.1676135727611836,0,0.0,2,2.4359942510535673,0,0.0,3,3.6539913765803513,4.799760586977005,5.84609459815474,3.0,3.6539913765803513,7.0,8.525979878687487,1.0,1.2179971255267836,11.0,13.397968380794621,1.0,4.0,False,False,False
2021-07-28,1.4661022,1.7857082639238797,0,0.0,2,2.4359942510535673,0,0.0,4,4.8719885021071345,1.0876008,1.3246946764411405,0,0.0,2,2.4359942510535673,0,0.0,3,3.6539913765803513,5.419837851524353,6.601346923977921,3.0,3.6539913765803513,7.0,8.525979878687487,1.0,1.2179971255267836,12.0,14.615965506321405,1.0,4.0,False,False,False
2021-07-29,1.6550086,2.015795689658262,0,0.0,3,3.6539913765803513,0,0.0,5,6.089985627633919,1.2362694,1.5057725249789655,0,0.0,2,2.4359942510535673,0,0.0,4,4.8719885021071345,6.131564882278442,7.468228401596115,4.0,4.8719885021071345,8.0,9.743977004214269,1.0,1.2179971255267836,13.0,15.833962631848188,1.0,4.0,False,False,False
2021-07-30,1.6640114,2.0267611034796573,0,0.0,3,3.6539913765803513,0,0.0,5,6.089985627633919,1.4079567,1.7148871847894043,0,0.0,2,2.4359942510535673,0,0.0,4,4.8719885021071345,6.949934203624725,8.464999882615192,4.0,4.8719885021071345,9.0,10.961974129741053,2.0,2.4359942510535673,14.0,17.051959757374973,3.0,7.0,False,False,False
2021-07-31,1.2125738,1.4769113477086648,0,0.0,2,2.4359942510535673,0,0.0,4,4.8719885021071345,1.6065788,1.9568084098864347,0,0.0,3,3.6539913765803513,0,0.0,5,6.089985627633919,7.892598302841186,9.613162045798138,5.0,6.089985627633919,11.0,13.397968380794621,2.0,2.4359942510535673,16.0,19.487954008428538,1.0,8.0,False,False,False
2021-08-01,0.8604175,1.047986006597057,0,0.0,1,1.2179971255267836,0,0.0,3,3.6539913765803513,1.8367736,2.2371850718627684,1,1.2179971255267836,3,3.6539913765803513,0,0.0,5,6.089985627633919,8.980374316453934,10.938070103595448,6.0,7.307982753160703,12.0,14.615965506321405,3.0,3.6539913765803513,17.0,20.705951133955324,0.0,8.0,False,False,False
2021-08-02,1.501309,1.8285900296177715,0,0.0,2,2.4359942510535673,0,0.0,4,4.8719885021071345,2.1040368,2.562710869824514,1,1.2179971255267836,3,3.6539913765803513,0,0.0,6,7.307982753160703,10.23784960412979,12.469671389405605,7.0,8.525979878687487,13.0,15.833962631848188,4.0,4.8719885021071345,19.0,23.14194538500889,2.0,9.0,False,False,False
2021-08-03,3.583801,4.365059430710971,2,2.4359942510535673,5,6.089985627633919,0,0.0,9,10.961974129741053,2.4148972,2.9413378797471523,1,1.2179971255267836,4,4.8719885021071345,0,0.0,7,8.525979878687487,11.694111573219299,14.243394281770602,8.0,9.743977004214269,15.0,18.269956882901756,5.0,6.089985627633919,21.0,25.577939636062457,3.0,11.0,False,False,False
2021-08-04,3.7270627,4.539551810012199,1,1.2179971255267836,5,6.089985627633919,0,0.0,10,12.179971255267837,2.7771106,3.3825126593001187,1,1.2179971255267836,4,4.8719885021071345,0,0.0,8,9.743977004214269,13.383623497486115,16.301214949070808,10.0,12.179971255267837,17.0,20.705951133955324,6.0,7.307982753160703,24.0,29.23193101264281,9.0,19.0,False,True,False
2021-08-05,4.0390987,4.919610728393309,2,2.4359942510535673,5,6.089985627633919,0,0.0,10,12.179971255267837,3.199929,3.89750421163626,1,1.2179971255267836,5,6.089985627633919,0,0.0,9,10.961974129741053,15.347283343791961,18.692946997383697,11.0,13.397968380794621,19.0,23.14194538500889,7.0,8.525979878687487,27.0,32.88592238922316,6.0,24.0,False,False,False
2021-08-06,4.1354213,5.036931179347448,2,2.4359942510535673,5,6.089985627633919,0,0.0,10,12.179971255267837,3.69437,4.499731949181296,1,1.2179971255267836,5,6.089985627633919,0,0.0,10,12.179971255267837,17.633699702262877,21.47779554975869,13.0,15.833962631848188,22.0,26.795936761589243,8.0,9.743977004214269,31.0,37.7579108913303,7.0,28.0,False,False,False
2021-08-07,3.0996912,3.7754147342639044,1,1.2179971255267836,5,6.089985627633919,0,0.0,8,9.743977004214269,4.273613,5.205248453421518,2,2.4359942510535673,6,7.307982753160703,0,0.0,11,13.397968380794621,20.300735647201538,24.726237664370586,15.0,18.269956882901756,25.0,30.449928138169597,8.0,9.743977004214269,36.0,43.84789651896421,0.0,27.0,False,False,False
2021-08-08,2.124138,2.5871941033983603,1,1.2179971255267836,3,3.6539913765803513,0,0.0,6,7.307982753160703,4.953417,6.033247336745262,2,2.4359942510535673,6,7.307982753160703,0,0.0,12,14.615965506321405,23.4173788690567,28.522300149882707,17.0,20.705951133955324,29.0,35.321916640276726,10.0,12.179971255267837,42.0,51.15587927212491,0.0,27.0,False,False,False
2021-08-09,4.103996,4.998654912924394,2,2.4359942510535673,6,7.307982753160703,0,0.0,11,13.397968380794621,5.7526636,7.006727537373081,2,2.4359942510535673,7,8.525979878687487,0,0.0,14,17.051959757374973,27.066005197525023,32.966316530078466,19.0,23.14194538500889,33.0,40.19390514238386,11.0,13.397968380794621,49.0,59.6818591508124,2.0,27.0,False,False,False
2021-08-10,9.857542,12.006457836832851,4,4.8719885021071345,13,15.833962631848188,1,1.2179971255267836,26,31.667925263696375,6.6940193,8.15329622128047,3,3.6539913765803513,9,10.961974129741053,1,1.2179971255267836,19,23.14194538500889,31.345126254081727,38.17827367674567,21.0,25.577939636062457,39.0,47.50188789554456,13.0,15.833962631848188,58.0,70.64383328055345,6.0,30.0,True,False,False
2021-08-11,11.299894,13.763239257968962,5,6.089985627633919,15,18.269956882901756,1,1.2179971255267836,31,37.7579108913303,7.804717,9.50612302403897,3,3.6539913765803513,10,12.179971255267837,1,1.2179971255267836,20,24.359942510535674,36.372735486984254,44.301887270692866,23.0,28.013933887116025,44.0,53.591873523178485,14.0,17.051959757374973,70.0,85.25979878687485,11.0,32.0,True,False,False
2021-08-12,14.838624,18.07340158848092,6,7.307982753160703,20,24.359942510535674,2,2.4359942510535673,41,49.937882146598135,9.117557,11.105158046120778,4,4.8719885021071345,12,14.615965506321405,1,1.2179971255267836,24,29.23193101264281,42.2903636007309,51.50954130317275,26.0,31.667925263696375,53.0,64.55384765291954,16.0,19.487954008428538,83.0,101.09376141872305,11.0,37.0,True,False,False
2021-08-13,11.125729,13.551105803344399,4,4.8719885021071345,15,18.269956882901756,1,1.2179971255267836,32,38.975908016857076,10.672053,12.998530291952193,4,4.8719885021071345,14,17.051959757374973,1,1.2179971255267836,30,36.53991376580351,49.26804323291778,60.00833503802317,30.0,36.53991376580351,61.0,74.2978246571338,17.0,20.705951133955324,102.0,124.23570680373194,5.0,35.0,True,False,False
2021-08-14,8.4300785,10.267811740050092,3,3.6539913765803513,11,13.397968380794621,0,0.0,24,29.23193101264281,12.51591,15.244341921061277,5,6.089985627633919,17,20.705951133955324,1,1.2179971255267836,36,43.84789651896421,57.51033625793457,70.04742425024308,34.0,41.41190226791065,73.0,88.9137901634552,19.0,23.14194538500889,126.0,153.46763781637475,0.0,35.0,True,False,False
2021-08-15,7.330271,8.928249008022249,2,2.4359942510535673,10,12.179971255267837,1,1.2179971255267836,23,28.013933887116025,14.7068,17.91284012142569,5,6.089985627633919,19,23.14194538500889,1,1.2179971255267836,42,51.15587927212491,67.26372045707703,81.92701816895693,37.0,45.065893644491,86.0,104.7477527953034,19.0,23.14194538500889,149.0,181.48157170349077,,,False,False,True
2021-08-16,15.046628,18.326748977415264,5,6.089985627633919,19,23.14194538500889,1,1.2179971255267836,42,51.15587927212491,17.314566,21.08909102389589,6,7.307982753160703,23,28.013933887116025,1,1.2179971255267836,54,65.77184477844632,78.82561869144439,96.0093769840496,42.0,51.15587927212491,100.0,121.79971255267839,23.0,28.013933887116025,189.0,230.20145672456215,,,False,False,True
2021-08-17,36.552532,44.52088032849133,11,13.397968380794621,45,54.80987064870527,4,4.8719885021071345,119,144.94165793768727,20.423819,24.876152747310698,7,8.525979878687487,25,30.449928138169597,2,2.4359942510535673,60,73.07982753160702,92.55542340660095,112.73223966115435,47.0,57.24586489975884,118.0,143.7236608121605,24.0,29.23193101264281,221.0,269.17736474141924,,,False,False,True
2021-08-18,38.505726,46.89986235462129,12,14.615965506321405,49,59.6818591508124,4,4.8719885021071345,130,158.3396263184819,24.137352,29.399225604720414,8,9.743977004214269,29,35.321916640276726,2,2.4359942510535673,74,90.131787288982,108.88806356525421,132.62534842665733,53.0,64.55384765291954,138.0,168.08360332269615,27.0,32.88592238922316,262.0,319.11524688801734,,,False,False,True
2021-08-19,51.50243,62.72981408983469,15,18.269956882901756,68,82.8238045358213,5,6.089985627633919,169,205.84151421402646,28.580063,34.81043386273086,8,9.743977004214269,35,42.62989939343743,2,2.4359942510535673,84,102.31175854424983,128.35059190177918,156.33065199602834,59.0,71.86183040608024,160.0,194.8795400842854,30.0,36.53991376580351,330.0,401.93905142383863,,,False,False,True
