,Raw Prediction Mean,Raw Prediction Mean 100k,Raw Prediction Q25,Raw Prediction Q25 100k,Raw Prediction Q75,Raw Prediction Q75 100k,Raw Prediction Q5,Raw Prediction Q5 100k,Raw Prediction Q95,Raw Prediction Q95 100k,Trend Prediction Mean,Trend Prediction Mean 100k,Trend Prediction Q25,Trend Prediction Q25 100k,Trend Prediction Q75,Trend Prediction Q75 100k,Trend Prediction Q5,Trend Prediction Q5 100k,Trend Prediction Q95,Trend Prediction Q95 100k,Trend 7Day Prediction Mean,Trend 7Day Prediction Mean 100k,Trend 7Day Prediction Q25,Trend 7Day Prediction Q25 100k,Trend 7Day Prediction Q75,Trend 7Day Prediction Q75 100k,Trend 7Day Prediction Q5,Trend 7Day Prediction Q5 100k,Trend 7Day Prediction Q95,Trend 7Day Prediction Q95 100k,RKI Meldedaten,RKI 7Day Incidence,is_nowcast,is_high,is_prediction
2021-07-12,1.2949866,0.5491582669492345,0,0.0,2,0.8481296620627361,0,0.0,4,1.6962593241254722,1.72942,0.7333861958613852,0,0.0,2,0.8481296620627361,0,0.0,5,2.1203241551568404,,,,,,,,,,,0.0,,False,False,False
2021-07-13,2.4360929,1.0330612894904334,1,0.42406483103136805,4,1.6962593241254722,0,0.0,7,2.9684538172195767,1.8076606,0.766565244703088,0,0.0,3,1.2721944930941043,0,0.0,6,2.5443889861882085,,,,,,,,,,,2.0,,False,False,False
2021-07-14,2.7111585,1.1497069863253273,1,0.42406483103136805,4,1.6962593241254722,0,0.0,7,2.9684538172195767,1.8911587,0.801973874331452,1,0.42406483103136805,3,1.2721944930941043,0,0.0,6,2.5443889861882085,,,,,,,,,,,4.0,,False,False,False
2021-07-15,2.5639682,1.087288728740532,1,0.42406483103136805,4,1.6962593241254722,0,0.0,7,2.9684538172195767,1.9803222,0.8397850251640193,1,0.42406483103136805,3,1.2721944930941043,0,0.0,5,2.1203241551568404,,,,,,,,,,,4.0,,False,False,False
2021-07-16,2.3532627,0.9979359674616717,1,0.42406483103136805,3,1.2721944930941043,0,0.0,6,2.5443889861882085,2.0755944,0.8801865988061763,1,0.42406483103136805,3,1.2721944930941043,0,0.0,6,2.5443889861882085,,,,,,,,,,,6.0,,False,False,False
2021-07-17,1.7558155,0.7445796200045152,1,0.42406483103136805,3,1.2721944930941043,0,0.0,6,2.5443889861882085,2.1774569,0.9233828677679412,1,0.42406483103136805,3,1.2721944930941043,0,0.0,6,2.5443889861882085,,,,,,,,,,,2.0,,False,False,False
2021-07-18,0.6618999,0.28068848223483656,0,0.0,1,0.42406483103136805,0,0.0,2,0.8481296620627361,2.2864342,0.9695962944533676,1,0.42406483103136805,3,1.2721944930941043,0,0.0,6,2.5443889861882085,13.948042190551758,5.914874154754725,9.0,3.816583479282313,17.0,7.2091021275332565,5.0,2.1203241551568404,25.0,10.601620775784202,0.0,18.0,False,False,False
2021-07-19,1.937082,0.8214483386836946,1,0.42406483103136805,3,1.2721944930941043,0,0.0,5,2.1203241551568404,2.4031003,1.01907025964465,1,0.42406483103136805,3,1.2721944930941043,0,0.0,6,2.5443889861882085,14.621724051475525,6.2005589392762595,10.0,4.240648310313681,18.0,7.633166958564626,6.0,2.5443889861882085,26.0,11.02568560681557,0.0,18.0,False,False,False
2021-07-20,3.762047,1.5953519323375076,2,0.8481296620627361,5,2.1203241551568404,0,0.0,9,3.816583479282313,2.5280826,1.072070881491527,1,0.42406483103136805,4,1.6962593241254722,0,0.0,6,2.5443889861882085,15.342145673751832,6.506064412798205,11.0,4.664713141345049,19.0,8.057231789595994,6.0,2.5443889861882085,27.0,11.449750437846939,3.0,19.0,False,False,False
2021-07-21,4.106767,1.7415355614502914,2,0.8481296620627361,6,2.5443889861882085,0,0.0,10,4.240648310313681,2.6620598,1.1288859241176397,1,0.42406483103136805,4,1.6962593241254722,0,0.0,7,2.9684538172195767,16.113044172763825,6.832975354524061,11.0,4.664713141345049,20.0,8.481296620627361,7.0,2.9684538172195767,28.0,11.873815268878307,7.0,22.0,False,False,False
2021-07-22,3.7393954,1.5857460311963223,2,0.8481296620627361,5,2.1203241551568404,0,0.0,9,3.816583479282313,2.80577,1.189828344649868,1,0.42406483103136805,4,1.6962593241254722,0,0.0,7,2.9684538172195767,16.938492562294005,7.183018986355292,12.0,5.088777972376417,21.0,8.90536145165873,7.0,2.9684538172195767,28.0,11.873815268878307,0.0,18.0,False,False,False
2021-07-23,3.6444488,1.5454825188498944,1,0.42406483103136805,5,2.1203241551568404,0,0.0,9,3.816583479282313,2.960033,1.2552458429127,1,0.42406483103136805,4,1.6962593241254722,0,0.0,8,3.3925186482509444,17.822932925224304,7.558079039418651,13.0,5.512842803407785,22.0,9.329426282690099,8.0,3.3925186482509444,29.0,12.297880099909674,0.0,12.0,False,False,False
2021-07-24,2.7530038,1.167452137451619,1,0.42406483103136805,4,1.6962593241254722,0,0.0,7,2.9684538172195767,3.1257348,1.325514222116908,1,0.42406483103136805,5,2.1203241551568404,0,0.0,8,3.3925186482509444,18.771212652206422,7.9602111216117954,14.0,5.936907634439153,23.0,9.753491113721466,9.0,3.816583479282313,30.0,12.721944930941042,2.0,12.0,False,False,False
2021-07-25,0.99078196,0.42015576582343783,0,0.0,1,0.42406483103136805,0,0.0,3,1.2721944930941043,3.3038454,1.4010446648171637,1,0.42406483103136805,5,2.1203241551568404,0,0.0,8,3.3925186482509444,19.788624585151673,8.39165974104552,15.0,6.360972465470521,24.0,10.177555944752834,10.0,4.240648310313681,31.0,13.14600976197241,3.0,15.0,False,False,False
2021-07-26,2.9417334,1.2474856703192927,1,0.42406483103136805,4,1.6962593241254722,0,0.0,8,3.3925186482509444,3.4954286,1.4822882803855464,1,0.42406483103136805,5,2.1203241551568404,0,0.0,8,3.3925186482509444,20.880952511787413,8.85487759868515,15.0,6.360972465470521,25.0,10.601620775784202,10.0,4.240648310313681,34.0,14.418204255066513,1.0,16.0,False,False,False
2021-07-27,5.806984,2.4625376681797206,3,1.2721944930941043,8,3.3925186482509444,1,0.42406483103136805,14,5.936907634439153,3.70165,1.5697394701419398,2,0.8481296620627361,5,2.1203241551568404,0,0.0,10,4.240648310313681,22.054519448280335,9.35254606331302,16.0,6.785037296501889,27.0,11.449750437846939,11.0,4.664713141345049,36.0,15.266333917129252,3.0,16.0,False,False,False
2021-07-28,6.229361,2.64165300905006,3,1.2721944930941043,8,3.3925186482509444,1,0.42406483103136805,15,6.360972465470521,3.923781,1.6639374734950252,2,0.8481296620627361,5,2.1203241551568404,0,0.0,10,4.240648310313681,23.31624338722229,9.887598812288674,17.0,7.2091021275332565,28.0,11.873815268878307,11.0,4.664713141345049,38.0,16.114463579191987,7.0,16.0,False,False,False
2021-07-29,5.5146904,2.3385862732538953,3,1.2721944930941043,7,2.9684538172195767,1,0.42406483103136805,14,5.936907634439153,4.1632247,1.765477099979762,2,0.8481296620627361,6,2.5443889861882085,0,0.0,10,4.240648310313681,24.673697306632995,10.463247279256443,18.0,7.633166958564626,30.0,12.721944930941042,11.0,4.664713141345049,41.0,17.386658072286092,5.0,21.0,False,False,False
2021-07-30,5.441793,2.3076730940374546,2,0.8481296620627361,7,2.9684538172195767,0,0.0,13,5.512842803407785,4.421514,1.8750086383079179,2,0.8481296620627361,6,2.5443889861882085,0,0.0,11,4.664713141345049,26.135176644325256,11.083009267650747,19.0,8.057231789595994,32.0,13.570074593003778,12.0,5.088777972376417,43.0,18.234787734348828,7.0,28.0,False,False,False
2021-07-31,4.1983237,1.780361526471097,2,0.8481296620627361,6,2.5443889861882085,0,0.0,11,4.664713141345049,4.700334,1.9932464056182653,2,0.8481296620627361,6,2.5443889861882085,0,0.0,12,5.088777972376417,27.7097756690979,11.750741337033116,20.0,8.481296620627361,34.0,14.418204255066513,13.0,5.512842803407785,47.0,19.931047058474302,4.0,30.0,False,False,False
2021-08-01,1.54121,0.6535729880852159,0,0.0,2,0.8481296620627361,0,0.0,5,2.1203241551568404,5.0015397,2.120977114827838,2,0.8481296620627361,7,2.9684538172195767,1,0.42406483103136805,13,5.512842803407785,29.407468831062317,12.470673300904664,21.0,8.90536145165873,36.0,15.266333917129252,14.0,5.936907634439153,50.0,21.203241551568404,3.0,30.0,False,False,False
2021-08-02,4.6639833,1.977831379917916,2,0.8481296620627361,7,2.9684538172195767,0,0.0,12,5.088777972376417,5.327163,2.2590626031160355,2,0.8481296620627361,7,2.9684538172195767,0,0.0,13,5.512842803407785,31.239203654289245,13.247447619210666,22.0,9.329426282690099,39.0,16.538528410223357,14.0,5.936907634439153,54.0,22.899500875693878,3.0,32.0,True,False,False
2021-08-03,9.097163,3.857786941807717,4,1.6962593241254722,12,5.088777972376417,1,0.42406483103136805,23,9.753491113721466,5.679451,2.4084554752334952,2,0.8481296620627361,8,3.3925186482509444,0,0.0,14,5.936907634439153,33.21700532817841,14.08616375186203,23.0,9.753491113721466,40.0,16.962593241254723,15.0,6.360972465470521,61.0,25.86795469291345,6.0,35.0,True,False,False
2021-08-04,10.693536,4.534752588369884,5,2.1203241551568404,14,5.936907634439153,2,0.8481296620627361,26,11.02568560681557,6.0608635,2.570199103502091,2,0.8481296620627361,8,3.3925186482509444,1,0.42406483103136805,15,6.360972465470521,35.354088768959045,14.992425680076604,24.0,10.177555944752834,43.0,18.234787734348828,16.0,6.785037296501889,65.0,27.56421401703892,5.0,33.0,True,False,False
2021-08-05,9.505413,4.030911441077478,4,1.6962593241254722,13,5.512842803407785,1,0.42406483103136805,26,11.02568560681557,6.474128,2.745449819485657,3,1.2721944930941043,9,3.816583479282313,1,0.42406483103136805,18,7.633166958564626,37.6649894247055,15.972397376186004,25.0,10.601620775784202,46.0,19.506982227442933,16.0,6.785037296501889,73.0,30.95673266528987,8.0,36.0,True,False,False
2021-08-06,7.99755,3.3914795494638383,3,1.2721944930941043,10,4.240648310313681,1,0.42406483103136805,20,8.481296620627361,6.9222283,2.935473639809061,3,1.2721944930941043,9,3.816583479282313,1,0.42406483103136805,18,7.633166958564626,40.16570213413239,17.032861688767113,26.0,11.02568560681557,50.0,21.203241551568404,17.0,7.2091021275332565,81.0,34.34925131354081,7.0,36.0,True,False,False
2021-08-07,6.4859614,2.7504682293510996,3,1.2721944930941043,8,3.3925186482509444,0,0.0,19,8.057231789595994,7.408473,3.1416730053024366,3,1.2721944930941043,10,4.240648310313681,1,0.42406483103136805,20,8.481296620627361,42.87384245204925,18.18128875509376,27.0,11.449750437846939,54.0,22.899500875693878,16.0,6.785037296501889,86.0,36.469575468697656,,,False,False,True
2021-08-08,2.4487777,1.0384404959040694,1,0.42406483103136805,4,1.6962593241254722,0,0.0,7,2.9684538172195767,7.9365273,3.3656022424111143,3,1.2721944930941043,10,4.240648310313681,1,0.42406483103136805,22,9.329426282690099,45.80882503795624,19.425911649466418,27.0,11.449750437846939,58.0,24.59576019981935,16.0,6.785037296501889,94.0,39.862094116948604,,,False,False,True
2021-08-09,7.4562864,3.1619489163858816,3,1.2721944930941043,10,4.240648310313681,0,0.0,19,8.057231789595994,8.5104,3.6089611967327073,3,1.2721944930941043,11,4.664713141345049,1,0.42406483103136805,25,10.601620775784202,48.99205766391754,20.775808655128234,28.0,11.873815268878307,61.0,25.86795469291345,16.0,6.785037296501889,105.0,44.52680725829365,,,False,False,True
2021-08-10,14.281089,6.056107667973265,6,2.5443889861882085,18,7.633166958564626,2,0.8481296620627361,38,16.114463579191987,9.134559,3.8736452552257106,3,1.2721944930941043,12,5.088777972376417,1,0.42406483103136805,27,11.449750437846939,52.44716660404205,22.240998844017103,30.0,12.721944930941042,66.0,27.988278848070294,17.0,7.2091021275332565,116.0,49.1915203996387,,,False,False,True
2021-08-11,16.332132,6.925882917130366,6,2.5443889861882085,21,8.90536145165873,2,0.8481296620627361,50,21.203241551568404,9.813938,4.161745891906321,4,1.6962593241254722,13,5.512842803407785,1,0.42406483103136805,30,12.721944930941042,56.20024063873291,23.832545550386495,30.0,12.721944930941042,71.0,30.10860300322713,17.0,7.2091021275332565,131.0,55.552492865109215,,,False,False,True
