,Unnamed: 0,Raw Prediction Mean,Raw Prediction Mean 100k,Raw Prediction Q25,Raw Prediction Q25 100k,Raw Prediction Q75,Raw Prediction Q75 100k,Raw Prediction Q5,Raw Prediction Q5 100k,Raw Prediction Q95,Raw Prediction Q95 100k,Trend Prediction Mean,Trend Prediction Mean 100k,Trend Prediction Q25,Trend Prediction Q25 100k,Trend Prediction Q75,Trend Prediction Q75 100k,Trend Prediction Q5,Trend Prediction Q5 100k,Trend Prediction Q95,Trend Prediction Q95 100k,Trend 7Day Prediction Mean,Trend 7Day Prediction Mean 100k,Trend 7Day Prediction Q25,Trend 7Day Prediction Q25 100k,Trend 7Day Prediction Q75,Trend 7Day Prediction Q75 100k,Trend 7Day Prediction Q5,Trend 7Day Prediction Q5 100k,Trend 7Day Prediction Q95,Trend 7Day Prediction Q95 100k,RKI Meldedaten,RKI 7Day Incidence,is_nowcast,is_high,is_prediction
0,2020-04-13,7.0582232,4.346116475062445,3,1.8472565161973609,9,5.541769548592083,1,0.6157521720657869,20,12.31504344131574,11.195009,6.893351383041591,4,2.463008688263148,15,9.236282580986805,1,0.6157521720657869,32,19.70406950610518,,,,,,,,,,,5.0,,False,False,False
1,2020-04-14,9.412575,5.795813194708899,4,2.463008688263148,13,8.00477823685523,1,0.6157521720657869,23,14.1622999575131,9.13438,5.624514597002417,4,2.463008688263148,12,7.3890260647894435,1,0.6157521720657869,24,14.778052129578889,,,,,,,,,,,3.0,,False,False,False
2,2020-04-15,10.436628,6.426376785384491,4,2.463008688263148,14,8.620530408921017,1,0.6157521720657869,28,17.241060817842033,7.472476,4.60119335912168,3,1.8472565161973609,10,6.157521720657869,1,0.6157521720657869,20,12.31504344131574,,,,,,,,,,,6.0,,False,False,False
3,2020-04-16,9.403697,5.790346767753363,4,2.463008688263148,14,8.620530408921017,1,0.6157521720657869,24,14.778052129578889,6.128729,3.773778007598594,2,1.2315043441315738,9,5.541769548592083,0,0.0,17,10.46778692511838,,,,,,,,,,,9.0,,False,False,False
4,2020-04-17,6.9376745,4.271888246876188,3,1.8472565161973609,9,5.541769548592083,1,0.6157521720657869,18,11.083539097184168,5.039454,3.103054768871516,2,1.2315043441315738,7,4.310265204460508,0,0.0,14,8.620530408921017,,,,,,,,,,,9.0,,False,False,False
5,2020-04-18,3.9606464,2.438776573399082,1,0.6157521720657869,6,3.6945130323947217,0,0.0,10,6.157521720657869,4.1542573,2.557992957008537,1,0.6157521720657869,6,3.6945130323947217,0,0.0,11,6.773273892723656,,,,,,,,,,,2.0,,False,False,False
6,2020-04-19,2.0127046,1.239327229995979,1,0.6157521720657869,3,1.8472565161973609,0,0.0,6,3.6945130323947217,3.4331002,2.113938899128698,1,0.6157521720657869,5,3.0787608603289347,0,0.0,10,6.157521720657869,46.55738614654541,28.66781164544092,31.0,19.088317334039395,57.0,35.097873807749856,19.0,11.699291269249953,89.0,54.80194331385504,3.0,37.0,False,False,False
7,2020-04-20,2.6150646,1.6102318113553338,1,0.6157521720657869,4,2.463008688263148,0,0.0,8,4.926017376526295,2.8441486,1.7512906197225675,1,0.6157521720657869,4,2.463008688263148,0,0.0,8,4.926017376526295,38.206529180526736,23.52575333000421,27.0,16.625308645776247,48.0,29.55610425915777,16.0,9.85203475305259,70.0,43.10265204460509,7.0,39.0,False,False,False
8,2020-04-21,3.267395,2.0119055989198387,1,0.6157521720657869,5,3.0787608603289347,0,0.0,9,5.541769548592083,2.3619893,1.4543999895977322,1,0.6157521720657869,3,1.8472565161973609,0,0.0,7,4.310265204460508,31.434141963005064,19.355641190744667,22.0,13.546547785447313,39.0,24.01433471056569,13.0,8.00477823685523,57.0,35.097873807749856,4.0,40.0,False,False,False
9,2020-04-22,3.3720536,2.0763493012054823,1,0.6157521720657869,5,3.0787608603289347,0,0.0,10,6.157521720657869,1.9663069,1.2107577276765369,0,0.0,3,1.8472565161973609,0,0.0,6,3.6945130323947217,25.92796942520141,15.965203490823086,18.0,11.083539097184168,32.0,19.70406950610518,10.0,6.157521720657869,47.0,28.940352087091988,3.0,37.0,False,False,False
10,2020-04-23,2.7261407,1.6786270862212405,1,0.6157521720657869,4,2.463008688263148,0,0.0,8,4.926017376526295,1.6408147,1.0103351996804122,0,0.0,2,1.2315043441315738,0,0.0,5,3.0787608603289347,21.440060745239258,13.201763973103487,15.0,9.236282580986805,27.0,16.625308645776247,9.0,5.541769548592083,39.0,24.01433471056569,3.0,31.0,False,False,False
11,2020-04-24,1.7607433,1.084181531041395,0,0.0,3,1.8472565161973609,0,0.0,5,3.0787608603289347,1.3724344,0.8450794666714501,0,0.0,2,1.2315043441315738,0,0.0,4,2.463008688263148,17.77304177093506,10.943789074669224,12.0,7.3890260647894435,22.0,13.546547785447313,7.0,4.310265204460508,32.0,19.70406950610518,3.0,25.0,False,False,False
12,2020-04-25,0.9614322,0.592003971178201,0,0.0,2,1.2315043441315738,0,0.0,3,1.8472565161973609,1.1506256,0.7085001925588585,0,0.0,2,1.2315043441315738,0,0.0,4,2.463008688263148,14.769415668964388,9.094299778307288,10.0,6.157521720657869,19.0,11.699291269249953,6.0,3.6945130323947217,27.0,16.625308645776247,1.0,24.0,False,False,False
13,2020-04-26,0.46819744,0.2882935859815916,0,0.0,1,0.6157521720657869,0,0.0,2,1.2315043441315738,0.9668861,0.5953622348897625,0,0.0,1,0.6157521720657869,0,0.0,3,1.8472565161973609,12.30320227766037,7.5757235258341105,8.0,4.926017376526295,15.0,9.236282580986805,4.0,2.463008688263148,23.0,14.1622999575131,0.0,21.0,False,False,False
14,2020-04-27,0.628832,0.3872046818287344,0,0.0,1,0.6157521720657869,0,0.0,3,1.8472565161973609,0.8143338,0.5014278031012509,0,0.0,1,0.6157521720657869,0,0.0,3,1.8472565161973609,10.273388823986052,6.325861482845793,6.0,3.6945130323947217,13.0,8.00477823685523,3.0,1.8472565161973609,20.0,12.31504344131574,0.0,14.0,False,False,False
15,2020-04-28,0.8374624,0.5156693077879027,0,0.0,1,0.6157521720657869,0,0.0,3,1.8472565161973609,0.6873906,0.4232622814015485,0,0.0,1,0.6157521720657869,0,0.0,3,1.8472565161973609,8.59879114317894,5.294724323552483,5.0,3.0787608603289347,11.0,6.773273892723656,3.0,1.8472565161973609,17.0,10.46778692511838,1.0,11.0,False,False,False
16,2020-04-29,0.85561705,0.526848043591599,0,0.0,1,0.6157521720657869,0,0.0,3,1.8472565161973609,0.58152074,0.3580726570362458,0,0.0,1,0.6157521720657869,0,0.0,2,1.2315043441315738,7.214006634950638,4.4420402547678535,4.0,2.463008688263148,9.0,5.541769548592083,2.0,1.2315043441315738,15.0,9.236282580986805,0.0,8.0,False,False,False
17,2020-04-30,0.7027528,0.432721571996808,0,0.0,1,0.6157521720657869,0,0.0,3,1.8472565161973609,0.49303365,0.3035865347555955,0,0.0,1,0.6157521720657869,0,0.0,2,1.2315043441315738,6.066224745154381,3.735291063068035,3.0,1.8472565161973609,8.0,4.926017376526295,1.0,0.6157521720657869,13.0,8.00477823685523,1.0,6.0,False,False,False
18,2020-05-01,0.46121907,0.2839966555256978,0,0.0,1,0.6157521720657869,0,0.0,2,1.2315043441315738,0.41891342,0.257946840065415,0,0.0,1,0.6157521720657869,0,0.0,2,1.2315043441315738,5.11270388007164,3.1481585192832893,3.0,1.8472565161973609,7.0,4.310265204460508,1.0,0.6157521720657869,12.0,7.3890260647894435,0.0,3.0,False,False,False
19,2020-05-02,0.26910657,0.1657029542911914,0,0.0,0,0.0,0,0.0,1,0.6157521720657869,0.35669467,0.2196355126216076,0,0.0,0,0.0,0,0.0,2,1.2315043441315738,4.318772492885589,2.659293543152275,2.0,1.2315043441315738,6.0,3.6945130323947217,0.0,0.0,10.0,6.157521720657869,0.0,2.0,False,False,False
20,2020-05-03,0.13804483,0.0850014089337491,0,0.0,0,0.0,0,0.0,1,0.6157521720657869,0.30435577,0.1874077270258567,0,0.0,0,0.0,0,0.0,2,1.2315043441315738,3.6562420365810393,2.2513389756230118,2.0,1.2315043441315738,5.0,3.0787608603289347,0.0,0.0,9.0,5.541769548592083,0.0,2.0,False,False,False
21,2020-05-04,0.20051584,0.1234680667039356,0,0.0,0,0.0,0,0.0,1,0.6157521720657869,0.26023555,0.1602406086931296,0,0.0,0,0.0,0,0.0,1,0.6157521720657869,3.102143950164318,1.9101518753744196,1.0,0.6157521720657869,4.0,2.463008688263148,0.0,0.0,8.0,4.926017376526295,12.0,14.0,True,True,False
22,2020-05-05,0.26876855,0.1654948164286906,0,0.0,0,0.0,0,0.0,1,0.6157521720657869,0.22296703,0.1372924316456192,0,0.0,0,0.0,0,0.0,1,0.6157521720657869,2.637720923498273,1.624182387947435,1.0,0.6157521720657869,4.0,2.463008688263148,0.0,0.0,7.0,4.310265204460508,1.0,14.0,True,False,False
23,2020-05-06,0.25707224,0.1582927893650776,0,0.0,0,0.0,0,0.0,1,0.6157521720657869,0.19142151,0.1178682055069657,0,0.0,0,0.0,0,0.0,1,0.6157521720657869,2.2476217037290334,1.383977946053357,1.0,0.6157521720657869,3.0,1.8472565161973609,0.0,0.0,6.0,3.6945130323947217,2.0,16.0,True,True,False
24,2020-05-07,0.21303283,0.1311754203925375,0,0.0,0,0.0,0,0.0,1,0.6157521720657869,0.16466694,0.1013940277516667,0,0.0,0,0.0,0,0.0,1,0.6157521720657869,1.919255127929151,1.181785513770775,0.0,0.0,3.0,1.8472565161973609,0.0,0.0,6.0,3.6945130323947217,11.0,26.0,True,True,False
25,2020-05-08,0.14909431,0.0918051455300883,0,0.0,0,0.0,0,0.0,1,0.6157521720657869,0.14193027,0.0873938688528142,0,0.0,0,0.0,0,0.0,1,0.6157521720657869,1.64227189733088,1.0112324879040904,0.0,0.0,2.0,1.2315043441315738,0.0,0.0,5.0,3.0787608603289347,3.0,29.0,True,True,False
26,2020-05-09,0.08696475,0.0535487345132423,0,0.0,0,0.0,0,0.0,1,0.6157521720657869,0.12257041,0.0754729967411549,0,0.0,0,0.0,0,0.0,1,0.6157521720657869,1.408147465500981,0.8670698604711616,0.0,0.0,2.0,1.2315043441315738,0.0,0.0,5.0,3.0787608603289347,,,False,False,True
27,2020-05-10,0.046669513,0.0287368550289102,0,0.0,0,0.0,0,0.0,0,0.0,0.10605377,0.0653028394026478,0,0.0,0,0.0,0,0.0,1,0.6157521720657869,1.209845432303846,0.7449649528049641,0.0,0.0,2.0,1.2315043441315738,0.0,0.0,4.0,2.463008688263148,,,False,False,True
28,2020-05-11,0.068657875,0.0422762354901351,0,0.0,0,0.0,0,0.0,1,0.6157521720657869,0.09193602,0.0566098037779738,0,0.0,0,0.0,0,0.0,1,0.6157521720657869,1.041545821214095,0.6413341017186226,0.0,0.0,2.0,1.2315043441315738,0.0,0.0,4.0,2.463008688263148,,,False,False,True
29,2020-05-12,0.097238645,0.0598749068103643,0,0.0,0,0.0,0,0.0,1,0.6157521720657869,0.07984618,0.049165458904099,0,0.0,0,0.0,0,0.0,1,0.6157521720657869,0.8984250104185194,0.5532071516034306,0.0,0.0,1.0,0.6157521720657869,0.0,0.0,3.0,1.8472565161973609,,,False,False,True
30,2020-05-13,0.10221314,0.062937959910414,0,0.0,0,0.0,0,0.0,1,0.6157521720657869,0.069473475,0.0427784442535994,0,0.0,0,0.0,0,0.0,1,0.6157521720657869,0.7764769085114822,0.4781173429748724,0.0,0.0,1.0,0.6157521720657869,0.0,0.0,3.0,1.8472565161973609,,,False,False,True
