,Unnamed: 0,Raw Prediction Mean,Raw Prediction Mean 100k,Raw Prediction Q25,Raw Prediction Q25 100k,Raw Prediction Q75,Raw Prediction Q75 100k,Raw Prediction Q5,Raw Prediction Q5 100k,Raw Prediction Q95,Raw Prediction Q95 100k,Trend Prediction Mean,Trend Prediction Mean 100k,Trend Prediction Q25,Trend Prediction Q25 100k,Trend Prediction Q75,Trend Prediction Q75 100k,Trend Prediction Q5,Trend Prediction Q5 100k,Trend Prediction Q95,Trend Prediction Q95 100k,Trend 7Day Prediction Mean,Trend 7Day Prediction Mean 100k,Trend 7Day Prediction Q25,Trend 7Day Prediction Q25 100k,Trend 7Day Prediction Q75,Trend 7Day Prediction Q75 100k,Trend 7Day Prediction Q5,Trend 7Day Prediction Q5 100k,Trend 7Day Prediction Q95,Trend 7Day Prediction Q95 100k,RKI Meldedaten,RKI 7Day Incidence,is_nowcast,is_high,is_prediction
0,2020-04-13,7.8271832,2.349870374018792,3,0.900657479960371,10,3.002191599867904,0,0.0,21,6.3046023597225975,12.917901,3.878201459883712,5,1.5010957999339518,17,5.103725719775436,1,0.3002191599867904,34,10.207451439550873,,,,,,,,,,,0.0,,False,False,False
1,2020-04-14,10.912357,3.2760988688096404,4,1.2008766399471615,15,4.503287399801856,1,0.3002191599867904,31,9.3067939595905,10.655548,3.1989995477488264,4,1.2008766399471615,15,4.503287399801856,1,0.3002191599867904,27,8.105917319643341,,,,,,,,,,,1.0,,False,False,False
2,2020-04-15,12.644895,3.79623961634934,5,1.5010957999339518,17,5.103725719775436,1,0.3002191599867904,35,10.507670599537663,8.805431,2.643559128046036,4,1.2008766399471615,12,3.602629919841484,1,0.3002191599867904,22,6.604821519709389,,,,,,,,,,,3.0,,False,False,False
3,2020-04-16,11.681684,3.5070650483248755,5,1.5010957999339518,15,4.503287399801856,2,0.6004383199735808,30,9.006574799603712,7.28977,2.18852874240838,3,0.900657479960371,10,3.002191599867904,1,0.3002191599867904,19,5.704164039749017,,,,,,,,,,,54.0,,False,True,False
4,2020-04-17,7.172372,2.1532834580284543,3,0.900657479960371,10,3.002191599867904,0,0.0,19,5.704164039749017,6.0459604,1.8151131371269005,2,0.6004383199735808,8,2.401753279894323,0,0.0,15,4.503287399801856,,,,,,,,,,,0.0,,False,False,False
5,2020-04-18,4.640855,1.3932735782873351,2,0.6004383199735808,7,2.1015341199075324,0,0.0,13,3.9028490798282736,5.023478,1.5081443962117191,2,0.6004383199735808,7,2.1015341199075324,0,0.0,13,3.9028490798282736,,,,,,,,,,,0.0,,False,False,False
6,2020-04-19,2.519725,0.7564697625639383,1,0.3002191599867904,4,1.2008766399471615,0,0.0,7,2.1015341199075324,4.1814723,1.2553580745588988,2,0.6004383199735808,6,1.801314959920742,0,0.0,12,3.602629919841484,54.91956630897522,16.487906064119375,38.0,11.408328079498034,67.0,20.114683719114957,26.0,7.805698159656549,99.0,29.72169683869225,4.0,62.0,False,False,False
7,2020-04-20,3.4443858,1.034070646710461,1,0.3002191599867904,5,1.5010957999339518,0,0.0,10,3.002191599867904,3.4868774,1.0468274012964685,1,0.3002191599867904,5,1.5010957999339518,0,0.0,9,2.7019724398811134,45.48854086875915,13.656531528643656,32.0,9.607013119577292,54.0,16.211834639286682,22.0,6.604821519709389,78.0,23.41709447896965,0.0,62.0,False,False,False
8,2020-04-21,4.361832,1.3095055692247115,2,0.6004383199735808,6,1.801314959920742,0,0.0,12,3.602629919841484,2.9128973,0.874507622938836,1,0.3002191599867904,4,1.2008766399471615,0,0.0,8,2.401753279894323,37.74587940788269,11.332036208797229,27.0,8.105917319643341,45.0,13.509862199405566,18.0,5.403944879762227,64.0,19.214026239154585,10.0,71.0,False,True,False
9,2020-04-22,4.143408,1.2439304555300623,1,0.3002191599867904,6,1.801314959920742,0,0.0,11,3.3024107598546943,2.437765,0.7318637472053524,1,0.3002191599867904,3,0.900657479960371,0,0.0,7,2.1015341199075324,31.37821916389465,9.42034259926586,23.0,6.905040679696178,38.0,11.408328079498034,15.0,4.503287399801856,54.0,16.211834639286682,8.0,76.0,False,True,False
10,2020-04-23,3.3337069,1.000842712528538,1,0.3002191599867904,5,1.5010957999339518,0,0.0,9,2.7019724398811134,2.0437748,0.6135803687357111,1,0.3002191599867904,3,0.900657479960371,0,0.0,6,1.801314959920742,26.132225386619567,7.845394754156404,19.0,5.704164039749017,31.0,9.3067939595905,12.0,3.602629919841484,46.0,13.810081359392356,2.0,24.0,False,False,False
11,2020-04-24,2.1689029,0.6511461833724752,1,0.3002191599867904,3,0.900657479960371,0,0.0,7,2.1015341199075324,1.7165034,0.5153272013558308,0,0.0,3,0.900657479960371,0,0.0,5,1.5010957999339518,21.80276604270935,6.545608106730718,16.0,4.803506559788646,27.0,8.105917319643341,9.0,2.7019724398811134,38.0,11.408328079498034,0.0,24.0,False,False,False
12,2020-04-25,1.2170024,0.3653674411907559,0,0.0,2,0.6004383199735808,0,0.0,4,1.2008766399471615,1.4441892,0.4335732683102833,0,0.0,2,0.6004383199735808,0,0.0,4,1.2008766399471615,18.223476143836976,5.471036699942051,13.0,3.9028490798282736,23.0,6.905040679696178,8.0,2.401753279894323,32.0,9.607013119577292,2.0,26.0,False,False,False
13,2020-04-26,0.59826005,0.1796091282812995,0,0.0,1,0.3002191599867904,0,0.0,3,0.900657479960371,1.2172093,0.365429559678887,0,0.0,2,0.6004383199735808,0,0.0,4,1.2008766399471615,15.25921552658081,4.58110886744748,11.0,3.3024107598546943,19.0,5.704164039749017,6.0,1.801314959920742,27.0,8.105917319643341,0.0,22.0,False,False,False
14,2020-04-27,0.79749215,0.2394224111412768,0,0.0,1,0.3002191599867904,0,0.0,3,0.900657479960371,1.0276935,0.3085332764385384,0,0.0,1,0.3002191599867904,0,0.0,4,1.2008766399471615,12.800031665802004,3.8428147545113935,9.0,2.7019724398811134,16.0,4.803506559788646,5.0,1.5010957999339518,24.0,7.205259839682968,0.0,22.0,False,False,False
15,2020-04-28,1.0599041,0.3182035243298742,0,0.0,2,0.6004383199735808,0,0.0,4,1.2008766399471615,0.86918974,0.2609474222481367,0,0.0,1,0.3002191599867904,0,0.0,3,0.900657479960371,10.756323167800904,3.2292543059836394,7.0,2.1015341199075324,14.0,4.203068239815065,4.0,1.2008766399471615,21.0,6.3046023597225975,0.0,12.0,False,False,False
16,2020-04-29,1.0621899,0.3188897608197294,0,0.0,2,0.6004383199735808,0,0.0,4,1.2008766399471615,0.73639715,0.221080540541152,0,0.0,1,0.3002191599867904,0,0.0,3,0.900657479960371,9.054954783201218,2.718470918731039,6.0,1.801314959920742,12.0,3.602629919841484,2.0,0.6004383199735808,18.0,5.403944879762227,3.0,7.0,False,False,False
17,2020-04-30,0.86162055,0.2586750042610219,0,0.0,1,0.3002191599867904,0,0.0,3,0.900657479960371,0.62495595,0.1876237547548953,0,0.0,1,0.3002191599867904,0,0.0,3,0.900657479960371,7.636136530160904,2.292514494629351,5.0,1.5010957999339518,10.0,3.002191599867904,2.0,0.6004383199735808,15.0,4.503287399801856,1.0,6.0,False,False,False
18,2020-05-01,0.57728535,0.1733121280267369,0,0.0,1,0.3002191599867904,0,0.0,2,0.6004383199735808,0.5312774,0.1594996547282789,0,0.0,1,0.3002191599867904,0,0.0,2,0.6004383199735808,6.45090958571434,1.936686656973893,4.0,1.2008766399471615,9.0,2.7019724398811134,1.0,0.3002191599867904,14.0,4.203068239815065,0.0,6.0,False,False,False
19,2020-05-02,0.3364185,0.1009992843137297,0,0.0,1,0.3002191599867904,0,0.0,2,0.6004383199735808,0.4523987,0.135818754642969,0,0.0,1,0.3002191599867904,0,0.0,2,0.6004383199735808,5.459119693040848,1.6389323285120685,3.0,0.900657479960371,7.0,2.1015341199075324,1.0,0.3002191599867904,12.0,3.602629919841484,0.0,4.0,False,False,False
20,2020-05-03,0.1711808,0.0513917541411501,0,0.0,0,0.0,0,0.0,1,0.3002191599867904,0.38586992,0.1158455461336416,0,0.0,1,0.3002191599867904,0,0.0,2,0.6004383199735808,4.627780949711799,1.3893485093253473,2.0,0.6004383199735808,6.0,1.801314959920742,1.0,0.3002191599867904,11.0,3.3024107598546943,0.0,4.0,False,False,False
21,2020-05-04,0.24906687,0.0747746469187404,0,0.0,0,0.0,0,0.0,1,0.3002191599867904,0.32966602,0.0989720547295291,0,0.0,0,0.0,0,0.0,2,0.6004383199735808,3.929753568351269,1.1797873152455098,2.0,0.6004383199735808,5.0,1.5010957999339518,0.0,0.0,10.0,3.002191599867904,2.0,6.0,True,False,False
22,2020-05-05,0.3290495,0.0987869611890346,0,0.0,0,0.0,0,0.0,1,0.3002191599867904,0.28210637,0.0846937382448231,0,0.0,0,0.0,0,0.0,1,0.3002191599867904,3.342670808672905,1.0035338222921448,1.0,0.3002191599867904,5.0,1.5010957999339518,0.0,0.0,9.0,2.7019724398811134,1.0,7.0,True,False,False
23,2020-05-06,0.3358116,0.1008170670502295,0,0.0,1,0.3002191599867904,0,0.0,2,0.6004383199735808,0.24179651,0.0725919448996137,0,0.0,0,0.0,0,0.0,1,0.3002191599867904,2.848070903480053,0.8550454542256005,1.0,0.3002191599867904,4.0,1.2008766399471615,0.0,0.0,8.0,2.401753279894323,3.0,7.0,True,True,False
24,2020-05-07,0.271127,0.0813975134406064,0,0.0,0,0.0,0,0.0,1,0.3002191599867904,0.20757556,0.0623181620085233,0,0.0,0,0.0,0,0.0,1,0.3002191599867904,2.4306904466152197,0.7297398440707374,1.0,0.3002191599867904,4.0,1.2008766399471615,0.0,0.0,7.0,2.1015341199075324,1.0,7.0,True,False,False
25,2020-05-08,0.18664575,0.0560346279598888,0,0.0,0,0.0,0,0.0,1,0.3002191599867904,0.1784777,0.0535824256076011,0,0.0,0,0.0,0,0.0,1,0.3002191599867904,2.0778905049413443,0.623822541938018,1.0,0.3002191599867904,3.0,0.900657479960371,0.0,0.0,6.0,1.801314959920742,4.0,11.0,True,True,False
26,2020-05-09,0.11079644,0.033263214049839,0,0.0,0,0.0,0,0.0,1,0.3002191599867904,0.15369672,0.0461426992615088,0,0.0,0,0.0,0,0.0,1,0.3002191599867904,1.7791888167858123,0.534146572033328,0.0,0.0,3.0,0.900657479960371,0.0,0.0,6.0,1.801314959920742,,,False,False,True
27,2020-05-10,0.059059467,0.0177307839521745,0,0.0,0,0.0,0,0.0,1,0.3002191599867904,0.1325588,0.0397966886112044,0,0.0,0,0.0,0,0.0,1,0.3002191599867904,1.5258776796460152,0.4580977152259194,0.0,0.0,2.0,0.6004383199735808,0.0,0.0,5.0,1.5010957999339518,,,False,False,True
28,2020-05-11,0.086954944,0.026105539063792,0,0.0,0,0.0,0,0.0,1,0.3002191599867904,0.114500724,0.0343753100651156,0,0.0,0,0.0,0,0.0,1,0.3002191599867904,1.310712310537696,0.3935009488539722,0.0,0.0,2.0,0.6004383199735808,0.0,0.0,5.0,1.5010957999339518,,,False,False,True
29,2020-05-12,0.12293962,0.0369088297702546,0,0.0,0,0.0,0,0.0,1,0.3002191599867904,0.09904977,0.0297366398172016,0,0.0,0,0.0,0,0.0,1,0.3002191599867904,1.1276556587815283,0.3385438346337412,0.0,0.0,2.0,0.6004383199735808,0.0,0.0,4.0,1.2008766399471615,,,False,False,True
30,2020-05-13,0.12872224,0.0386448817835116,0,0.0,0,0.0,0,0.0,1,0.3002191599867904,0.085809804,0.0257617472243509,0,0.0,0,0.0,0,0.0,1,0.3002191599867904,0.971668951202184,0.2917136363151653,0.0,0.0,2.0,0.6004383199735808,0.0,0.0,4.0,1.2008766399471615,,,False,False,True
