,Raw Prediction Mean,Raw Prediction Mean 100k,Raw Prediction Q25,Raw Prediction Q25 100k,Raw Prediction Q75,Raw Prediction Q75 100k,Raw Prediction Q5,Raw Prediction Q5 100k,Raw Prediction Q95,Raw Prediction Q95 100k,Trend Prediction Mean,Trend Prediction Mean 100k,Trend Prediction Q25,Trend Prediction Q25 100k,Trend Prediction Q75,Trend Prediction Q75 100k,Trend Prediction Q5,Trend Prediction Q5 100k,Trend Prediction Q95,Trend Prediction Q95 100k,Trend 7Day Prediction Mean,Trend 7Day Prediction Mean 100k,Trend 7Day Prediction Q25,Trend 7Day Prediction Q25 100k,Trend 7Day Prediction Q75,Trend 7Day Prediction Q75 100k,Trend 7Day Prediction Q5,Trend 7Day Prediction Q5 100k,Trend 7Day Prediction Q95,Trend 7Day Prediction Q95 100k,RKI Meldedaten,RKI 7Day Incidence,is_nowcast,is_high,is_prediction
2021-07-29,2.2668097,1.0618718988553155,1,0.4684433160165454,3,1.4053299480496362,0,0.0,6,2.8106598960992724,1.6977557,0.7953022759465966,0,0.0,2,0.9368866320330907,0,0.0,5,2.3422165800827273,,,,,,,,,,,0.0,,False,False,False
2021-07-30,2.381871,1.115771556214895,1,0.4684433160165454,3,1.4053299480496362,0,0.0,7,3.2791032121158183,1.8225555,0.8537639587302692,0,0.0,3,1.4053299480496362,0,0.0,5,2.3422165800827273,,,,,,,,,,,4.0,,False,False,False
2021-07-31,1.334325,0.6250555998121854,0,0.0,2,0.9368866320330907,0,0.0,4,1.8737732640661815,1.9584602,0.9174275874102022,1,0.4684433160165454,3,1.4053299480496362,0,0.0,6,2.8106598960992724,,,,,,,,,,,1.0,,False,False,False
2021-08-01,1.0699083,0.501191379953525,0,0.0,2,0.9368866320330907,0,0.0,4,1.8737732640661815,2.1065764,0.9868116649158765,1,0.4684433160165454,3,1.4053299480496362,0,0.0,6,2.8106598960992724,,,,,,,,,,,1.0,,False,False,False
2021-08-02,1.6735694,0.7839724275982007,0,0.0,3,1.4053299480496362,0,0.0,5,2.3422165800827273,2.268127,1.0624889000609983,1,0.4684433160165454,3,1.4053299480496362,0,0.0,7,3.2791032121158183,,,,,,,,,,,2.0,,False,False,False
2021-08-03,3.579028,1.6765716281952336,2,0.9368866320330907,5,2.3422165800827273,0,0.0,10,4.6844331601654545,2.444471,1.145096030086279,1,0.4684433160165454,4,1.8737732640661815,0,0.0,7,3.2791032121158183,,,,,,,,,,,6.0,,False,False,False
2021-08-04,3.7603111,1.7614926036912948,1,0.4684433160165454,5,2.3422165800827273,0,0.0,9,4.2159898441489085,2.6371076,1.2353354577498976,1,0.4684433160165454,4,1.8737732640661815,0,0.0,7,3.2791032121158183,14.93505524301529,6.996226802928375,10.0,4.6844331601654545,19.0,8.900423004314364,5.0,2.3422165800827273,29.0,13.584856164479818,3.0,17.0,False,False,False
2021-08-05,3.8306715,1.7944525097846054,2,0.9368866320330907,5,2.3422165800827273,0,0.0,10,4.6844331601654545,2.8477085,1.3339899851416703,1,0.4684433160165454,4,1.8737732640661815,0,0.0,8,3.747546528132363,16.085007882118227,7.534914430451733,11.0,5.152876476182,20.0,9.368866320330909,6.0,2.8106598960992724,30.0,14.053299480496364,2.0,19.0,False,False,False
2021-08-06,4.0558434,1.899932794913184,2,0.9368866320330907,6,2.8106598960992724,0,0.0,10,4.6844331601654545,3.078127,1.4419279978028499,1,0.4684433160165454,5,2.3422165800827273,0,0.0,8,3.747546528132363,17.340580642700196,8.123079097918799,12.0,5.621319792198545,22.0,10.305752952364,7.0,3.2791032121158183,32.0,14.990186112529452,7.0,22.0,False,False,False
2021-08-07,2.307443,1.0809061677719,1,0.4684433160165454,3,1.4053299480496362,0,0.0,6,2.8106598960992724,3.3304205,1.5601131963194348,1,0.4684433160165454,5,2.3422165800827273,0,0.0,8,3.747546528132363,18.712542291641235,8.765765362196266,13.0,6.08976310821509,23.0,10.774196268380544,8.0,3.747546528132363,34.0,15.927072744562546,1.0,22.0,False,False,False
2021-08-08,1.8509247,0.8670533134136349,1,0.4684433160165454,3,1.4053299480496362,0,0.0,5,2.3422165800827273,3.606879,1.6896183296921663,2,0.9368866320330907,5,2.3422165800827273,0,0.0,9,4.2159898441489085,20.21284579753876,9.468572511530152,15.0,7.026649740248182,25.0,11.711082900413636,9.0,4.2159898441489085,35.0,16.39551606057909,2.0,23.0,False,False,False
2021-08-09,2.9043152,1.3605070307676215,1,0.4684433160165454,4,1.8737732640661815,0,0.0,7,3.2791032121158183,3.9100506,1.8316370187676512,2,0.9368866320330907,5,2.3422165800827273,0,0.0,10,4.6844331601654545,21.854766010284425,10.237719060623323,16.0,7.495093056264726,27.0,12.647969532446725,10.0,4.6844331601654545,36.0,16.863959376595634,2.0,23.0,False,False,False
2021-08-10,6.2612395,2.9330358302104287,3,1.4053299480496362,9,4.2159898441489085,1,0.4684433160165454,15,7.026649740248182,4.242763,1.9874940335284919,2,0.9368866320330907,6,2.8106598960992724,0,0.0,11,5.152876476182,23.653054715156554,11.080115384688721,18.0,8.431979688297817,29.0,13.584856164479818,12.0,5.621319792198545,39.0,18.26928932464527,6.0,23.0,False,False,False
2021-08-11,6.6284146,3.105036375927739,3,1.4053299480496362,9,4.2159898441489085,1,0.4684433160165454,15,7.026649740248182,4.608166,2.158664574380964,2,0.9368866320330907,7,3.2791032121158183,1,0.4684433160165454,11,5.152876476182,25.624114484786986,12.00344515924121,20.0,9.368866320330909,31.0,14.521742796512907,14.0,6.558206424231637,42.0,19.67461927269491,5.0,25.0,False,False,False
2021-08-12,6.730505,3.1528601539321244,3,1.4053299480496362,9,4.2159898441489085,1,0.4684433160165454,15,7.026649740248182,5.0097895,2.3468024664907716,2,0.9368866320330907,7,3.2791032121158183,0,0.0,13,6.08976310821509,27.786195106506348,13.01625737517454,22.0,10.305752952364,34.0,15.927072744562546,15.0,7.026649740248182,45.0,21.079949220744545,12.0,35.0,False,False,False
2021-08-13,7.0786085,3.315926733193919,3,1.4053299480496362,10,4.6844331601654545,1,0.4684433160165454,17,7.963536372281273,5.4515467,2.5537405235809274,3,1.4053299480496362,7,3.2791032121158183,1,0.4684433160165454,13,6.08976310821509,30.15961234664917,14.128068817437882,23.0,10.774196268380544,36.0,16.863959376595634,16.0,7.495093056264726,48.0,22.48527916879418,10.0,38.0,False,False,False
2021-08-14,4.101369,1.9212588085792959,2,0.9368866320330907,6,2.8106598960992724,0,0.0,10,4.6844331601654545,5.937802,2.7815236535388976,3,1.4053299480496362,8,3.747546528132363,1,0.4684433160165454,14,6.558206424231637,32.76699540901184,15.349479985296428,26.0,12.17952621643018,40.0,18.737732640661818,17.0,7.963536372281273,53.0,24.82749574887691,3.0,40.0,False,False,False
2021-08-15,3.3261442,1.5581099432893097,1,0.4684433160165454,5,2.3422165800827273,0,0.0,9,4.2159898441489085,6.4734483,3.0324436011142097,3,1.4053299480496362,9,4.2159898441489085,1,0.4684433160165454,15,7.026649740248182,35.63356503677368,16.6923053673175,28.0,13.116412848463273,43.0,20.14306258871145,19.0,8.900423004314364,57.0,26.701269012943087,1.0,39.0,False,False,False
2021-08-16,5.2412944,2.455249341437593,2,0.9368866320330907,7,3.2791032121158183,1,0.4684433160165454,13,6.08976310821509,7.0639305,3.3090509532485157,4,1.8737732640661815,9,4.2159898441489085,1,0.4684433160165454,17,7.963536372281273,38.78744574165344,18.169719703031973,30.0,14.053299480496364,47.0,22.016835852777636,21.0,9.837309636347454,64.0,29.980372225058904,0.0,37.0,False,False,False
2021-08-17,11.437197,5.357678310247138,6,2.8106598960992724,16,7.495093056264726,2,0.9368866320330907,27,12.647969532446725,7.7153416,3.6142002500128,4,1.8737732640661815,11,5.152876476182,1,0.4684433160165454,19,8.900423004314364,42.26002072906494,19.796424245251128,33.0,15.458629428546,51.0,23.890609116843816,23.0,10.774196268380544,69.0,32.322588805141635,23.0,54.0,False,True,False
2021-08-18,11.951318,5.5985150538617745,6,2.8106598960992724,16,7.495093056264726,2,0.9368866320330907,28,13.116412848463273,8.434473,3.9510723581770435,4,1.8737732640661815,12,5.621319792198545,1,0.4684433160165454,21,9.837309636347454,46.08632772254944,21.588832181376304,35.0,16.39551606057909,57.0,26.701269012943087,24.0,11.24263958439709,78.0,36.53857864929054,6.0,55.0,False,False,False
2021-08-19,12.494198,5.852823596796952,6,2.8106598960992724,17,7.963536372281273,3,1.4053299480496362,28,13.116412848463273,9.228974,4.323251414461993,4,1.8737732640661815,12,5.621319792198545,2,0.9368866320330907,23,10.774196268380544,50.30550473022461,23.56527744971243,38.0,17.800846008628728,62.0,29.043485593025814,25.0,11.711082900413636,85.0,39.81768186140636,8.0,51.0,True,False,False
2021-08-20,13.227061,6.196128379087895,6,2.8106598960992724,17,7.963536372281273,2,0.9368866320330907,32,14.990186112529452,10.107337,4.73471445729956,5,2.3422165800827273,13,6.08976310821509,2,0.9368866320330907,23,10.774196268380544,54.961300954818725,25.74625407185861,40.0,18.737732640661818,68.0,31.85414548912509,27.0,12.647969532446725,94.0,44.03367170555527,2.0,43.0,True,False,False
2021-08-21,7.542802,3.5333752748556435,3,1.4053299480496362,10,4.6844331601654545,1,0.4684433160165454,20,9.368866320330909,11.0791445,5.189951116335578,5,2.3422165800827273,15,7.026649740248182,2,0.9368866320330907,29,13.584856164479818,60.102639123916624,28.154679572553263,43.0,20.14306258871145,73.0,34.196362069207815,29.0,13.584856164479818,108.0,50.5918781297869,3.0,43.0,True,False,False
2021-08-22,6.3373713,2.9686993002542295,3,1.4053299480496362,9,4.2159898441489085,0,0.0,17,7.963536372281273,12.155079,5.693965431419201,6,2.8106598960992724,16,7.495093056264726,2,0.9368866320330907,30,14.053299480496364,65.78426857757569,30.816200914202586,46.0,21.54839253676109,80.0,37.475465281323636,30.0,14.053299480496364,122.0,57.15008455401855,3.0,45.0,True,False,False
2021-08-23,9.997573,4.683296356233768,4,1.8737732640661815,13,6.08976310821509,1,0.4684433160165454,24,11.24263958439709,13.347145,6.2523809901904315,6,2.8106598960992724,19,8.900423004314364,2,0.9368866320330907,36,16.863959376595634,72.06748212242127,33.75953030239012,48.0,22.48527916879418,90.0,42.15989844148909,32.0,14.990186112529452,137.0,64.17673429426672,1.0,46.0,True,False,False
2021-08-24,21.221268,9.940961172105744,10,4.6844331601654545,28,13.116412848463273,4,1.8737732640661815,50,23.422165800827273,14.668799,6.871500954730436,7,3.2791032121158183,19,8.900423004314364,2,0.9368866320330907,39,18.26928932464527,79.020945104599,37.01683355955975,52.0,24.35905243286036,100.0,46.844331601654545,33.0,15.458629428546,156.0,73.07715729858108,,,False,False,True
2021-08-25,22.59279,10.583442053757608,10,4.6844331601654545,29,13.584856164479818,4,1.8737732640661815,59,27.638155644976177,16.13516,7.558408105978742,7,3.2791032121158183,21,9.837309636347454,3,1.4053299480496362,42,19.67461927269491,86.72162464141846,40.62416541736822,57.0,26.701269012943087,109.0,51.06032144580345,35.0,16.39551606057909,170.0,79.63536372281273,,,False,False,True
2021-08-26,23.693169,11.098906543338671,10,4.6844331601654545,29,13.584856164479818,4,1.8737732640661815,61,28.575042277009274,17.763184,8.321044879266992,8,3.747546528132363,24,11.24263958439709,3,1.4053299480496362,47,22.016835852777636,95.25583398628235,44.621958742455654,61.0,28.575042277009274,119.0,55.74475460596891,38.0,17.800846008628728,188.0,88.06734341111054,,,False,False,True
2021-08-27,25.369608,11.884223204106092,11,5.152876476182,34,15.927072744562546,3,1.4053299480496362,71,33.25947543717473,19.571924,9.168337419396266,8,3.747546528132363,25,11.711082900413636,3,1.4053299480496362,52,24.35905243286036,104.72042902374268,49.0555850265573,66.0,30.917258857092,132.0,61.834517714184,38.0,17.800846008628728,215.0,100.71531294355727,,,False,False,True
2021-08-28,14.694917,6.883735477458686,6,2.8106598960992724,20,9.368866320330909,2,0.9368866320330907,37,17.33240269261218,21.582863,10.110347648151219,8,3.747546528132363,28,13.116412848463273,3,1.4053299480496362,56,26.232825696926547,115.22414911079407,53.975982494645265,71.0,33.25947543717473,145.0,67.92428082239908,37.0,17.33240269261218,241.0,112.89483915998746,,,False,False,True
