,Unnamed: 0,Raw Prediction Mean,Raw Prediction Mean 100k,Raw Prediction Q25,Raw Prediction Q25 100k,Raw Prediction Q75,Raw Prediction Q75 100k,Raw Prediction Q5,Raw Prediction Q5 100k,Raw Prediction Q95,Raw Prediction Q95 100k,Trend Prediction Mean,Trend Prediction Mean 100k,Trend Prediction Q25,Trend Prediction Q25 100k,Trend Prediction Q75,Trend Prediction Q75 100k,Trend Prediction Q5,Trend Prediction Q5 100k,Trend Prediction Q95,Trend Prediction Q95 100k,Trend 7Day Prediction Mean,Trend 7Day Prediction Mean 100k,Trend 7Day Prediction Q25,Trend 7Day Prediction Q25 100k,Trend 7Day Prediction Q75,Trend 7Day Prediction Q75 100k,Trend 7Day Prediction Q5,Trend 7Day Prediction Q5 100k,Trend 7Day Prediction Q95,Trend 7Day Prediction Q95 100k,RKI Meldedaten,RKI 7Day Incidence,is_nowcast,is_high,is_prediction
0,2020-08-03,1.3399779,0.4007254574389662,0,0.0,2,0.5981075875928562,0,0.0,5,1.4952689689821403,1.4941776,0.4468394763534888,0,0.0,2,0.5981075875928562,0,0.0,5,1.4952689689821403,,,,,,,,,,,2.0,,False,False,False
1,2020-08-04,1.6727681,0.5002476427762304,0,0.0,2,0.5981075875928562,0,0.0,5,1.4952689689821403,1.6334025,0.4884751888312166,0,0.0,2,0.5981075875928562,0,0.0,5,1.4952689689821403,,,,,,,,,,,0.0,,False,False,False
2,2020-08-05,2.093325,0.626016753813019,0,0.0,3,0.8971613813892844,0,0.0,6,1.7943227627785687,1.7873383,0.5345103090803605,0,0.0,3,0.8971613813892844,0,0.0,6,1.7943227627785687,,,,,,,,,,,0.0,,False,False,False
3,2020-08-06,2.3018546,0.6883783498778939,1,0.2990537937964281,3,0.8971613813892844,0,0.0,7,2.093376556574997,1.9576828,0.5854524715687148,0,0.0,3,0.8971613813892844,0,0.0,6,1.7943227627785687,,,,,,,,,,,2.0,,False,False,False
4,2020-08-07,2.0706449,0.6192341970745474,1,0.2990537937964281,3,0.8971613813892844,0,0.0,6,1.7943227627785687,2.1463552,0.6418756584025687,0,0.0,3,0.8971613813892844,0,0.0,6,1.7943227627785687,,,,,,,,,,,4.0,,False,False,False
5,2020-08-08,1.3736873,0.4108063876628876,0,0.0,2,0.5981075875928562,0,0.0,5,1.4952689689821403,2.3555067,0.704423200659221,1,0.2990537937964281,3,0.8971613813892844,0,0.0,6,1.7943227627785687,,,,,,,,,,,3.0,,False,False,False
6,2020-08-09,0.6979018,0.2087101847791928,0,0.0,1,0.2990537937964281,0,0.0,3,0.8971613813892844,2.587563,0.7738205567875411,1,0.2990537937964281,4,1.1962151751857124,0,0.0,7,2.093376556574997,13.962023128509522,4.175395985654246,9.0,2.6914841441678528,17.0,5.083914494539278,5.0,1.4952689689821403,26.0,7.775398638707131,5.0,16.0,False,False,False
7,2020-08-10,3.163261,0.9459851753490512,1,0.2990537937964281,4,1.1962151751857124,0,0.0,8,2.392430350371425,2.8452556,0.8508844985044561,1,0.2990537937964281,4,1.1962151751857124,0,0.0,8,2.392430350371425,15.313103104114532,4.57944157808131,10.0,2.9905379379642807,18.0,5.3829682883357055,6.0,1.7943227627785687,28.0,8.373506226299988,0.0,14.0,False,False,False
8,2020-08-11,3.7231605,1.1134252417832613,1,0.2990537937964281,5,1.4952689689821403,0,0.0,10,2.9905379379642807,3.1316826,0.936541528062662,1,0.2990537937964281,5,1.4952689689821403,0,0.0,9,2.6914841441678528,16.811383909225462,5.0275081370221,11.0,3.289591731760709,21.0,6.28012966972499,6.0,1.7943227627785687,31.0,9.270667607689273,2.0,16.0,False,False,False
9,2020-08-12,4.452576,1.331559815298533,1,0.2990537937964281,6,1.7943227627785687,0,0.0,12,3.588645525557137,3.4503245,1.0318326530978084,1,0.2990537937964281,5,1.4952689689821403,0,0.0,9,2.6914841441678528,18.474369140148163,5.524830179356963,12.0,3.588645525557137,22.0,6.579183463521418,7.0,2.093376556574997,33.0,9.868775195282128,5.0,21.0,False,False,False
10,2020-08-13,4.880226,1.4594501408282667,2,0.5981075875928562,7,2.093376556574997,0,0.0,14,4.186753113149994,3.8051155,1.137934214057168,1,0.2990537937964281,5,1.4952689689821403,0,0.0,11,3.289591731760709,20.32180274963379,6.077312209060669,14.0,4.186753113149994,24.0,7.177291051114275,8.0,2.392430350371425,36.0,10.765936576671413,2.0,21.0,False,False,False
11,2020-08-14,4.4118915,1.3193928680266254,2,0.5981075875928562,6,1.7943227627785687,0,0.0,12,3.588645525557137,4.2005267,1.2561834410007575,1,0.2990537937964281,6,1.7943227627785687,0,0.0,11,3.289591731760709,22.375973731040958,6.691619834157013,15.0,4.485806906946421,27.0,8.07445243250356,9.0,2.6914841441678528,39.0,11.663097958060696,1.0,18.0,False,False,False
12,2020-08-15,2.955938,0.8839844667818397,1,0.2990537937964281,4,1.1962151751857124,0,0.0,8,2.392430350371425,4.6415977,1.3880874575988855,2,0.5981075875928562,6,1.7943227627785687,0,0.0,12,3.588645525557137,24.662066519737245,7.375284555587295,17.0,5.083914494539278,30.0,8.971613813892843,11.0,3.289591731760709,42.0,12.56025933944998,0.0,15.0,False,False,False
13,2020-08-16,1.6101947,0.4815348347619874,0,0.0,3,0.8971613813892844,0,0.0,5,1.4952689689821403,5.1340566,1.5353591152234003,2,0.5981075875928562,7,2.093376556574997,0,0.0,13,3.887699319353565,27.208562010765075,8.136823693064667,19.0,5.682022082132134,33.0,9.868775195282128,12.0,3.588645525557137,47.0,14.05552830843212,0.0,10.0,False,False,False
14,2020-08-17,7.1763725,2.146121369150933,3,0.8971613813892844,10,2.9905379379642807,0,0.0,18,5.3829682883357055,5.6843953,1.699940003163647,2,0.5981075875928562,8,2.392430350371425,0,0.0,15,4.485806906946421,30.04769935226441,8.985878486149147,21.0,6.28012966972499,37.0,11.06499037046784,13.0,3.887699319353565,51.0,15.251743483617831,10.0,20.0,False,False,False
15,2020-08-18,7.645802,2.2865060600452125,3,0.8971613813892844,10,2.9905379379642807,1,0.2990537937964281,21,6.28012966972499,6.299988,1.8840351913240736,2,0.5981075875928562,9,2.6914841441678528,0,0.0,17,5.083914494539278,33.21600227355957,9.93337149465877,24.0,7.177291051114275,40.0,11.962151751857125,15.0,4.485806906946421,57.0,17.046066246396403,9.0,27.0,False,False,False
16,2020-08-19,9.216719,2.7562946343095973,4,1.1962151751857124,12,3.588645525557137,1,0.2990537937964281,22,6.579183463521418,6.989215,2.0901512471027672,3,0.8971613813892844,10,2.9905379379642807,0,0.0,17,5.083914494539278,36.75488791275024,10.991688670870438,27.0,8.07445243250356,44.0,13.158366927042836,17.0,5.083914494539278,65.0,19.438496596767827,11.0,33.0,False,False,False
17,2020-08-20,11.41941,3.4150176361436024,5,1.4952689689821403,15,4.485806906946421,1,0.2990537937964281,30,8.971613813892843,7.761588,2.3211323423311114,3,0.8971613813892844,11,3.289591731760709,1,0.2990537937964281,21,6.28012966972499,40.71136488342285,12.174888119018282,30.0,8.971613813892843,49.0,14.653635896024976,20.0,5.981075875928561,70.0,20.93376556574997,7.0,38.0,False,False,False
18,2020-08-21,11.355044,3.39576909027528,4,1.1962151751857124,15,4.485806906946421,1,0.2990537937964281,29,8.672560020096414,8.627989,2.5802328309509903,3,0.8971613813892844,12,3.588645525557137,1,0.2990537937964281,23,6.878237257317847,45.13883633613587,13.498940253877493,33.0,9.868775195282128,55.0,16.447958658803547,22.0,6.579183463521418,79.0,23.62524970991782,12.0,49.0,False,False,False
19,2020-08-22,7.545676,2.256563129776623,3,0.8971613813892844,10,2.9905379379642807,1,0.2990537937964281,20,5.981075875928561,9.600793,2.871153446903918,4,1.1962151751857124,13,3.887699319353565,1,0.2990537937964281,24,7.177291051114275,50.09803193664551,14.982006512388455,36.0,10.765936576671413,60.0,17.943227627785685,24.0,7.177291051114275,90.0,26.914841441678533,0.0,49.0,False,False,False
20,2020-08-23,4.186625,1.2520260497694835,1,0.2990537937964281,6,1.7943227627785687,0,0.0,12,3.588645525557137,10.694106,3.198112972313538,4,1.1962151751857124,14,4.186753113149994,1,0.2990537937964281,28,8.373506226299988,55.65807426643372,16.64475826478035,39.0,11.663097958060696,67.0,20.036604184360684,25.0,7.476344844910702,98.0,29.307271792049956,11.0,60.0,False,False,False
21,2020-08-24,18.786997,5.618322757072747,7,2.093376556574997,25,7.476344844910702,2,0.5981075875928562,48,14.35458210222855,11.924033,3.5659271816257387,5,1.4952689689821403,17,5.083914494539278,1,0.2990537937964281,34,10.167828989078556,61.89771280479431,18.510745841595487,43.0,12.85931313324641,75.0,22.429034534732107,28.0,8.373506226299988,114.0,34.09213249279281,8.0,58.0,True,False,False
22,2020-08-25,25.362055,7.584619015688077,10,2.9905379379642807,32,9.5697214014857,3,0.8971613813892844,68,20.335657978157112,13.309025,3.9801143429940566,5,1.4952689689821403,18,5.3829682883357055,1,0.2990537937964281,38,11.364044164264268,68.90676043510437,20.606828126339572,47.0,14.05552830843212,84.0,25.12051867889996,31.0,9.270667607689273,133.0,39.774154574924935,12.0,61.0,True,False,False
23,2020-08-26,25.534513,7.636193186044693,10,2.9905379379642807,34,10.167828989078556,3,0.8971613813892844,66,19.73755039056425,14.870173,4.446981620276347,5,1.4952689689821403,20,5.981075875928561,2,0.5981075875928562,43,12.85931313324641,76.78773663520813,22.96366395779996,50.0,14.952689689821405,94.0,28.11105661686424,32.0,9.5697214014857,155.0,46.35333803844635,11.0,61.0,True,False,False
24,2020-08-27,23.754011,7.103726966306567,9,2.6914841441678528,30,8.971613813892843,2,0.5981075875928562,65,19.438496596767827,16.631649,4.9737576773623005,6,1.7943227627785687,23,6.878237257317847,1,0.2990537937964281,49,14.653635896024976,85.65779721450805,25.616289225243744,55.0,16.447958658803547,107.0,31.99875593621781,34.0,10.167828989078556,171.0,51.13819873918921,7.0,61.0,True,False,False
25,2020-08-28,21.840206,6.531396502396092,8,2.392430350371425,29,8.672560020096414,2,0.5981075875928562,56,16.747012452599975,18.621147,5.568724736804143,7,2.093376556574997,25,7.476344844910702,2,0.5981075875928562,56,16.747012452599975,95.65094274139403,28.604777307018804,59.0,17.64417383398926,120.0,35.88645525557137,35.0,10.466882782874984,209.0,62.50224290345347,5.0,54.0,True,False,False
26,2020-08-29,16.060848,4.803057527169585,6,1.7943227627785687,21,6.28012966972499,2,0.5981075875928562,44,13.158366927042836,20.870453,6.241388473426923,8,2.392430350371425,28,8.373506226299988,2,0.5981075875928562,61,18.242281421582117,106.92060753631591,31.97501331875424,65.0,19.438496596767827,139.0,41.56847733770351,37.0,11.06499037046784,226.0,67.58615739799275,,,False,False,True
27,2020-08-30,8.166558,2.442240293021314,3,0.8971613813892844,10,2.9905379379642807,0,0.0,24,7.177291051114275,23.416174,7.002695929259062,8,2.392430350371425,31,9.270667607689273,2,0.5981075875928562,68,20.335657978157112,119.64266889381408,35.779594032625,71.0,21.232819359546397,152.0,45.45617665705707,41.0,12.261205545653551,266.0,79.54830914984987,,,False,False,True
28,2020-08-31,36.867676,11.025418643839656,13,3.887699319353565,44,13.158366927042836,4,1.1962151751857124,100,29.90537937964281,26.300274,7.865196675993502,9,2.6914841441678528,34,10.167828989078556,2,0.5981075875928562,77,23.027142122324964,134.01891681098937,40.07886551281427,76.0,22.728088328528536,166.0,49.64292977020706,44.0,13.158366927042836,318.0,95.09910642726412,,,False,False,True
29,2020-09-01,48.694695,14.56233294447884,16,4.78486070074285,64,19.1394428029714,5,1.4952689689821403,139,41.56847733770351,29.571259,8.843396790325642,9,2.6914841441678528,39,11.663097958060696,2,0.5981075875928562,90,26.914841441678533,150.28114489746093,44.94214651765641,83.0,24.82146488510353,185.0,55.3249518523392,45.0,13.457420720839266,352.0,105.26693541634268,,,False,False,True
30,2020-09-02,61.645126,18.43520876718685,23,6.878237257317847,74,22.12998074093568,7,2.093376556574997,178,53.2315752957642,33.284943,9.953988046618178,11,3.289591731760709,40,11.962151751857125,3,0.8971613813892844,101,30.20443317343924,168.69587984848022,50.44914286651441,90.0,26.914841441678533,209.0,62.50224290345347,46.0,13.756474514635691,399.0,119.32246372477482,,,False,False,True
