,Unnamed: 0,Raw Prediction Mean,Raw Prediction Mean 100k,Raw Prediction Q25,Raw Prediction Q25 100k,Raw Prediction Q75,Raw Prediction Q75 100k,Raw Prediction Q5,Raw Prediction Q5 100k,Raw Prediction Q95,Raw Prediction Q95 100k,Trend Prediction Mean,Trend Prediction Mean 100k,Trend Prediction Q25,Trend Prediction Q25 100k,Trend Prediction Q75,Trend Prediction Q75 100k,Trend Prediction Q5,Trend Prediction Q5 100k,Trend Prediction Q95,Trend Prediction Q95 100k,Trend 7Day Prediction Mean,Trend 7Day Prediction Mean 100k,Trend 7Day Prediction Q25,Trend 7Day Prediction Q25 100k,Trend 7Day Prediction Q75,Trend 7Day Prediction Q75 100k,Trend 7Day Prediction Q5,Trend 7Day Prediction Q5 100k,Trend 7Day Prediction Q95,Trend 7Day Prediction Q95 100k,RKI Meldedaten,RKI 7Day Incidence,is_nowcast,is_high,is_prediction
0,2020-04-11,9.81108,6.115603900980204,4,2.4933458831742787,13,8.103374120316404,1,0.6233364707935697,26,16.20674824063281,12.942198,8.067343878792599,5,3.1166823539678483,17,10.596720003490685,1,0.6233364707935697,34,21.19344000698137,,,,,,,,,,,8.0,,False,False,False
1,2020-04-12,5.392086,3.3610838727327064,2,1.2466729415871394,7,4.363355295554988,0,0.0,15,9.350047061903544,10.541717,6.5710366470739245,4,2.4933458831742787,14,8.726710591109976,1,0.6233364707935697,27,16.83008471142638,,,,,,,,,,,0.0,,False,False,False
2,2020-04-13,4.7338705,2.950794078060426,2,1.2466729415871394,6,3.740018824761418,0,0.0,12,7.480037649522836,8.603287,5.36274237674661,3,1.870009412380709,11,6.856701178729267,1,0.6233364707935697,24,14.960075299045672,,,,,,,,,,,9.0,,False,False,False
3,2020-04-14,7.0420938,4.389593959785998,3,1.870009412380709,9,5.610028237142127,0,0.0,19,11.843392945077824,7.0349135,4.385118154459633,3,1.870009412380709,10,6.233364707935697,1,0.6233364707935697,18,11.220056474284254,,,,,,,,,,,9.0,,False,False,False
4,2020-04-15,9.618727,5.995703031658195,4,2.4933458831742787,13,8.103374120316404,1,0.6233364707935697,25,15.58341176983924,5.763489,3.59259283868596,2,1.2466729415871394,8,4.9866917663485575,0,0.0,15,9.350047061903544,,,,,,,,,,,2.0,,False,False,False
5,2020-04-16,7.2621784,4.526780685409904,3,1.870009412380709,10,6.233364707935697,0,0.0,20,12.466729415871391,4.730816,2.9488901418517344,2,1.2466729415871394,7,4.363355295554988,0,0.0,11,6.856701178729267,,,,,,,,,,,5.0,,False,False,False
6,2020-04-17,4.884682,3.044800541829318,2,1.2466729415871394,7,4.363355295554988,0,0.0,12,7.480037649522836,3.8904605,2.425065940769855,1,0.6233364707935697,6,3.740018824761418,0,0.0,10,6.233364707935697,53.506887809753415,33.35279461047917,36.0,22.44011294856851,64.0,39.89353413078846,24.0,14.960075299045672,99.0,61.71031060856341,8.0,41.0,False,False,False
7,2020-04-18,3.3021944,2.0583782315952703,1,0.6233364707935697,5,3.1166823539678483,0,0.0,10,6.233364707935697,3.2053208,1.997993422264699,1,0.6233364707935697,5,3.1166823539678483,0,0.0,10,6.233364707935697,43.770008317947386,27.283442511514515,30.0,18.70009412380709,53.0,33.03683295205919,20.0,12.466729415871391,80.0,49.86691766348557,2.0,35.0,False,False,False
8,2020-04-19,2.0296843,1.265176251763478,1,0.6233364707935697,3,1.870009412380709,0,0.0,6,3.740018824761418,2.6456916,1.6491560018039308,1,0.6233364707935697,4,2.4933458831742787,0,0.0,7,4.363355295554988,35.8739737033844,22.36155616160896,25.0,15.58341176983924,44.0,27.42680471491707,16.0,9.973383532697117,62.0,38.64686118920132,2.0,37.0,False,False,False
9,2020-04-20,2.0804353,1.2968112059752457,1,0.6233364707935697,3,1.870009412380709,0,0.0,6,3.740018824761418,2.187724,1.3636882613354828,1,0.6233364707935697,3,1.870009412380709,0,0.0,6,3.740018824761418,29.45840996837616,18.362501304877707,21.0,13.09006588666496,36.0,22.44011294856851,13.0,8.103374120316404,51.0,31.79016001047205,8.0,36.0,False,True,False
10,2020-04-21,2.4162726,1.506150874774903,1,0.6233364707935697,4,2.4933458831742787,0,0.0,8,4.9866917663485575,1.8122761,1.1296578122710343,0,0.0,3,1.870009412380709,0,0.0,6,3.740018824761418,24.23577466583252,15.107042247148248,17.0,10.596720003490685,29.0,18.07675765301352,10.0,6.233364707935697,42.0,26.18013177332992,0.0,27.0,False,False,False
11,2020-04-22,2.4098327,1.502136638009688,1,0.6233364707935697,3,1.870009412380709,0,0.0,7,4.363355295554988,1.5039161,0.9374457476951648,0,0.0,2,1.2466729415871394,0,0.0,5,3.1166823539678483,19.976204134941103,12.4518965853261,14.0,8.726710591109976,25.0,15.58341176983924,8.0,4.9866917663485575,36.0,22.44011294856851,3.0,28.0,False,False,False
12,2020-04-23,1.884625,1.1747554708563257,0,0.0,3,1.870009412380709,0,0.0,6,3.740018824761418,1.2502055,0.77929871622473,0,0.0,2,1.2466729415871394,0,0.0,4,2.4933458831742787,16.495596762657165,10.28230706966855,12.0,7.480037649522836,21.0,13.09006588666496,7.0,4.363355295554988,30.0,18.70009412380709,2.0,25.0,False,False,False
13,2020-04-24,1.3724625,0.8555059139325749,0,0.0,2,1.2466729415871394,0,0.0,5,3.1166823539678483,1.0410899,0.6489492989203427,0,0.0,2,1.2466729415871394,0,0.0,4,2.4933458831742787,13.646226203918458,8.506190481601264,9.0,5.610028237142127,18.0,11.220056474284254,5.0,3.1166823539678483,26.0,16.20674824063281,0.0,17.0,False,False,False
14,2020-04-25,0.892309,0.5562087608268484,0,0.0,1,0.6233364707935697,0,0.0,3,1.870009412380709,0.8684289,0.5413233793660766,0,0.0,1,0.6233364707935697,0,0.0,3,1.870009412380709,11.309331674575803,7.049518893064015,7.0,4.363355295554988,15.0,9.350047061903544,4.0,2.4933458831742787,21.0,13.09006588666496,0.0,15.0,False,False,False
15,2020-04-26,0.51836896,0.3231182745366823,0,0.0,1,0.6233364707935697,0,0.0,2,1.2466729415871394,0.7256223,0.4523068582784617,0,0.0,1,0.6233364707935697,0,0.0,3,1.870009412380709,9.389263596773148,5.852670433763112,6.0,3.740018824761418,13.0,8.103374120316404,3.0,1.870009412380709,19.0,11.843392945077824,0.0,13.0,False,False,False
16,2020-04-27,0.49498978,0.3085451908191317,0,0.0,1,0.6233364707935697,0,0.0,2,1.2466729415871394,0.60730547,0.3785556373259169,0,0.0,1,0.6233364707935697,0,0.0,2,1.2466729415871394,7.808842879533768,4.867536561510074,5.0,3.1166823539678483,11.0,6.856701178729267,2.0,1.2466729415871394,16.0,9.973383532697117,0.0,5.0,False,False,False
17,2020-04-28,0.5933953,0.3698849241118296,0,0.0,1,0.6233364707935697,0,0.0,2,1.2466729415871394,0.50911456,0.3173496679664822,0,0.0,1,0.6233364707935697,0,0.0,2,1.2466729415871394,6.505681327581406,4.055228438842218,4.0,2.4933458831742787,9.0,5.610028237142127,2.0,1.2466729415871394,14.0,8.726710591109976,2.0,7.0,False,False,False
18,2020-04-29,0.6034947,0.3761802645385614,0,0.0,1,0.6233364707935697,0,0.0,2,1.2466729415871394,0.42749032,0.2664703060872853,0,0.0,1,0.6233364707935697,0,0.0,2,1.2466729415871394,5.429255284070969,3.384252827810137,3.0,1.870009412380709,7.0,4.363355295554988,1.0,0.6233364707935697,12.0,7.480037649522836,1.0,5.0,False,False,False
19,2020-04-30,0.503862,0.3140755779895698,0,0.0,1,0.6233364707935697,0,0.0,2,1.2466729415871394,0.35952607,0.2241057018181891,0,0.0,1,0.6233364707935697,0,0.0,2,1.2466729415871394,4.538575764536858,2.829059799495632,2.0,1.2466729415871394,6.0,3.740018824761418,1.0,0.6233364707935697,11.0,6.856701178729267,0.0,3.0,False,False,False
20,2020-05-01,0.37095848,0.2312319566044607,0,0.0,1,0.6233364707935697,0,0.0,2,1.2466729415871394,0.30284354,0.1887734242700389,0,0.0,0,0.0,0,0.0,1,0.6233364707935697,3.800329827904701,2.3688841827776503,2.0,1.2466729415871394,5.0,3.1166823539678483,0.0,0.0,9.0,5.610028237142127,0.0,3.0,False,False,False
21,2020-05-02,0.22170874,0.1381991410198679,0,0.0,0,0.0,0,0.0,1,0.6233364707935697,0.2554949,0.1592592866472841,0,0.0,0,0.0,0,0.0,1,0.6233364707935697,3.187396125674248,1.986820251998883,1.0,0.6233364707935697,4.0,2.4933458831742787,0.0,0.0,8.0,4.9866917663485575,0.0,3.0,True,False,False
22,2020-05-03,0.13661012,0.0851540676194417,0,0.0,0,0.0,0,0.0,1,0.6233364707935697,0.2158805,0.1345661871710035,0,0.0,0,0.0,0,0.0,1,0.6233364707935697,2.6776546851694585,1.6690798214573972,1.0,0.6233364707935697,4.0,2.4933458831742787,0.0,0.0,8.0,4.9866917663485575,0.0,3.0,True,False,False
23,2020-05-04,0.1395804,0.0870055544055503,0,0.0,0,0.0,0,0.0,1,0.6233364707935697,0.18268466,0.1138740117312409,0,0.0,0,0.0,0,0.0,1,0.6233364707935697,2.2530340251922607,1.4043982778411743,1.0,0.6233364707935697,3.0,1.870009412380709,0.0,0.0,7.0,4.363355295554988,0.0,3.0,True,False,False
24,2020-05-05,0.1676797,0.104520870536362,0,0.0,0,0.0,0,0.0,1,0.6233364707935697,0.15482503,0.0965080857895372,0,0.0,0,0.0,0,0.0,1,0.6233364707935697,1.8987445580214264,1.183556731735572,1.0,0.6233364707935697,3.0,1.870009412380709,0.0,0.0,6.0,3.740018824761418,0.0,1.0,True,False,False
25,2020-05-06,0.17586048,0.10962024816763,0,0.0,0,0.0,0,0.0,1,0.6233364707935697,0.131408,0.0819114006844756,0,0.0,0,0.0,0,0.0,1,0.6233364707935697,1.6026623461842535,0.9989978907442348,0.0,0.0,2.0,1.2466729415871394,0.0,0.0,5.0,3.1166823539678483,2.0,2.0,True,True,False
26,2020-05-07,0.15261933,0.0951331969645252,0,0.0,0,0.0,0,0.0,1,0.6233364707935697,0.11169563,0.0696239624176087,0,0.0,0,0.0,0,0.0,1,0.6233364707935697,1.3548320861160754,0.8445162510774841,0.0,0.0,2.0,1.2466729415871394,0.0,0.0,4.0,2.4933458831742787,,,False,False,True
27,2020-05-08,0.10750562,0.0670121721668692,0,0.0,0,0.0,0,0.0,1,0.6233364707935697,0.09507698,0.0592649485042784,0,0.0,0,0.0,0,0.0,1,0.6233364707935697,1.1470654618144036,0.7150077367365865,0.0,0.0,2.0,1.2466729415871394,0.0,0.0,4.0,2.4933458831742787,,,False,False,True
28,2020-05-09,0.064997435,0.0405152718485624,0,0.0,0,0.0,0,0.0,1,0.6233364707935697,0.08104615,0.0505190200783545,0,0.0,0,0.0,0,0.0,1,0.6233364707935697,0.9726166658774018,0.6062674399430282,0.0,0.0,1.0,0.6233364707935697,0.0,0.0,3.0,1.870009412380709,,,False,False,True
29,2020-05-10,0.03824634,0.0238403387697871,0,0.0,0,0.0,0,0.0,0,0.0,0.06918295,0.0431242540344101,0,0.0,0,0.0,0,0.0,1,0.6233364707935697,0.8259193188808859,0.5148256333914403,0.0,0.0,1.0,0.6233364707935697,0.0,0.0,3.0,1.870009412380709,,,False,False,True
30,2020-05-11,0.039660268,0.0247216917159676,0,0.0,0,0.0,0,0.0,0,0.0,0.059138153,0.0368629684999177,0,0.0,0,0.0,0,0.0,1,0.6233364707935697,0.7023727889861912,0.437814575468089,0.0,0.0,1.0,0.6233364707935697,0.0,0.0,3.0,1.870009412380709,,,False,False,True
