,Raw Prediction Mean,Raw Prediction Mean 100k,Raw Prediction Q25,Raw Prediction Q25 100k,Raw Prediction Q75,Raw Prediction Q75 100k,Raw Prediction Q5,Raw Prediction Q5 100k,Raw Prediction Q95,Raw Prediction Q95 100k,Trend Prediction Mean,Trend Prediction Mean 100k,Trend Prediction Q25,Trend Prediction Q25 100k,Trend Prediction Q75,Trend Prediction Q75 100k,Trend Prediction Q5,Trend Prediction Q5 100k,Trend Prediction Q95,Trend Prediction Q95 100k,Trend 7Day Prediction Mean,Trend 7Day Prediction Mean 100k,Trend 7Day Prediction Q25,Trend 7Day Prediction Q25 100k,Trend 7Day Prediction Q75,Trend 7Day Prediction Q75 100k,Trend 7Day Prediction Q5,Trend 7Day Prediction Q5 100k,Trend 7Day Prediction Q95,Trend 7Day Prediction Q95 100k,RKI Meldedaten,RKI 7Day Incidence,is_nowcast,is_high,is_prediction
2021-08-06,2.3354638,1.6043579307734035,1,0.6869547296833138,4,2.7478189187332553,0,0.0,7,4.808683107783198,1.8496025,1.2705932022072375,0,0.0,3,2.0608641890499415,0,0.0,6,4.121728378099883,,,,,,,,,,,0.0,,False,False,False
2021-08-07,1.3006665,0.8934989637054969,0,0.0,2,1.3739094593666277,0,0.0,4,2.7478189187332553,2.0154455,1.3845197827322409,1,0.6869547296833138,3,2.0608641890499415,0,0.0,6,4.121728378099883,,,,,,,,,,,0.0,,False,False,False
2021-08-08,1.1564021,0.7943958735268097,0,0.0,2,1.3739094593666277,0,0.0,4,2.7478189187332553,2.1981192,1.5100083146535326,1,0.6869547296833138,3,2.0608641890499415,0,0.0,6,4.121728378099883,,,,,,,,,,,1.0,,False,False,False
2021-08-09,1.7168847,1.1794220881711226,0,0.0,2,1.3739094593666277,0,0.0,5,3.4347736484165696,2.399488,1.6483396393596195,1,0.6869547296833138,3,2.0608641890499415,0,0.0,7,4.808683107783198,,,,,,,,,,,0.0,,False,False,False
2021-08-10,3.3556225,2.305160705873277,1,0.6869547296833138,5,3.4347736484165696,0,0.0,9,6.1825925671498245,2.621637,1.8009459381573834,1,0.6869547296833138,4,2.7478189187332553,0,0.0,7,4.808683107783198,,,,,,,,,,,5.0,,False,False,False
2021-08-11,5.404105,3.7123754736967385,2,1.3739094593666277,7,4.808683107783198,1,0.6869547296833138,14,9.617366215566395,2.8669076,1.9694356524269097,1,0.6869547296833138,4,2.7478189187332553,0,0.0,7,4.808683107783198,,,,,,,,,,,5.0,,False,False,False
2021-08-12,3.8409941,2.6385891032987274,2,1.3739094593666277,6,4.121728378099883,0,0.0,10,6.869547296833139,3.1379051,2.155598849640228,1,0.6869547296833138,4,2.7478189187332553,0,0.0,9,6.1825925671498245,17.089106431484222,11.739442489169624,12.0,8.243456756199766,22.0,15.113004053032906,7.0,4.808683107783198,32.0,21.982551349866043,5.0,16.0,False,False,False
2021-08-13,4.4221764,3.0378349038073793,2,1.3739094593666277,6,4.121728378099883,0,0.0,12,8.243456756199766,3.4375756,2.361458791710902,1,0.6869547296833138,5,3.4347736484165696,0,0.0,9,6.1825925671498245,18.677079708099367,12.830308242151107,13.0,8.93041148588308,23.0,15.79995878271622,8.0,5.495637837466511,34.0,23.356460809232672,2.0,18.0,False,False,False
2021-08-14,2.521691,1.732287637423724,1,0.6869547296833138,4,2.7478189187332553,0,0.0,7,4.808683107783198,3.769206,2.5892739358823746,1,0.6869547296833138,5,3.4347736484165696,0,0.0,10,6.869547296833139,20.430843052864073,14.03506426658245,14.0,9.617366215566395,25.0,17.173868242082847,9.0,6.1825925671498245,37.0,25.417324998282613,12.0,30.0,False,True,False
2021-08-15,2.2480876,1.5443343727383763,1,0.6869547296833138,3,2.0608641890499415,0,0.0,6,4.121728378099883,4.1365066,2.8415926863090135,2,1.3739094593666277,6,4.121728378099883,0,0.0,11,7.556502026516453,22.369227173805236,15.366646406406016,16.0,10.991275674933021,28.0,19.23473243113279,10.0,6.869547296833139,39.0,26.791234457649242,2.0,31.0,False,False,False
2021-08-16,3.335345,2.2912310669198632,1,0.6869547296833138,5,3.4347736484165696,0,0.0,9,6.1825925671498245,4.543619,3.1212606700137258,2,1.3739094593666277,6,4.121728378099883,0,0.0,11,7.556502026516453,24.513357360839844,16.839566779446205,18.0,12.365185134299649,30.0,20.608641890499417,11.0,7.556502026516453,40.0,27.478189187332557,2.0,33.0,False,False,False
2021-08-17,6.509214,4.471535430639051,3,2.0608641890499415,9,6.1825925671498245,1,0.6869547296833138,16,10.991275674933021,4.99523,3.4314969525439665,2,1.3739094593666277,7,4.808683107783198,0,0.0,13,8.93041148588308,26.886949716567994,18.470117274553818,20.0,13.739094593666278,32.0,21.982551349866043,13.0,8.93041148588308,44.0,30.226008106065812,17.0,45.0,False,True,False
2021-08-18,10.305464,7.079387432895601,5,3.4347736484165696,14,9.617366215566395,2,1.3739094593666277,24,16.486913512399532,5.496608,3.775920777115971,3,2.0608641890499415,8,5.495637837466511,1,0.6869547296833138,13,8.93041148588308,29.51664916706085,20.2766017497155,22.0,15.113004053032906,35.0,24.043415538915987,15.0,10.304320945249708,49.0,33.66078175448238,2.0,42.0,False,False,False
2021-08-19,7.427937,5.10265635966789,4,2.7478189187332553,10,6.869547296833139,1,0.6869547296833138,16,10.991275674933021,6.053676,4.158601586823352,3,2.0608641890499415,8,5.495637837466511,1,0.6869547296833138,14,9.617366215566395,32.432411909103394,22.27959875599601,25.0,17.173868242082847,38.0,26.10427972796593,17.0,11.678230404616336,52.0,35.72164594353232,6.0,43.0,False,False,False
2021-08-20,8.951646,6.149375258246437,4,2.7478189187332553,12,8.243456756199766,1,0.6869547296833138,21,14.426049323349591,6.673104,4.584120324579999,3,2.0608641890499415,9,6.1825925671498245,1,0.6869547296833138,17,11.678230404616336,35.667944604873654,24.502263244400392,27.0,18.547777701449473,42.0,28.852098646699183,20.0,13.739094593666278,57.0,39.15641959194889,2.0,43.0,False,False,False
2021-08-21,5.145164,3.5344946809345856,2,1.3739094593666277,7,4.808683107783198,1,0.6869547296833138,13,8.93041148588308,7.3624597,5.057676389697008,3,2.0608641890499415,10,6.869547296833139,1,0.6869547296833138,18,12.365185134299649,39.2611997795105,26.970666881576214,30.0,20.608641890499417,46.0,31.59991756543244,21.0,14.426049323349591,63.0,43.27814797004878,4.0,35.0,False,False,False
2021-08-22,4.5965104,3.1575946195516735,2,1.3739094593666277,6,4.121728378099883,0,0.0,11,7.556502026516453,8.130247,5.5851116485428065,4,2.7478189187332553,10,6.869547296833139,1,0.6869547296833138,19,13.052139863982966,43.254943817138674,29.714188237369424,33.0,22.669506079549357,51.0,35.03469121384901,24.0,16.486913512399532,68.0,46.712921618465344,7.0,40.0,False,False,False
2021-08-23,6.6611366,4.575899220071733,3,2.0608641890499415,10,6.869547296833139,1,0.6869547296833138,17,11.678230404616336,8.986078,6.173028668854386,4,2.7478189187332553,12,8.243456756199766,1,0.6869547296833138,22,15.113004053032906,47.69740274810791,32.76595641142263,36.0,24.730370268599298,57.0,39.15641959194889,26.0,17.86082297176616,77.0,52.89551418561517,1.0,39.0,False,False,False
2021-08-24,13.09571,8.996159886009991,7,4.808683107783198,17,11.678230404616336,2,1.3739094593666277,31,21.29559662018273,9.940834,6.828903133282438,5,3.4347736484165696,14,9.617366215566395,1,0.6869547296833138,23,15.79995878271622,52.64299986457825,36.16335774169008,40.0,27.478189187332557,62.0,42.59119324036546,27.0,18.547777701449473,88.0,60.452016212131625,13.0,35.0,False,False,False
2021-08-25,21.410711,14.708189701195806,11,7.556502026516453,28,19.23473243113279,4,2.7478189187332553,49,33.66078175448238,11.006801,7.561173697467893,5,3.4347736484165696,15,10.304320945249708,2,1.3739094593666277,26,17.86082297176616,58.153201564788816,39.94861686115876,43.0,29.539053376382494,69.0,47.39987634814866,29.0,19.921687160816102,96.0,65.94765404959813,18.0,51.0,False,False,False
2021-08-26,15.255095,10.479559568921104,7,4.808683107783198,21,14.426049323349591,3,2.0608641890499415,38,26.10427972796593,12.197947,8.37943734950386,6,4.121728378099883,17,11.678230404616336,2,1.3739094593666277,31,21.29559662018273,64.2974786529541,44.16945706735873,47.0,32.28687229511575,78.0,53.582468915298485,32.0,21.982551349866043,109.0,74.87806553548121,16.0,61.0,False,False,False
2021-08-27,17.511784,12.029802746837959,8,5.495637837466511,23,15.79995878271622,3,2.0608641890499415,41,28.165143917015868,13.530047,9.29453017306514,7,4.808683107783198,18,12.365185134299649,3,2.0608641890499415,32,21.982551349866043,71.15440396690369,48.879854342861634,52.0,35.72164594353232,86.0,59.07810675276499,36.0,24.730370268599298,121.0,83.12152229168098,2.0,61.0,True,False,False
2021-08-28,10.56156,7.255313539644703,5,3.4347736484165696,14,9.617366215566395,1,0.6869547296833138,28,19.23473243113279,15.020984,10.318735439796,7,4.808683107783198,19,13.052139863982966,2,1.3739094593666277,38,26.10427972796593,78.81292395401,54.14091087037851,57.0,39.15641959194889,95.0,65.26069931991482,37.0,25.417324998282613,140.0,96.17366215566395,8.0,65.0,True,False,False
2021-08-29,9.89601,6.798111280659214,4,2.7478189187332553,13,8.93041148588308,1,0.6869547296833138,25,17.173868242082847,16.691114,11.466039723018184,7,4.808683107783198,22,15.113004053032906,3,2.0608641890499415,41,28.165143917015868,87.37378756141662,60.02183661566025,61.0,41.90423851068214,106.0,72.81720134643128,41.0,28.165143917015868,156.0,107.16493783059697,4.0,62.0,True,False,False
2021-08-30,14.704489,10.101318184752017,7,4.808683107783198,19,13.052139863982966,2,1.3739094593666277,38,26.10427972796593,18.563496,12.752281327266246,8,5.495637837466511,25,17.173868242082847,3,2.0608641890499415,47,32.28687229511575,96.951219165802,66.60109855451122,66.0,45.339012159098715,120.0,82.43456756199767,44.0,30.226008106065812,179.0,122.96489661331319,4.0,65.0,True,False,False
2021-08-31,28.459259,19.55022307811305,13,8.93041148588308,39,26.791234457649242,5,3.4347736484165696,73,50.14769526688191,20.664415,14.195518451742828,10,6.869547296833139,27,18.547777701449473,3,2.0608641890499415,56,38.46946486226558,107.6747960243225,73.96771039659443,72.0,49.460740537198596,134.0,92.05193377756406,46.0,31.59991756543244,211.0,144.94744796317923,23.0,75.0,True,False,False
2021-09-01,47.073326,32.33724273741245,23,15.79995878271622,64,43.965102699732086,9,6.1825925671498245,127,87.24325066978086,23.023655,15.81620890647173,10,6.869547296833139,31,21.29559662018273,3,2.0608641890499415,65,44.6520574294154,119.69164154434205,82.22273926244559,77.0,52.89551418561517,148.0,101.66929999313045,51.0,35.03469121384901,236.0,162.12131620526208,,,False,False,True
2021-09-02,34.286808,23.55348551645875,14,9.617366215566395,42,28.852098646699183,6,4.121728378099883,85,58.39115202308167,25.67523,17.63772015692666,11,7.556502026516453,32,21.982551349866043,4,2.7478189187332553,71,48.77378580751528,133.1689284248352,91.48102522829925,84.0,57.704197293398366,167.0,114.72143985711341,53.0,36.40860067321564,265.0,182.04300336607818,,,False,False,True
2021-09-03,39.520863,27.149042580276728,16,10.991275674933021,49,33.66078175448238,6,4.121728378099883,111,76.25197499484784,28.657835,19.686635641846806,12,8.243456756199766,37,25.417324998282613,4,2.7478189187332553,76,52.20855945593186,148.2967353038788,101.873143713594,91.0,62.51288040118156,187.0,128.4605344507797,56.0,38.46946486226558,300.0,206.08641890499413,,,False,False,True
2021-09-04,22.655693,15.563434862997383,8,5.495637837466511,29,19.921687160816102,3,2.0608641890499415,64,43.965102699732086,32.01563,21.99328737333417,13,8.93041148588308,41,28.165143917015868,5,3.4347736484165696,90,61.825925671498254,165.29137060546876,113.54768881326423,99.0,68.00851823864807,205.0,140.82571958507936,59.0,40.53032905131552,356.0,244.55588376725976,,,False,False,True
2021-09-05,20.660635,14.192920934874564,8,5.495637837466511,27,18.547777701449473,3,2.0608641890499415,57,39.15641959194889,35.798893,24.59221868775785,13,8.93041148588308,47,32.28687229511575,5,3.4347736484165696,106,72.81720134643128,184.39916390037536,126.67387779101145,106.0,72.81720134643128,230.0,157.9995878271622,65.0,44.6520574294154,404.0,277.52971079205884,,,False,False,True
