,Raw Prediction Mean,Raw Prediction Mean 100k,Raw Prediction Q25,Raw Prediction Q25 100k,Raw Prediction Q75,Raw Prediction Q75 100k,Raw Prediction Q5,Raw Prediction Q5 100k,Raw Prediction Q95,Raw Prediction Q95 100k,Trend Prediction Mean,Trend Prediction Mean 100k,Trend Prediction Q25,Trend Prediction Q25 100k,Trend Prediction Q75,Trend Prediction Q75 100k,Trend Prediction Q5,Trend Prediction Q5 100k,Trend Prediction Q95,Trend Prediction Q95 100k,Trend 7Day Prediction Mean,Trend 7Day Prediction Mean 100k,Trend 7Day Prediction Q25,Trend 7Day Prediction Q25 100k,Trend 7Day Prediction Q75,Trend 7Day Prediction Q75 100k,Trend 7Day Prediction Q5,Trend 7Day Prediction Q5 100k,Trend 7Day Prediction Q95,Trend 7Day Prediction Q95 100k,RKI Meldedaten,RKI 7Day Incidence,is_nowcast,is_high,is_prediction
2021-08-06,2.2009172,0.9473727004660759,1,0.430444476966916,3,1.291333430900748,0,0.0,6,2.582666861801496,1.6921502,0.728376744518755,0,0.0,2,0.860888953933832,0,0.0,5,2.1522223848345803,,,,,,,,,,,1.0,,False,False,False
2021-08-07,1.1846519,0.5099268491903786,0,0.0,2,0.860888953933832,0,0.0,4,1.721777907867664,1.7820815,0.7670871127629653,0,0.0,3,1.291333430900748,0,0.0,5,2.1522223848345803,,,,,,,,,,,2.0,,False,False,False
2021-08-08,1.0186008,0.43845111576956697,0,0.0,1,0.430444476966916,0,0.0,4,1.721777907867664,1.878396,0.8085451554507017,0,0.0,3,1.291333430900748,0,0.0,5,2.1522223848345803,,,,,,,,,,,0.0,,False,False,False
2021-08-09,1.4479419,0.6232585747056874,0,0.0,2,0.860888953933832,0,0.0,4,1.721777907867664,1.981608,0.8529722435923759,1,0.430444476966916,3,1.291333430900748,0,0.0,6,2.582666861801496,,,,,,,,,,,2.0,,False,False,False
2021-08-10,2.707856,1.1655816706479527,1,0.430444476966916,4,1.721777907867664,0,0.0,8,3.443555815735328,2.092278,0.9006094842334278,1,0.430444476966916,3,1.291333430900748,0,0.0,6,2.582666861801496,,,,,,,,,,,3.0,,False,False,False
2021-08-11,4.261635,1.8343971532885917,2,0.860888953933832,6,2.582666861801496,0,0.0,11,4.734889246636077,2.2110202,0.9517214493826032,1,0.430444476966916,3,1.291333430900748,0,0.0,6,2.582666861801496,,,,,,,,,,,1.0,,False,False,False
2021-08-12,2.9396114,1.2653395060624462,1,0.430444476966916,4,1.721777907867664,0,0.0,9,3.8740002927022448,2.3385057,1.006596903607715,1,0.430444476966916,3,1.291333430900748,0,0.0,7,3.0131113387684123,13.976041268348693,6.015909773822387,9.0,3.8740002927022448,17.0,7.317556108437572,5.0,2.1522223848345803,25.0,10.761111924172901,3.0,12.0,False,False,False
2021-08-13,3.2557263,1.4014094631420448,1,0.430444476966916,4,1.721777907867664,0,0.0,9,3.8740002927022448,2.4754584,1.0655473488441203,1,0.430444476966916,4,1.721777907867664,0,0.0,7,3.0131113387684123,14.759348560333253,6.353080071425052,10.0,4.304444769669161,18.0,7.7480005854044895,6.0,2.582666861801496,26.0,11.191556401139817,4.0,15.0,False,False,False
2021-08-14,1.7853855,0.7685092896281276,0,0.0,3,1.291333430900748,0,0.0,5,2.1522223848345803,2.6226766,1.1289166650385596,1,0.430444476966916,4,1.721777907867664,0,0.0,7,3.0131113387684123,15.599944538116455,6.714909967422436,11.0,4.734889246636077,19.0,8.178445062371404,6.0,2.582666861801496,29.0,12.482889832040565,5.0,18.0,False,False,False
2021-08-15,1.5477849,0.6662354735453846,0,0.0,3,1.291333430900748,0,0.0,5,2.1522223848345803,2.7810333,1.1970803825533949,1,0.430444476966916,4,1.721777907867664,0,0.0,8,3.443555815735328,16.50258368062973,7.103446001011428,11.0,4.734889246636077,20.0,8.608889539338321,7.0,3.0131113387684123,30.0,12.913334309007482,0.0,18.0,False,False,False
2021-08-16,2.186558,0.9411917744728271,1,0.430444476966916,3,1.291333430900748,0,0.0,6,2.582666861801496,2.9514835,1.270449774892768,1,0.430444476966916,4,1.721777907867664,0,0.0,8,3.443555815735328,17.47245865726471,7.520923328052373,12.0,5.165333723602992,21.0,9.039334016305236,8.0,3.443555815735328,31.0,13.343778785974397,5.0,21.0,False,False,False
2021-08-17,4.074294,1.753757351252716,2,0.860888953933832,6,2.582666861801496,0,0.0,10,4.304444769669161,3.135067,1.3494723134499509,1,0.430444476966916,4,1.721777907867664,0,0.0,8,3.443555815735328,18.515243690490724,7.969784386268271,13.0,5.595778200569908,23.0,9.900222970239069,8.0,3.443555815735328,32.0,13.774223262941312,7.0,25.0,False,False,False
2021-08-18,6.401112,2.755323293968104,3,1.291333430900748,9,3.8740002927022448,1,0.430444476966916,16,6.887111631470656,3.3329225,1.4346380339702591,1,0.430444476966916,5,2.1522223848345803,0,0.0,9,3.8740002927022448,19.63714291000366,8.45269970902111,14.0,6.026222677536825,24.0,10.330667447205984,9.0,3.8740002927022448,33.0,14.204667739908231,2.0,26.0,False,False,False
2021-08-19,4.457147,1.918554335134104,2,0.860888953933832,6,2.582666861801496,0,0.0,10,4.304444769669161,3.546304,1.5264869944076054,2,0.860888953933832,5,2.1522223848345803,0,0.0,9,3.8740002927022448,20.844943870544434,8.972590961761222,16.0,6.887111631470656,25.0,10.761111924172901,10.0,4.304444769669161,34.0,14.635112216875145,2.0,25.0,False,False,False
2021-08-20,5.0215044,2.16147891478613,2,0.860888953933832,7,3.0131113387684123,0,0.0,13,5.595778200569908,3.7765927,1.6256135495495982,2,0.860888953933832,6,2.582666861801496,0,0.0,10,4.304444769669161,22.146077368736268,9.532656689854539,17.0,7.317556108437572,27.0,11.622000878106732,11.0,4.734889246636077,37.0,15.926445647775894,1.0,22.0,False,False,False
2021-08-21,2.77537,1.194642663904233,1,0.430444476966916,4,1.721777907867664,0,0.0,8,3.443555815735328,4.0252805,1.7326598026556894,2,0.860888953933832,6,2.582666861801496,0,0.0,11,4.734889246636077,23.54868260669708,10.136400367899638,18.0,7.7480005854044895,29.0,12.482889832040565,11.0,4.734889246636077,41.0,17.648223555643558,2.0,19.0,False,False,False
2021-08-22,2.4072807,1.0362006833020132,1,0.430444476966916,4,1.721777907867664,0,0.0,7,3.0131113387684123,4.2940335,1.848342981247697,2,0.860888953933832,6,2.582666861801496,0,0.0,11,4.734889246636077,25.061680557250977,10.787661979377825,19.0,8.178445062371404,31.0,13.343778785974397,12.0,5.165333723602992,43.0,18.509112509577392,2.0,21.0,False,False,False
2021-08-23,3.4050505,1.465685181756271,1,0.430444476966916,5,2.1522223848345803,0,0.0,9,3.8740002927022448,4.584656,1.9734397938009351,2,0.860888953933832,6,2.582666861801496,0,0.0,12,5.165333723602992,26.694854555130004,11.490652706690831,20.0,8.608889539338321,33.0,14.204667739908231,13.0,5.595778200569908,46.0,19.800445940478138,1.0,17.0,False,False,False
2021-08-24,6.429187,2.767407931969501,3,1.291333430900748,9,3.8740002927022448,1,0.430444476966916,16,6.887111631470656,4.8991537,2.108813714585267,2,0.860888953933832,7,3.0131113387684123,0,0.0,12,5.165333723602992,28.45894013309479,12.24999360062276,21.0,9.039334016305236,35.0,15.06555669384206,14.0,6.026222677536825,48.0,20.66133489441197,19.0,29.0,False,True,False
2021-08-25,10.075013,4.336733763921075,4,1.721777907867664,13,5.595778200569908,1,0.430444476966916,24,10.330667447205984,5.239706,2.255402614537161,2,0.860888953933832,7,3.0131113387684123,0,0.0,12,5.165333723602992,30.365726120948793,13.070759097852424,23.0,9.900222970239069,36.0,15.496001170808979,15.0,6.456667154503741,53.0,22.81355727924655,6.0,33.0,False,False,False
2021-08-26,7.035071,3.028207356692292,3,1.291333430900748,10,4.304444769669161,1,0.430444476966916,18,7.7480005854044895,5.6087427,2.4142524125636555,2,0.860888953933832,8,3.443555815735328,0,0.0,15,6.456667154503741,32.42816429519653,13.958524219043092,24.0,10.330667447205984,39.0,16.787334601709723,15.0,6.456667154503741,58.0,24.96577966408113,3.0,34.0,False,False,False
2021-08-27,7.7935557,3.3546930353622884,4,1.721777907867664,11,4.734889246636077,1,0.430444476966916,21,9.039334016305236,6.0089192,2.5865061616059393,2,0.860888953933832,8,3.443555815735328,1,0.430444476966916,15,6.456667154503741,34.660492776870726,14.91941768475569,25.0,10.761111924172901,42.0,18.078668032610473,16.0,6.887111631470656,61.0,26.257113094981875,3.0,36.0,True,False,False
2021-08-28,4.447127,1.914241147460416,2,0.860888953933832,6,2.582666861801496,0,0.0,12,5.165333723602992,6.443162,2.7734235118259676,3,1.291333430900748,9,3.8740002927022448,1,0.430444476966916,17,7.317556108437572,37.07837566661835,15.960182020600362,26.0,11.191556401139817,45.0,19.37000146351122,16.0,6.887111631470656,66.0,28.409335479816463,7.0,41.0,True,False,False
2021-08-29,3.9282515,1.6908941688598134,1,0.430444476966916,5,2.1522223848345803,0,0.0,10,4.304444769669161,6.9147115,2.9763994461973198,3,1.291333430900748,10,4.304444769669161,1,0.430444476966916,19,8.178445062371404,39.69905262279511,17.088237942301117,27.0,11.622000878106732,48.0,20.66133489441197,17.0,7.317556108437572,72.0,30.992002341617958,2.0,41.0,True,False,False
2021-08-30,5.5839453,2.403578400844708,3,1.291333430900748,8,3.443555815735328,1,0.430444476966916,16,6.887111631470656,7.427117,3.1969615520210937,3,1.291333430900748,10,4.304444769669161,1,0.430444476966916,21,9.039334016305236,42.54151320934296,18.31175940277678,29.0,12.482889832040565,52.0,22.383112802279634,18.0,7.7480005854044895,81.0,34.866002634320196,1.0,41.0,True,False,False
2021-08-31,10.617796,4.570371675072238,4,1.721777907867664,14,6.026222677536825,1,0.430444476966916,28,12.05244535507365,7.9843216,3.4368073102086782,3,1.291333430900748,11,4.734889246636077,1,0.430444476966916,22,9.469778493272154,45.62668308353424,19.63975373562713,30.0,12.913334309007482,56.0,24.1048907101473,19.0,8.178445062371404,89.0,38.309558450055526,13.0,35.0,True,False,False
2021-09-01,17.111721,7.365646160906181,7,3.0131113387684123,22,9.469778493272154,2,0.860888953933832,46,19.800445940478138,8.590662,3.697803185787052,3,1.291333430900748,12,5.165333723602992,1,0.430444476966916,24,10.330667447205984,48.97763836860657,21.082153930649614,32.0,13.774223262941312,62.0,26.687557571948794,19.0,8.178445062371404,98.0,42.183558742757775,,,False,False,True
2021-09-02,12.048474,5.186199268791825,5,2.1522223848345803,16,6.887111631470656,2,0.860888953933832,31,13.343778785974397,9.250949,3.9820199162932113,4,1.721777907867664,13,5.595778200569908,1,0.430444476966916,26,11.191556401139817,52.61984390163422,22.64992118631971,33.0,14.204667739908231,67.0,28.839779956783374,20.0,8.608889539338321,109.0,46.91844798939385,,,False,False,True
2021-09-03,13.407462,5.771168071078137,5,2.1522223848345803,18,7.7480005854044895,2,0.860888953933832,37,15.926445647775894,9.970483,4.291739242034964,4,1.721777907867664,13,5.595778200569908,1,0.430444476966916,28,12.05244535507365,56.58141245365143,24.35515648966134,35.0,15.06555669384206,72.0,30.992002341617958,21.0,9.039334016305236,121.0,52.08378171299684,,,False,False,True
2021-09-04,7.4269814,3.1969029805622995,3,1.291333430900748,10,4.304444769669161,0,0.0,22,9.469778493272154,10.755169,4.629503018804826,4,1.721777907867664,14,6.026222677536825,1,0.430444476966916,27,11.622000878106732,60.893404642105104,26.211229711905705,37.0,15.926445647775894,77.0,33.144224726452535,21.0,9.039334016305236,128.0,55.09689305176525,,,False,False,True
2021-09-05,6.5444455,2.8170205041533336,2,0.860888953933832,9,3.8740002927022448,0,0.0,18,7.7480005854044895,11.611465,4.998091026209295,4,1.721777907867664,15,6.456667154503741,1,0.430444476966916,30,12.913334309007482,65.5901546459198,28.232919810742082,38.0,16.356890124742808,82.0,35.296447111287115,21.0,9.039334016305236,144.0,61.984004683235916,,,False,False,True
