,Raw Prediction Mean,Raw Prediction Mean 100k,Raw Prediction Q25,Raw Prediction Q25 100k,Raw Prediction Q75,Raw Prediction Q75 100k,Raw Prediction Q5,Raw Prediction Q5 100k,Raw Prediction Q95,Raw Prediction Q95 100k,Trend Prediction Mean,Trend Prediction Mean 100k,Trend Prediction Q25,Trend Prediction Q25 100k,Trend Prediction Q75,Trend Prediction Q75 100k,Trend Prediction Q5,Trend Prediction Q5 100k,Trend Prediction Q95,Trend Prediction Q95 100k,Trend 7Day Prediction Mean,Trend 7Day Prediction Mean 100k,Trend 7Day Prediction Q25,Trend 7Day Prediction Q25 100k,Trend 7Day Prediction Q75,Trend 7Day Prediction Q75 100k,Trend 7Day Prediction Q5,Trend 7Day Prediction Q5 100k,Trend 7Day Prediction Q95,Trend 7Day Prediction Q95 100k,RKI Meldedaten,RKI 7Day Incidence,is_nowcast,is_high,is_prediction
2021-08-22,0.44623768,0.6234633929125266,0,0.0,1,1.3971553916226562,0,0.0,2,2.7943107832453125,1.4402442,2.0122450223425403,0,0.0,2,2.7943107832453125,0,0.0,5,6.985776958113281,,,,,,,,,,,0.0,,False,False,False
2021-08-23,1.221442,1.7065442079911008,0,0.0,2,2.7943107832453125,0,0.0,4,5.588621566490625,1.5678276,2.19049870793242,0,0.0,2,2.7943107832453125,0,0.0,5,6.985776958113281,,,,,,,,,,,2.0,,False,False,False
2021-08-24,2.3833044,3.3298463677056134,1,1.3971553916226562,3,4.191466174867969,0,0.0,7,9.780087741358594,1.7080162,2.386364030826371,0,0.0,2,2.7943107832453125,0,0.0,5,6.985776958113281,,,,,,,,,,,5.0,,False,False,False
2021-08-25,3.0883956,4.314968464314006,1,1.3971553916226562,4,5.588621566490625,0,0.0,8,11.17724313298125,1.862168,2.6017380150733516,1,1.3971553916226562,3,4.191466174867969,0,0.0,5,6.985776958113281,,,,,,,,,,,5.0,,False,False,False
2021-08-26,3.072643,4.2929597839247435,1,1.3971553916226562,4,5.588621566490625,0,0.0,8,11.17724313298125,2.0317945,2.8387326892698184,1,1.3971553916226562,3,4.191466174867969,0,0.0,6,8.382932349735938,,,,,,,,,,,2.0,,False,False,False
2021-08-27,2.621486,3.6626232031267136,1,1.3971553916226562,4,5.588621566490625,0,0.0,7,9.780087741358594,2.2185812,3.0997027351986617,1,1.3971553916226562,3,4.191466174867969,0,0.0,6,8.382932349735938,,,,,,,,,,,1.0,,False,False,False
2021-08-28,2.3771026,3.321181793580763,1,1.3971553916226562,3,4.191466174867969,0,0.0,6,8.382932349735938,2.4244127,3.3872813219204545,1,1.3971553916226562,3,4.191466174867969,0,0.0,7,9.780087741358594,13.253042738437653,18.516560117413658,9.0,12.574398524603907,16.0,22.3544862659625,5.0,6.985776958113281,25.0,34.92888479056641,0.0,15.0,False,False,False
2021-08-29,0.9307071,1.3003424101043493,0,0.0,1,1.3971553916226562,0,0.0,3,4.191466174867969,2.6513984,3.704415576066822,1,1.3971553916226562,4,5.588621566490625,0,0.0,7,9.780087741358594,14.464196878433228,20.20873065419458,10.0,13.971553916226561,18.0,25.148797049207815,6.0,8.382932349735938,26.0,36.32604018218906,0.0,15.0,False,False,False
2021-08-30,2.4794466,3.464172186795622,1,1.3971553916226562,4,5.588621566490625,0,0.0,7,9.780087741358594,2.9018917,4.054393502883613,1,1.3971553916226562,4,5.588621566490625,0,0.0,7,9.780087741358594,15.79826156616211,22.07262632542838,11.0,15.368709307849219,19.0,26.545952440830472,6.0,8.382932349735938,27.0,37.723195573811715,10.0,23.0,False,True,False
2021-08-31,4.6956143,6.560503243235871,2,2.7943107832453125,7,9.780087741358594,1,1.3971553916226562,11,15.368709307849219,3.178528,4.440897464519367,1,1.3971553916226562,5,6.985776958113281,0,0.0,8,11.17724313298125,17.268774744033813,24.127161740343997,12.0,16.765864699471877,21.0,29.34026322407578,8.0,11.17724313298125,29.0,40.51750635705703,2.0,20.0,False,False,False
2021-09-01,5.981216,8.356688340427354,3,4.191466174867969,9,12.574398524603907,1,1.3971553916226562,15,20.957330874339846,3.4842665,4.868061660090461,1,1.3971553916226562,5,6.985776958113281,0,0.0,9,12.574398524603907,18.89087262439728,26.393484539633498,14.0,19.560175482717188,23.0,32.13457400732109,9.0,12.574398524603907,32.0,44.708972531925,0.0,15.0,False,False,False
2021-09-02,5.884828,8.222019096137956,3,4.191466174867969,8,11.17724313298125,1,1.3971553916226562,13,18.16302009109453,3.822409,5.34049904672429,2,2.7943107832453125,5,6.985776958113281,0,0.0,10,13.971553916226561,20.681488739013673,28.895253498496203,15.0,20.957330874339846,25.0,34.92888479056641,10.0,13.971553916226561,34.0,47.503283315170314,2.0,15.0,False,False,False
2021-09-03,5.129585,7.1668269811198115,3,4.191466174867969,7,9.780087741358594,1,1.3971553916226562,13,18.16302009109453,4.196672,5.863402839167975,2,2.7943107832453125,6,8.382932349735938,0,0.0,10,13.971553916226561,22.659581287384032,31.658956167580453,17.0,23.751641657585157,27.0,37.723195573811715,11.0,15.368709307849219,37.0,51.694749490038284,0.0,14.0,False,False,False
2021-09-04,4.6709757,6.526078504975885,2,2.7943107832453125,6,8.382932349735938,0,0.0,11,15.368709307849219,4.6112194,6.442589801736176,2,2.7943107832453125,6,8.382932349735938,0,0.0,11,15.368709307849219,24.846388211250304,34.71426525169797,19.0,26.545952440830472,29.0,40.51750635705703,13.0,18.16302009109453,39.0,54.4890602732836,0.0,14.0,False,False,False
2021-09-05,1.8092992,2.5278721295762807,1,1.3971553916226562,3,4.191466174867969,0,0.0,5,6.985776958113281,5.070731,7.08459920133464,3,4.191466174867969,7,9.780087741358594,1,1.3971553916226562,12,16.765864699471877,27.265720623016357,38.09444857492436,21.0,29.34026322407578,32.0,44.708972531925,14.0,19.560175482717188,43.0,60.077681839774215,0.0,14.0,False,False,False
2021-09-06,4.8273473,6.744554411852732,2,2.7943107832453125,7,9.780087741358594,0,0.0,12,16.765864699471877,5.5804577,7.796766294632107,3,4.191466174867969,8,11.17724313298125,1,1.3971553916226562,13,18.16302009109453,29.944290145874024,41.83682642562107,23.0,32.13457400732109,36.0,50.29759409841563,17.0,23.751641657585157,47.0,65.66630340626484,15.0,19.0,False,True,False
2021-09-07,9.2225275,12.885304749943316,5,6.985776958113281,12,16.765864699471877,1,1.3971553916226562,20,27.943107832453123,6.1463265,8.587373304180801,3,4.191466174867969,8,11.17724313298125,1,1.3971553916226562,14,19.560175482717188,32.912084753036495,45.98329666224676,25.0,34.92888479056641,39.0,54.4890602732836,18.0,25.148797049207815,52.0,72.65208036437812,10.0,27.0,False,False,False
2021-09-08,11.463619,16.016457811929286,6,8.382932349735938,16,22.3544862659625,2,2.7943107832453125,27,37.723195573811715,6.774973,9.465689799981192,3,4.191466174867969,9,12.574398524603907,1,1.3971553916226562,17,23.751641657585157,36.20279280853271,50.58092716423941,28.0,39.120350965434376,42.0,58.68052644815156,20.0,27.943107832453123,58.0,81.03501271411406,16.0,43.0,False,False,False
2021-09-09,11.257453,15.7284113811329,6,8.382932349735938,16,22.3544862659625,2,2.7943107832453125,25,34.92888479056641,7.473906,10.442208440508693,4,5.588621566490625,10,13.971553916226561,1,1.3971553916226562,18,25.148797049207815,39.85428596115112,55.68263050989342,31.0,43.311817140302345,47.0,65.66630340626484,22.0,30.737418615698438,64.0,89.41794506385,16.0,57.0,False,False,False
2021-09-10,9.738843,13.606676657218486,5,6.985776958113281,13,18.16302009109453,2,2.7943107832453125,22,30.737418615698438,8.251557,11.528707545949146,4,5.588621566490625,11,15.368709307849219,1,1.3971553916226562,20,27.943107832453123,43.909170974731445,61.34793496902709,34.0,47.503283315170314,52.0,72.65208036437812,24.0,33.53172939894375,72.0,100.59518819683126,15.0,72.0,False,False,False
2021-09-11,8.853794,12.37012620549649,4,5.588621566490625,12,16.765864699471877,1,1.3971553916226562,21,29.34026322407578,9.117466,12.738516670651734,5,6.985776958113281,12,16.765864699471877,2,2.7943107832453125,21,29.34026322407578,48.41541360855103,67.643856160828,37.0,51.694749490038284,59.0,82.43216810573672,26.0,36.32604018218906,79.0,110.37527593818984,0.0,72.0,False,False,False
2021-09-12,3.6445603,5.09201709064655,2,2.7943107832453125,5,6.985776958113281,0,0.0,9,12.574398524603907,10.082366,14.08663229085505,5,6.985776958113281,13,18.16302009109453,2,2.7943107832453125,24,33.53172939894375,53.42704837036133,74.64588868913478,40.0,55.886215664906246,64.0,89.41794506385,29.0,40.51750635705703,87.0,121.5525190711711,0.0,72.0,True,False,False
2021-09-13,9.781911,13.666848826687783,5,6.985776958113281,13,18.16302009109453,2,2.7943107832453125,24,33.53172939894375,11.158399,15.59001684654504,6,8.382932349735938,15,20.957330874339846,2,2.7943107832453125,26,36.32604018218906,59.00499505233765,82.4391469700417,43.0,60.077681839774215,72.0,100.59518819683126,30.0,41.91466174867969,99.0,138.31838377064298,22.0,79.0,True,False,False
2021-09-14,18.28403,25.54563106968999,9,12.574398524603907,24,33.53172939894375,3,4.191466174867969,45,62.87199262301953,12.359319,17.26788905216381,6,8.382932349735938,16,22.3544862659625,2,2.7943107832453125,29,40.51750635705703,65.21797682571412,91.11964795276792,48.0,67.0634587978875,80.0,111.77243132981249,33.0,46.10612792354765,113.0,157.87855925336015,10.0,79.0,True,False,False
2021-09-15,23.770487,33.21106487419456,12,16.765864699471877,31,43.311817140302345,5,6.985776958113281,55,76.84354653924609,13.700587,19.141849770676345,7,9.780087741358594,17,23.751641657585157,3,4.191466174867969,33,46.10612792354765,72.14358543205262,100.79579935738204,52.0,72.65208036437812,88.0,122.94967446279375,35.0,48.90043870679297,124.0,173.24726856120938,15.0,78.0,True,False,False
2021-09-16,21.962673,30.68526857532561,11,15.368709307849219,30,41.91466174867969,4,5.588621566490625,57,79.63785732249141,15.1998005,21.23648300766945,7,9.780087741358594,20,27.943107832453123,3,4.191466174867969,37,51.694749490038284,79.869477268219,111.59007079137537,56.0,78.24070193086875,95.0,132.72976220415234,38.0,53.091904881660945,143.0,199.79322100203987,8.0,70.0,True,False,False
2021-09-17,19.040085,26.601957506500185,9,12.574398524603907,25,34.92888479056641,3,4.191466174867969,47,65.66630340626484,16.87684,23.579568369314075,8,11.17724313298125,22,30.737418615698438,3,4.191466174867969,44,61.474837231396876,88.4947543926239,123.64092322997722,59.0,82.43216810573672,109.0,152.28993768686954,40.0,55.886215664906246,161.0,224.9420180512477,,,False,False,True
2021-09-18,17.38234,24.28582956781611,8,11.17724313298125,21,29.34026322407578,3,4.191466174867969,46,64.26914801464218,18.754255,26.202609296888113,8,11.17724313298125,24,33.53172939894375,3,4.191466174867969,47,65.66630340626484,98.13154860877991,137.10502222703764,64.0,89.41794506385,120.0,167.65864699471877,43.0,60.077681839774215,184.0,257.07659205856874,,,False,False,True
2021-09-19,7.2021594,10.062535875476897,3,4.191466174867969,10,13.971553916226561,1,1.3971553916226562,20,27.943107832453123,20.857635,29.141356935724616,9,12.574398524603907,26,36.32604018218906,4,5.588621566490625,50,69.85776958113281,108.90680450630188,152.15972910037428,68.0,95.00656663034063,131.0,183.02735630256797,45.0,62.87199262301953,206.0,287.8140106742672,,,False,False,True
2021-09-20,20.034664,27.991540264338255,8,11.17724313298125,25,34.92888479056641,3,4.191466174867969,55,76.84354653924609,23.215967,32.43631508667022,10,13.971553916226561,30,41.91466174867969,4,5.588621566490625,67,93.60941123871797,120.96436456298828,169.00601414338766,75.0,104.78665437169921,148.0,206.77899796015313,47.0,65.66630340626484,239.0,333.92013859781486,,,False,False,True
2021-09-21,38.216644,53.394591668620706,17,23.751641657585157,50,69.85776958113281,6,8.382932349735938,103,143.9070053371336,25.862257,36.13359294831753,11,15.368709307849219,34,47.503283315170314,4,5.588621566490625,65,90.81510045547266,134.46731719207764,187.87173721194517,81.0,113.16958672143517,164.0,229.1334842261156,52.0,72.65208036437812,277.0,387.0120434794758,,,False,False,True
