,Raw Prediction Mean,Raw Prediction Mean 100k,Raw Prediction Q25,Raw Prediction Q25 100k,Raw Prediction Q75,Raw Prediction Q75 100k,Raw Prediction Q5,Raw Prediction Q5 100k,Raw Prediction Q95,Raw Prediction Q95 100k,Trend Prediction Mean,Trend Prediction Mean 100k,Trend Prediction Q25,Trend Prediction Q25 100k,Trend Prediction Q75,Trend Prediction Q75 100k,Trend Prediction Q5,Trend Prediction Q5 100k,Trend Prediction Q95,Trend Prediction Q95 100k,Trend 7Day Prediction Mean,Trend 7Day Prediction Mean 100k,Trend 7Day Prediction Q25,Trend 7Day Prediction Q25 100k,Trend 7Day Prediction Q75,Trend 7Day Prediction Q75 100k,Trend 7Day Prediction Q5,Trend 7Day Prediction Q5 100k,Trend 7Day Prediction Q95,Trend 7Day Prediction Q95 100k,RKI Meldedaten,RKI 7Day Incidence,is_nowcast,is_high,is_prediction
2020-07-30,4.419721,0.8275484105979558,1,0.18723997049098065,6,1.1234398229458837,0,0.0,13,2.4341196163827483,3.3357282,0.6245816621230915,1,0.18723997049098065,5,0.9361998524549033,0,0.0,10,1.8723997049098067,,,,,,,,,,,1.0,,False,False,False
2020-07-31,3.2174997,0.6024445610819384,1,0.18723997049098065,4,0.7489598819639226,0,0.0,9,1.6851597344188258,3.4825046,0.6520640454255044,1,0.18723997049098065,5,0.9361998524549033,0,0.0,10,1.8723997049098067,,,,,,,,,,,10.0,,False,False,False
2020-08-01,2.0284986,0.3798160378210014,0,0.0,3,0.5617199114729419,0,0.0,7,1.3106797934368646,3.6391153,0.6813878371758619,1,0.18723997049098065,5,0.9361998524549033,0,0.0,10,1.8723997049098067,,,,,,,,,,,1.0,,False,False,False
2020-08-02,1.8588878,0.34805809718818637,0,0.0,3,0.5617199114729419,0,0.0,6,1.1234398229458837,3.8062937,0.7126903255993966,1,0.18723997049098065,5,0.9361998524549033,0,0.0,11,2.059639675400787,,,,,,,,,,,2.0,,False,False,False
2020-08-03,2.9800606,0.5579864591709338,1,0.18723997049098065,4,0.7489598819639226,0,0.0,9,1.6851597344188258,3.984857,0.7461245331796817,1,0.18723997049098065,6,1.1234398229458837,0,0.0,12,2.2468796458917675,,,,,,,,,,,3.0,,False,False,False
2020-08-04,4.965808,0.929797715798486,2,0.3744799409819613,7,1.3106797934368646,0,0.0,15,2.80859955736471,4.1756783,0.7818538506398909,1,0.18723997049098065,6,1.1234398229458837,0,0.0,12,2.2468796458917675,,,,,,,,,,,0.0,,False,False,False
2020-08-05,5.4465647,1.0198145901085809,2,0.3744799409819613,8,1.4979197639278452,0,0.0,15,2.80859955736471,4.379715,0.8200577212846838,1,0.18723997049098065,6,1.1234398229458837,0,0.0,13,2.4341196163827483,26.803890295028687,5.018759627884654,17.0,3.183079498346671,33.0,6.178919026202361,11.0,2.059639675400787,50.0,9.361998524549032,6.0,23.0,False,False,False
2020-08-06,6.2908955,1.1779070518969093,2,0.3744799409819613,9,1.6851597344188258,0,0.0,18,3.3703194688376517,4.598006,0.8609305041318294,2,0.3744799409819613,6,1.1234398229458837,0,0.0,13,2.4341196163827483,28.066171763420105,5.255109172777575,19.0,3.5575594393286325,35.0,6.5533989671843225,11.0,2.059639675400787,52.0,9.736478465530993,7.0,29.0,False,False,False
2020-08-07,4.4912863,0.8409482688875869,2,0.3744799409819613,6,1.1234398229458837,0,0.0,13,2.4341196163827483,4.831695,0.9046864761330653,2,0.3744799409819613,7,1.3106797934368646,0,0.0,14,2.621359586873729,29.415359691619873,5.507731080640487,20.0,3.7447994098196133,37.0,6.927878908166284,12.0,2.2468796458917675,52.0,9.736478465530993,6.0,25.0,False,False,False
2020-08-08,3.052647,0.5715775387216127,1,0.18723997049098065,4,0.7489598819639226,0,0.0,9,1.6851597344188258,5.0820074,0.9515549209027085,2,0.3744799409819613,7,1.3106797934368646,0,0.0,14,2.621359586873729,30.858252738952636,5.777898332244715,22.0,4.119279350801574,38.0,7.115118878657265,13.0,2.4341196163827483,54.0,10.110958406512955,1.0,25.0,False,False,False
2020-08-09,2.9263265,0.5479253104567761,1,0.18723997049098065,4,0.7489598819639226,0,0.0,9,1.6851597344188258,5.350295,1.0017891327152029,2,0.3744799409819613,7,1.3106797934368646,0,0.0,14,2.621359586873729,32.40225726890564,6.066997694871056,23.0,4.306519321292555,40.0,7.489598819639227,14.0,2.621359586873729,56.0,10.485438347494917,1.0,24.0,False,False,False
2020-08-10,4.2528906,0.7963110874698032,1,0.18723997049098065,6,1.1234398229458837,0,0.0,11,2.059639675400787,5.6380467,1.0556676897977013,2,0.3744799409819613,8,1.4979197639278452,0,0.0,16,2.9958395278556904,34.05544739151001,6.376540964643477,24.0,4.493759291783535,42.0,7.8640787606211875,15.0,2.80859955736471,58.0,10.859918288476878,2.0,23.0,False,False,False
2020-08-11,7.324446,1.3714290616917424,3,0.5617199114729419,10,1.8723997049098067,0,0.0,20,3.7447994098196133,5.946858,1.1134895430586766,2,0.3744799409819613,9,1.6851597344188258,0,0.0,17,3.183079498346671,35.82663050842285,6.7081772391883625,25.0,4.680999262274516,44.0,8.238558701603148,16.0,2.9958395278556904,63.0,11.796118140931782,6.0,29.0,False,False,False
2020-08-12,8.516962,1.5947156498441473,3,0.5617199114729419,12,2.2468796458917675,1,0.18723997049098065,24,4.493759291783535,6.278511,1.175588204205269,2,0.3744799409819613,9,1.6851597344188258,0,0.0,18,3.3703194688376517,37.72541953086853,7.063706439719688,27.0,5.0554792032564775,47.0,8.80027861307609,18.0,3.3703194688376517,65.0,12.170598081913742,6.0,29.0,False,False,False
2020-08-13,9.19508,1.7216863852809183,3,0.5617199114729419,13,2.4341196163827483,1,0.18723997049098065,25,4.680999262274516,6.6349034,1.2423191037669312,2,0.3744799409819613,10,1.8723997049098067,0,0.0,19,3.5575594393286325,39.76231572341919,7.445094822706065,29.0,5.429959144238439,50.0,9.361998524549032,18.0,3.3703194688376517,66.0,12.357838052404722,10.0,32.0,False,False,False
2020-08-14,7.009137,1.3123906683176756,2,0.3744799409819613,9,1.6851597344188258,0,0.0,20,3.7447994098196133,7.018173,1.3140825103619136,3,0.5617199114729419,10,1.8723997049098067,0,0.0,21,3.9320393803105937,41.94879582595825,7.854491292584595,31.0,5.804439085220401,52.0,9.736478465530993,19.0,3.5575594393286325,71.0,13.294037904859627,13.0,39.0,False,False,False
2020-08-15,4.7158813,0.8830014849081635,2,0.3744799409819613,7,1.3106797934368646,0,0.0,13,2.4341196163827483,7.430623,1.3913096154283267,3,0.5617199114729419,11,2.059639675400787,0,0.0,21,3.9320393803105937,44.297412179946896,8.294246149400063,33.0,6.178919026202361,55.0,10.298198377003935,22.0,4.119279350801574,77.0,14.41747772780551,4.0,42.0,False,False,False
2020-08-16,4.732503,0.8861136848281603,2,0.3744799409819613,7,1.3106797934368646,0,0.0,13,2.4341196163827483,7.8747945,1.474476266594138,3,0.5617199114729419,11,2.059639675400787,0,0.0,21,3.9320393803105937,46.82190241622925,8.766931626746342,35.0,6.5533989671843225,58.0,10.859918288476878,24.0,4.493759291783535,82.0,15.353677580260413,1.0,42.0,False,False,False
2020-08-17,7.0151668,1.3135196240909863,2,0.3744799409819613,10,1.8723997049098067,0,0.0,20,3.7447994098196133,8.353453,1.564100239193067,3,0.5617199114729419,11,2.059639675400787,0,0.0,25,4.680999262274516,49.537310705184936,9.275364594641367,37.0,6.927878908166284,61.0,11.42163819994982,25.0,4.680999262274516,86.0,16.102637462224337,9.0,49.0,False,False,False
2020-08-18,12.182604,2.2810703740105964,4,0.7489598819639226,17,3.183079498346671,1,0.18723997049098065,34,6.366158996693342,8.869674,1.6607575162197463,3,0.5617199114729419,12,2.2468796458917675,0,0.0,24,4.493759291783535,52.46012497138977,9.822632251596177,38.0,7.115118878657265,65.0,12.170598081913742,26.0,4.868239232765497,92.0,17.22607728517022,20.0,63.0,False,False,False
2020-08-19,13.002572,2.4346012651221827,5,0.9361998524549033,17,3.183079498346671,1,0.18723997049098065,35,6.5533989671843225,9.426806,1.765074921422638,3,0.5617199114729419,12,2.2468796458917675,0,0.0,27,5.0554792032564775,55.608426149368285,10.412120071257593,39.0,7.302358849148246,69.0,12.919557963877665,26.0,4.868239232765497,100.0,18.723997049098063,8.0,65.0,False,False,False
2020-08-20,15.466726,2.895989382523112,6,1.1234398229458837,21,3.9320393803105937,1,0.18723997049098065,46,8.61303864258511,10.0285425,1.8777440345729701,3,0.5617199114729419,14,2.621359586873729,1,0.18723997049098065,28,5.242719173747458,59.002053852081296,11.047542822170954,40.0,7.489598819639227,73.0,13.668517845841587,26.0,4.868239232765497,109.0,20.40915678351689,8.0,63.0,True,False,False
2020-08-21,10.488925,1.9639459424070083,4,0.7489598819639226,14,2.621359586873729,1,0.18723997049098065,29,5.429959144238439,10.6789055,1.9995179172838107,4,0.7489598819639226,15,2.80859955736471,1,0.18723997049098065,28,5.242719173747458,62.662795671463016,11.732980012407085,42.0,7.8640787606211875,78.0,14.604717698296492,27.0,5.0554792032564775,115.0,21.532596606462775,20.0,70.0,True,False,False
2020-08-22,8.531452,1.5974288544384763,3,0.5617199114729419,12,2.2468796458917675,0,0.0,24,4.493759291783535,11.382414,2.131242763425689,4,0.7489598819639226,15,2.80859955736471,1,0.18723997049098065,37,6.927878908166284,66.61458925247193,12.47291372590164,43.0,8.051318731112168,82.0,15.353677580260413,28.0,5.242719173747458,128.0,23.966716222845523,10.0,76.0,True,False,False
2020-08-23,9.125192,1.7086005755118094,3,0.5617199114729419,13,2.4341196163827483,0,0.0,28,5.242719173747458,12.143958,2.273834434163291,4,0.7489598819639226,16,2.9958395278556904,1,0.18723997049098065,38,7.115118878657265,70.88375881385804,13.27227290859657,46.0,8.61303864258511,88.0,16.477117403206297,27.0,5.0554792032564775,141.0,26.400835839228275,8.0,83.0,True,False,False
2020-08-24,12.292837,2.3017104467726313,4,0.7489598819639226,16,2.9958395278556904,1,0.18723997049098065,35,6.5533989671843225,12.968956,2.428307016089093,4,0.7489598819639226,17,3.183079498346671,1,0.18723997049098065,39,7.302358849148246,75.49926453590393,14.136480063793393,48.0,8.98751858356707,93.0,17.413317255661198,29.0,5.429959144238439,158.0,29.583915337574943,16.0,90.0,True,False,False
2020-08-25,23.631237,4.424712096806616,7,1.3106797934368646,30,5.61719911472942,2,0.3744799409819613,67,12.545078022895703,13.863405,2.595783553260844,5,0.9361998524549033,18,3.3703194688376517,1,0.18723997049098065,39,7.302358849148246,80.49299189758301,15.071505427634188,51.0,9.549238495040013,100.0,18.723997049098063,29.0,5.429959144238439,171.0,32.01803495395769,,,False,False,True
2020-08-26,27.748222,5.1955761591671035,9,1.6851597344188258,36,6.740638937675303,3,0.5617199114729419,73,13.668517845841587,14.833885,2.7774962291005068,5,0.9361998524549033,19,3.5575594393286325,1,0.18723997049098065,44,8.238558701603148,85.90007312011718,16.083927156183822,52.0,9.736478465530993,106.0,19.84743687204395,30.0,5.61719911472942,180.0,33.70319468837652,,,False,False,True
2020-08-27,33.122887,6.201928044902161,11,2.059639675400787,44,8.238558701603148,3,0.5617199114729419,101,18.911237019589045,15.887683,2.97480928566074,5,0.9361998524549033,23,4.306519321292555,1,0.18723997049098065,48,8.98751858356707,91.75923677062988,17.180996785207647,55.0,10.298198377003935,116.0,21.719836576953757,30.0,5.61719911472942,194.0,36.32455427525024,,,False,False,True
2020-08-28,23.488533,4.397992233862169,7,1.3106797934368646,31,5.804439085220401,2,0.3744799409819613,68,12.732317993386683,17.032875,3.1892348488327116,5,0.9361998524549033,21,3.9320393803105937,1,0.18723997049098065,48,8.98751858356707,98.11320784187316,18.37071414108778,56.0,10.485438347494917,119.0,22.2815564884267,30.0,5.61719911472942,212.0,39.6948737440879,,,False,False,True
2020-08-29,15.733874,2.9460101359291,5,0.9361998524549033,20,3.7447994098196133,1,0.18723997049098065,49,9.174758554058052,18.278368,3.422440931899473,5,0.9361998524549033,24,4.493759291783535,1,0.18723997049098065,54,10.110958406512955,105.00914911651611,19.661909981859463,57.0,10.672678317985897,128.0,23.966716222845523,31.0,5.804439085220401,238.0,44.5631129768534,,,False,False,True
