,Unnamed: 0,Raw Prediction Mean,Raw Prediction Mean 100k,Raw Prediction Q25,Raw Prediction Q25 100k,Raw Prediction Q75,Raw Prediction Q75 100k,Raw Prediction Q5,Raw Prediction Q5 100k,Raw Prediction Q95,Raw Prediction Q95 100k,Trend Prediction Mean,Trend Prediction Mean 100k,Trend Prediction Q25,Trend Prediction Q25 100k,Trend Prediction Q75,Trend Prediction Q75 100k,Trend Prediction Q5,Trend Prediction Q5 100k,Trend Prediction Q95,Trend Prediction Q95 100k,Trend 7Day Prediction Mean,Trend 7Day Prediction Mean 100k,Trend 7Day Prediction Q25,Trend 7Day Prediction Q25 100k,Trend 7Day Prediction Q75,Trend 7Day Prediction Q75 100k,Trend 7Day Prediction Q5,Trend 7Day Prediction Q5 100k,Trend 7Day Prediction Q95,Trend 7Day Prediction Q95 100k,RKI Meldedaten,RKI 7Day Incidence,is_nowcast,is_high,is_prediction
0,2020-03-10,0.9977573,0.6064361969038146,0,0.0,1,0.607799280365652,0,0.0,3,1.823397841096956,1.1372694,0.6912315257068258,0,0.0,2,1.215598560731304,0,0.0,4,2.431197121462608,,,,,,,,,,,0.0,,False,False,False
1,2020-03-11,1.1657592,0.708547622707556,0,0.0,2,1.215598560731304,0,0.0,4,2.431197121462608,1.2522731,0.7611306955368491,0,0.0,2,1.215598560731304,0,0.0,5,3.0389964018282605,,,,,,,,,,,0.0,,False,False,False
2,2020-03-12,1.4149623,0.860013096826151,0,0.0,2,1.215598560731304,0,0.0,5,3.0389964018282605,1.3807242,0.839203130453825,0,0.0,2,1.215598560731304,0,0.0,5,3.0389964018282605,,,,,,,,,,,1.0,,False,False,False
3,2020-03-13,1.3751411,0.8358098057215102,0,0.0,2,1.215598560731304,0,0.0,5,3.0389964018282605,1.5243595,0.9265046173823066,0,0.0,2,1.215598560731304,0,0.0,5,3.0389964018282605,,,,,,,,,,,0.0,,False,False,False
4,2020-03-14,1.1085591,0.6737814601365244,0,0.0,2,1.215598560731304,0,0.0,3,1.823397841096956,1.6851618,1.024240191327408,0,0.0,2,1.215598560731304,0,0.0,5,3.0389964018282605,,,,,,,,,,,2.0,,False,False,False
5,2020-03-15,0.9409776,0.571925511394511,0,0.0,1,0.607799280365652,0,0.0,3,1.823397841096956,1.8653909,1.1337832802382763,0,0.0,3,1.823397841096956,0,0.0,6,3.646795682193913,,,,,,,,,,,2.0,,False,False,False
6,2020-03-16,1.7078297,1.0380176718172152,0,0.0,3,1.823397841096956,0,0.0,5,3.0389964018282605,2.0676317,1.2567050362122243,1,0.607799280365652,3,1.823397841096956,0,0.0,7,4.2545949625595645,10.91280943441391,6.632797721004273,7.0,4.2545949625595645,14.0,8.509189925119129,3.0,1.823397841096956,23.0,13.979383448409996,4.0,9.0,False,False,False
7,2020-03-17,2.240464,1.3617524018627591,1,0.607799280365652,3,1.823397841096956,0,0.0,7,4.2545949625595645,2.2948375,1.3948005289421417,1,0.607799280365652,3,1.823397841096956,0,0.0,7,4.2545949625595645,12.070379007339476,7.336367674401607,8.0,4.862394242925216,16.0,9.724788485850432,4.0,2.431197121462608,25.0,15.1949820091413,5.0,14.0,False,False,False
8,2020-03-18,2.7479346,1.670192614255939,1,0.607799280365652,4,2.431197121462608,0,0.0,7,4.2545949625595645,2.5504026,1.5501329471589995,1,0.607799280365652,4,2.431197121462608,0,0.0,8,4.862394242925216,13.368507274150849,8.12536910079187,9.0,5.4701935232908685,17.0,10.332587766216085,5.0,3.0389964018282605,27.0,16.410580569872604,0.0,14.0,False,False,False
9,2020-03-19,3.4779882,2.1139187083463185,1,0.607799280365652,5,3.0389964018282605,0,0.0,10,6.077992803656521,2.8381994,1.725055517454166,1,0.607799280365652,4,2.431197121462608,0,0.0,9,5.4701935232908685,14.82598218345642,9.011221301818791,10.0,6.077992803656521,19.0,11.54818632694739,5.0,3.0389964018282605,29.0,17.62617913060391,4.0,17.0,False,False,False
10,2020-03-20,3.5000253,2.1273128368193284,1,0.607799280365652,5,3.0389964018282605,0,0.0,10,6.077992803656521,3.162687,1.9222788978368044,1,0.607799280365652,5,3.0389964018282605,0,0.0,9,5.4701935232908685,16.46430970621109,10.00699559115232,11.0,6.6857920840221725,21.0,12.763784887678693,7.0,4.2545949625595645,31.0,18.841777691335214,6.0,23.0,False,False,False
11,2020-03-21,2.7954562,1.699076165095903,1,0.607799280365652,4,2.431197121462608,0,0.0,8,4.862394242925216,3.528988,2.144916288671084,1,0.607799280365652,5,3.0389964018282605,0,0.0,10,6.077992803656521,18.308134408950806,11.127670918597932,13.0,7.901390644753477,23.0,13.979383448409996,8.0,4.862394242925216,35.0,21.27297481279782,2.0,23.0,False,False,False
12,2020-03-22,2.323216,1.412049005011795,1,0.607799280365652,3,1.823397841096956,0,0.0,7,4.2545949625595645,3.9429832,2.3965423679328524,1,0.607799280365652,6,3.646795682193913,0,0.0,11,6.6857920840221725,20.38572845363617,12.39043108384966,14.0,8.509189925119129,25.0,15.1949820091413,9.0,5.4701935232908685,36.0,21.880774093163478,0.0,21.0,False,False,False
13,2020-03-23,3.86676,2.350213981117122,1,0.607799280365652,5,3.0389964018282605,0,0.0,11,6.6857920840221725,4.4114647,2.681285150174517,2,1.215598560731304,6,3.646795682193913,0,0.0,12,7.293591364387825,22.72956187915802,13.815011353178802,16.0,9.724788485850432,29.0,17.62617913060391,9.0,5.4701935232908685,40.0,24.311971214626084,4.0,21.0,False,False,False
14,2020-03-24,5.599488,3.4033644624287263,2,1.215598560731304,8,4.862394242925216,0,0.0,16,9.724788485850432,4.9422455,3.003893289132975,2,1.215598560731304,7,4.2545949625595645,0,0.0,14,8.509189925119129,25.37696996498108,15.424104082576267,18.0,10.940387046581735,32.0,19.449576971700864,11.0,6.6857920840221725,46.0,27.958766896819995,3.0,19.0,False,False,False
15,2020-03-25,7.0722523,4.298509884392843,3,1.823397841096956,10,6.077992803656521,0,0.0,19,11.54818632694739,5.5443606,3.369858313817531,2,1.215598560731304,8,4.862394242925216,0,0.0,16,9.724788485850432,28.37092867183685,17.243830030047683,20.0,12.155985607313042,35.0,21.27297481279782,11.0,6.6857920840221725,50.0,30.3899640182826,11.0,30.0,False,False,False
16,2020-03-26,8.950071,5.439846790977754,3,1.823397841096956,12,7.293591364387825,1,0.607799280365652,22,13.371584168044343,6.228235,3.7855166738154367,2,1.215598560731304,8,4.862394242925216,0,0.0,18,10.940387046581735,31.760963983535767,19.304291052912436,22.0,13.371584168044343,40.0,24.311971214626084,13.0,7.901390644753477,59.0,35.86015754157347,4.0,30.0,False,False,False
17,2020-03-27,9.055656,5.504021464730613,4,2.431197121462608,12,7.293591364387825,1,0.607799280365652,25,15.1949820091413,7.005939,4.258204717189074,3,1.823397841096956,10,6.077992803656521,0,0.0,20,12.155985607313042,35.60421470451355,21.640216075387503,25.0,15.1949820091413,44.0,26.74316833608869,15.0,9.11698920548478,65.0,39.50695322376738,10.0,34.0,False,False,False
18,2020-03-28,6.8012404,4.133789116167463,2,1.215598560731304,9,5.4701935232908685,0,0.0,18,10.940387046581735,7.8914523,4.796418943442404,3,1.823397841096956,11,6.6857920840221725,1,0.607799280365652,24,14.58718272877565,39.96667800712586,24.29171813133683,28.0,17.018379850238258,50.0,30.3899640182826,17.0,10.332587766216085,77.0,46.800544588155205,5.0,37.0,False,False,False
19,2020-03-29,5.8230786,3.5392629797570407,2,1.215598560731304,8,4.862394242925216,0,0.0,15,9.11698920548478,8.900984,5.410011726780795,3,1.823397841096956,12,7.293591364387825,1,0.607799280365652,26,15.802781289506957,44.92467306137085,27.305183957363397,31.0,18.841777691335214,57.0,34.64455898084217,20.0,12.155985607313042,86.0,52.27073811144608,7.0,44.0,False,False,False
20,2020-03-30,9.503632,5.7763005315791816,4,2.431197121462608,13,7.901390644753477,0,0.0,27,16.410580569872604,10.05335,6.110419053584337,4,2.431197121462608,14,8.509189925119129,1,0.607799280365652,30,18.23397841096956,50.56655543708801,30.734316005231943,35.0,21.27297481279782,65.0,39.50695322376738,23.0,13.979383448409996,102.0,61.9955265972965,6.0,46.0,False,False,False
21,2020-03-31,12.031319,7.3126269853673875,4,2.431197121462608,17,10.332587766216085,1,0.607799280365652,34,20.66517553243217,11.370427,6.910937372595072,4,2.431197121462608,16,9.724788485850432,1,0.607799280365652,31,18.841777691335214,56.99472958946228,34.64135562911011,38.0,23.09637265389478,73.0,44.3693474666926,26.0,15.802781289506957,112.0,68.07351940095303,20.0,63.0,True,False,False
22,2020-04-01,15.382295,9.34934796532616,5,3.0389964018282605,20,12.155985607313042,1,0.607799280365652,45,27.35096761645434,12.877659,7.827032095519826,5,3.0389964018282605,17,10.332587766216085,1,0.607799280365652,37,22.488573373529125,64.32803160476685,39.09853131671621,42.0,25.527569775357385,82.0,49.83954098998347,27.0,16.410580569872604,130.0,79.01390644753477,6.0,58.0,True,False,False
23,2020-04-02,21.657236,13.163252151571214,8,4.862394242925216,28,17.018379850238258,2,1.215598560731304,63,38.29135466303608,14.60471,8.876732317730784,5,3.0389964018282605,19,11.54818632694739,1,0.607799280365652,42,25.527569775357385,72.7045099029541,44.18974879835292,46.0,27.958766896819995,92.0,55.91753379363999,30.0,18.23397841096956,152.0,92.38549061557912,8.0,62.0,True,False,False
24,2020-04-03,18.982864,11.537771206349134,6,3.646795682193913,25,15.1949820091413,1,0.607799280365652,58,35.25235826120782,16.586172,10.081063373945652,6,3.646795682193913,23,13.979383448409996,1,0.607799280365652,57,34.64455898084217,82.28474029541016,50.01260593662486,51.0,30.99776329864825,104.0,63.21112515802782,31.0,18.841777691335214,177.0,107.5804726247204,5.0,57.0,True,False,False
25,2020-04-04,16.45581,10.00182965071872,5,3.0389964018282605,22,13.371584168044343,1,0.607799280365652,46,27.958766896819995,18.862417,11.464563431218266,6,3.646795682193913,24,14.58718272877565,1,0.607799280365652,55,33.42896042011086,93.25569664001463,56.68074530779845,56.0,34.03675970047652,115.0,69.89691724205,34.0,20.66517553243217,218.0,132.50024311971214,1.0,53.0,True,False,False
26,2020-04-05,16.542646,10.054608719656244,5,3.0389964018282605,21,12.763784887678693,1,0.607799280365652,53,32.21336185937956,21.480642,13.055918680038303,6,3.646795682193913,26,15.802781289506957,1,0.607799280365652,62,37.68355538267043,105.83536309242248,64.32665752481188,59.0,35.86015754157347,130.0,79.01390644753477,34.0,20.66517553243217,249.0,151.34202081104738,,,False,False,True
27,2020-04-06,31.246845,18.991809338331223,11,6.6857920840221725,38,23.09637265389478,3,1.823397841096956,99,60.17212875619956,24.496174,14.888757141306996,8,4.862394242925216,30,18.23397841096956,2,1.215598560731304,72,43.76154818632695,120.2781845588684,73.1049940185673,66.0,40.11475250413304,147.0,89.34649421375084,35.0,21.27297481279782,296.0,179.908586988233,,,False,False,True
28,2020-04-07,39.951244,24.2823371081613,12,7.293591364387825,51,30.99776329864825,3,1.823397841096956,115,69.89691724205,27.973742,17.002419917844236,8,4.862394242925216,36,21.880774093163478,2,1.215598560731304,88,53.48633667217738,136.881488735199,83.19647034863306,74.0,44.97714674705825,175.0,106.36487406398912,37.0,22.488573373529125,344.0,209.08295244578431,,,False,False,True
29,2020-04-08,45.955284,27.93158928398043,13,7.901390644753477,55,33.42896042011086,3,1.823397841096956,138,83.87630069045998,31.989323,19.443087512627244,9,5.4701935232908685,40,24.311971214626084,2,1.215598560731304,106,64.42672371875912,155.9931577987671,94.81252905205623,80.0,48.62394242925217,199.0,120.95205679276476,40.0,24.311971214626084,394.0,239.4729164640669,,,False,False,True
30,2020-04-09,56.8244,34.53782992437482,16,9.724788485850432,70,42.54594962559564,4,2.431197121462608,188,114.26626470874258,36.632263,22.26506330771372,11,6.6857920840221725,47,28.56656617718565,3,1.823397841096956,134,81.44510356899738,178.02068029022217,108.20084137060084,87.0,52.87853739181173,229.0,139.18603520373432,41.0,24.91977049499173,476.0,289.3124574540504,,,False,False,True
