,Unnamed: 0,Raw Prediction Mean,Raw Prediction Mean 100k,Raw Prediction Q25,Raw Prediction Q25 100k,Raw Prediction Q75,Raw Prediction Q75 100k,Raw Prediction Q5,Raw Prediction Q5 100k,Raw Prediction Q95,Raw Prediction Q95 100k,Trend Prediction Mean,Trend Prediction Mean 100k,Trend Prediction Q25,Trend Prediction Q25 100k,Trend Prediction Q75,Trend Prediction Q75 100k,Trend Prediction Q5,Trend Prediction Q5 100k,Trend Prediction Q95,Trend Prediction Q95 100k,Trend 7Day Prediction Mean,Trend 7Day Prediction Mean 100k,Trend 7Day Prediction Q25,Trend 7Day Prediction Q25 100k,Trend 7Day Prediction Q75,Trend 7Day Prediction Q75 100k,Trend 7Day Prediction Q5,Trend 7Day Prediction Q5 100k,Trend 7Day Prediction Q95,Trend 7Day Prediction Q95 100k,RKI Meldedaten,RKI 7Day Incidence,is_nowcast,is_high,is_prediction
0,2020-05-17,11.99206,3.348998143337667,2,0.5585359655271602,15,4.189019741453701,0,0.0,39,10.891451327779624,30.493467,8.515849185641855,7,1.954875879345061,37,10.332915362252464,1,0.2792679827635801,102,28.48533424188517,,,,,,,,,,,0.0,,False,False,False
1,2020-05-18,21.258732,5.936883098911494,5,1.3963399138179005,28,7.819503517380244,0,0.0,72,20.10729475897777,25.281355,7.06027276464738,5,1.3963399138179005,33,9.215843431198143,1,0.2792679827635801,85,23.737778534904308,,,,,,,,,,,45.0,,False,False,False
2,2020-05-19,26.471815,7.392730185529217,6,1.675607896581481,36,10.053647379488885,1,0.2792679827635801,83,23.17924256937715,20.996641,5.863689511897974,4,1.1170719310543205,30,8.378039482907402,0,0.0,73,20.386562741741347,,,,,,,,,,,14.0,,False,False,False
3,2020-05-20,24.712202,6.901326560182497,6,1.675607896581481,33,9.215843431198143,1,0.2792679827635801,79,22.06217063832283,17.468435,4.878374602412805,4,1.1170719310543205,24,6.702431586325923,1,0.2792679827635801,55,15.359739051996906,,,,,,,,,,,1.0,,False,False,False
4,2020-05-21,21.03391,5.874097769265063,5,1.3963399138179005,28,7.819503517380244,1,0.2792679827635801,70,19.54875879345061,14.558381,4.065689790877514,4,1.1170719310543205,20,5.585359655271602,0,0.0,45,12.567059224361104,,,,,,,,,,,3.0,,False,False,False
5,2020-05-22,14.725518,4.112365786568262,3,0.8378039482907403,20,5.585359655271602,0,0.0,48,13.404863172651844,12.154191,3.3942764275707304,2,0.5585359655271602,16,4.468287724217282,0,0.0,41,11.449987293306783,,,,,,,,,,,53.0,,False,True,False
6,2020-05-23,9.111519,2.5445555365877226,2,0.5585359655271602,13,3.630483775926541,0,0.0,29,8.098771500143823,10.1646385,2.838658110704273,2,0.5585359655271602,14,3.909751758690122,0,0.0,36,10.053647379488885,131.11710094833373,36.61680828764986,77.0,21.503634672795663,162.0,45.24141320769998,43.0,12.008523258833945,273.0,76.24015929445737,3.0,119.0,False,False,False
7,2020-05-24,3.0053744,0.8393048119614832,0,0.0,4,1.1170719310543205,0,0.0,11,3.0719478103993807,8.515482,2.3781014533597045,2,0.5585359655271602,12,3.3512157931629614,0,0.0,25,6.981699569089502,109.13913530921936,30.479066158367107,65.0,18.152418879632705,138.0,38.538981621374056,36.0,10.053647379488885,219.0,61.15968822522404,0.0,119.0,False,False,False
8,2020-05-25,5.6093116,1.5665011233068071,1,0.2792679827635801,8,2.234143862108641,0,0.0,18,5.026823689744441,7.146243,1.9957169570261613,2,0.5585359655271602,10,2.792679827635801,0,0.0,24,6.702431586325923,91.0040152606964,25.414507765240742,55.0,15.359739051996906,117.0,32.67435398333887,33.0,9.215843431198143,183.0,51.106040845735166,19.0,93.0,False,False,False
9,2020-05-26,7.765979,2.1687892513000406,2,0.5585359655271602,11,3.0719478103993807,0,0.0,26,7.260967551853082,6.0075254,1.677709587966092,1,0.2792679827635801,8,2.234143862108641,0,0.0,20,5.585359655271602,76.0148991279602,21.22852753944247,47.0,13.125595189888266,97.0,27.088994328067272,27.0,7.540235534616663,150.0,41.89019741453702,3.0,82.0,False,False,False
10,2020-05-27,8.198283,2.289517942699604,2,0.5585359655271602,12,3.3512157931629614,0,0.0,26,7.260967551853082,5.0589504,1.412802885170095,1,0.2792679827635801,7,1.954875879345061,0,0.0,18,5.026823689744441,63.60541288375855,17.76295534889188,39.0,10.891451327779624,81.0,22.62070660384999,23.0,6.423163603562342,124.0,34.629229862683935,4.0,85.0,False,False,False
11,2020-05-28,6.762187,1.888462247734424,1,0.2792679827635801,9,2.5134118448722207,0,0.0,23,6.423163603562342,4.267493,1.191774117614841,1,0.2792679827635801,6,1.675607896581481,0,0.0,13,3.630483775926541,53.31452223014831,14.889039075217568,33.0,9.215843431198143,68.0,18.990222827923446,20.0,5.585359655271602,108.0,30.16094213846665,1.0,83.0,False,False,False
12,2020-05-29,4.567777,1.2756338946928736,1,0.2792679827635801,6,1.675607896581481,0,0.0,16,4.468287724217282,3.606031,1.0070490134239662,1,0.2792679827635801,4,1.1170719310543205,0,0.0,12,3.3512157931629614,44.76636570739746,12.501812646761598,28.0,7.819503517380244,56.0,15.639007034760487,17.0,4.747555706980862,88.0,24.57558248319505,3.0,33.0,False,False,False
13,2020-05-30,2.92116,0.8157864613167476,0,0.0,4,1.1170719310543205,0,0.0,10,2.792679827635801,3.052319,0.8524149961885996,0,0.0,4,1.1170719310543205,0,0.0,10,2.792679827635801,37.654049879074094,10.51557055260825,23.0,6.423163603562342,47.0,13.125595189888266,13.0,3.630483775926541,72.0,20.10729475897777,0.0,30.0,False,False,False
14,2020-05-31,1.0224657,0.2855419324987451,0,0.0,1,0.2792679827635801,0,0.0,4,1.1170719310543205,2.5880427,0.722757476978586,0,0.0,4,1.1170719310543205,0,0.0,9,2.5134118448722207,31.72660645389557,8.860225384313397,19.0,5.306091672508022,40.0,11.170719310543204,10.0,2.792679827635801,61.0,17.035346948578386,4.0,34.0,False,False,False
15,2020-06-01,1.8451463,0.5152902758709388,0,0.0,3,0.8378039482907403,0,0.0,7,1.954875879345061,2.1981266,0.6138663593446836,0,0.0,3,0.8378039482907403,0,0.0,8,2.234143862108641,26.778490594863893,7.478375049881142,16.0,4.468287724217282,34.0,9.495111413961723,8.0,2.234143862108641,51.0,14.242667120942585,0.0,15.0,False,False,False
16,2020-06-02,2.5637305,0.7159678261814406,0,0.0,3,0.8378039482907403,0,0.0,9,2.5134118448722207,1.8701296,0.5222673280513845,0,0.0,3,0.8378039482907403,0,0.0,7,1.954875879345061,22.64109741306305,6.3229336020998295,14.0,3.909751758690122,29.0,8.098771500143823,7.0,1.954875879345061,44.0,12.287791241597525,1.0,13.0,False,False,False
17,2020-06-03,2.7850316,0.7777701284794603,0,0.0,4,1.1170719310543205,0,0.0,9,2.5134118448722207,1.593774,0.4450900178198935,0,0.0,2,0.5585359655271602,0,0.0,6,1.675607896581481,19.17591424226761,5.3552188880854805,11.0,3.0719478103993807,24.0,6.702431586325923,5.0,1.3963399138179005,39.0,10.891451327779624,2.0,11.0,False,False,False
18,2020-06-04,2.2080576,0.616639817963005,0,0.0,3,0.8378039482907403,0,0.0,8,2.234143862108641,1.3605533,0.379958964913385,0,0.0,2,0.5585359655271602,0,0.0,5,1.3963399138179005,16.26897346496582,4.543403401195217,9.0,2.5134118448722207,20.0,5.585359655271602,4.0,1.1170719310543205,34.0,9.495111413961723,1.0,11.0,False,False,False
19,2020-06-05,1.5073271,0.4209482085570926,0,0.0,2,0.5585359655271602,0,0.0,6,1.675607896581481,1.1634196,0.3249058408982819,0,0.0,2,0.5585359655271602,0,0.0,4,1.1170719310543205,13.826359823226928,3.8612596167959934,8.0,2.234143862108641,18.0,5.026823689744441,4.0,1.1170719310543205,30.0,8.378039482907402,0.0,8.0,False,False,False
20,2020-06-06,0.99504316,0.277883691524039,0,0.0,1,0.2792679827635801,0,0.0,4,1.1170719310543205,0.99652314,0.2782970113912597,0,0.0,1,0.2792679827635801,0,0.0,4,1.1170719310543205,11.770564207553864,3.287141722232765,6.0,1.675607896581481,15.0,4.189019741453701,3.0,0.8378039482907403,27.0,7.540235534616663,3.0,11.0,False,False,False
21,2020-06-07,0.3366802,0.0940239999636105,0,0.0,0,0.0,0,0.0,2,0.5585359655271602,0.8549998,0.2387740551057504,0,0.0,1,0.2792679827635801,0,0.0,3,0.8378039482907403,10.037521800518036,2.8031584651761303,5.0,1.3963399138179005,13.0,3.630483775926541,2.0,0.5585359655271602,23.0,6.423163603562342,0.0,7.0,True,False,False
22,2020-06-08,0.6036666,0.1685847564658615,0,0.0,1,0.2792679827635801,0,0.0,3,0.8378039482907403,0.73480105,0.2052064019153476,0,0.0,1,0.2792679827635801,0,0.0,3,0.8378039482907403,8.574197343349457,2.3944987958940502,4.0,1.1170719310543205,11.0,3.0719478103993807,1.0,0.2792679827635801,21.0,5.864627638035182,2.0,9.0,True,False,False
23,2020-06-09,0.86360407,0.241176962845202,0,0.0,1,0.2792679827635801,0,0.0,4,1.1170719310543205,0.6325531,0.1766518266776984,0,0.0,1,0.2792679827635801,0,0.0,3,0.8378039482907403,7.336621626734733,2.0488835219978645,3.0,0.8378039482907403,10.0,2.792679827635801,1.0,0.2792679827635801,18.0,5.026823689744441,1.0,9.0,True,False,False
24,2020-06-10,0.95389664,0.2663927944013267,0,0.0,1,0.2792679827635801,0,0.0,4,1.1170719310543205,0.5454364,0.1523229229860589,0,0.0,1,0.2792679827635801,0,0.0,2,0.5585359655271602,6.288285433411598,1.7561167880304622,3.0,0.8378039482907403,9.0,2.5134118448722207,1.0,0.2792679827635801,17.0,4.747555706980862,1.0,8.0,True,False,False
25,2020-06-11,0.77716386,0.2170369953091722,0,0.0,1,0.2792679827635801,0,0.0,3,0.8378039482907403,0.4710969,0.1315622853326203,0,0.0,1,0.2792679827635801,0,0.0,2,0.5585359655271602,5.398828989982605,1.5077200813179787,2.0,0.5585359655271602,7.0,1.954875879345061,0.0,0.0,14.0,3.909751758690122,2.0,9.0,True,False,False
26,2020-06-12,0.52894855,0.1477183900533418,0,0.0,1,0.2792679827635801,0,0.0,3,0.8378039482907403,0.40755904,0.1138181914939195,0,0.0,1,0.2792679827635801,0,0.0,2,0.5585359655271602,4.64296844381094,1.29663243133804,2.0,0.5585359655271602,7.0,1.954875879345061,0.0,0.0,13.0,3.630483775926541,,,False,False,True
27,2020-06-13,0.34065562,0.0951342087773809,0,0.0,0,0.0,0,0.0,2,0.5585359655271602,0.35316965,0.0986289705906529,0,0.0,0,0.0,0,0.0,2,0.5585359655271602,3.999615347564221,1.1169645099445151,1.0,0.2792679827635801,5.0,1.3963399138179005,0.0,0.0,12.0,3.3512157931629614,,,False,False,True
28,2020-06-14,0.11678735,0.0326149688589794,0,0.0,0,0.0,0,0.0,1,0.2792679827635801,0.30653882,0.085606478705813,0,0.0,0,0.0,0,0.0,2,0.5585359655271602,3.4511546058654785,0.9637969849852904,1.0,0.2792679827635801,5.0,1.3963399138179005,0.0,0.0,10.0,2.792679827635801,,,False,False,True
29,2020-06-15,0.21459644,0.0599299141867959,0,0.0,0,0.0,0,0.0,1,0.2792679827635801,0.26649716,0.0744241276606771,0,0.0,0,0.0,0,0.0,1,0.2792679827635801,2.982850887089968,0.8330147501221707,1.0,0.2792679827635801,4.0,1.1170719310543205,0.0,0.0,9.0,2.5134118448722207,,,False,False,True
30,2020-06-16,0.30401894,0.0849027571803162,0,0.0,0,0.0,0,0.0,2,0.5585359655271602,0.23206103,0.0648072159492585,0,0.0,0,0.0,0,0.0,1,0.2792679827635801,2.5823591122478247,0.7211702200485994,1.0,0.2792679827635801,4.0,1.1170719310543205,0.0,0.0,8.0,2.234143862108641,,,False,False,True
