,Unnamed: 0,Raw Prediction Mean,Raw Prediction Mean 100k,Raw Prediction Q25,Raw Prediction Q25 100k,Raw Prediction Q75,Raw Prediction Q75 100k,Raw Prediction Q5,Raw Prediction Q5 100k,Raw Prediction Q95,Raw Prediction Q95 100k,Trend Prediction Mean,Trend Prediction Mean 100k,Trend Prediction Q25,Trend Prediction Q25 100k,Trend Prediction Q75,Trend Prediction Q75 100k,Trend Prediction Q5,Trend Prediction Q5 100k,Trend Prediction Q95,Trend Prediction Q95 100k,Trend 7Day Prediction Mean,Trend 7Day Prediction Mean 100k,Trend 7Day Prediction Q25,Trend 7Day Prediction Q25 100k,Trend 7Day Prediction Q75,Trend 7Day Prediction Q75 100k,Trend 7Day Prediction Q5,Trend 7Day Prediction Q5 100k,Trend 7Day Prediction Q95,Trend 7Day Prediction Q95 100k,RKI Meldedaten,RKI 7Day Incidence,is_nowcast,is_high,is_prediction
0,2020-08-11,9.322094,3.6974535760236895,4,1.5865335036212629,13,5.156233886769104,0,0.0,24,9.519201021727577,10.058408,3.989500328316353,4,1.5865335036212629,13,5.156233886769104,1,0.3966333759053157,25,9.915834397632892,,,,,,,,,,,10.0,,False,False,False
1,2020-08-12,10.770273,4.2718496843008325,4,1.5865335036212629,14,5.552867262674419,1,0.3966333759053157,28,11.105734525348838,8.805998,3.4927525121020158,4,1.5865335036212629,12,4.759600510863788,1,0.3966333759053157,23,9.12256764582226,,,,,,,,,,,4.0,,False,False,False
2,2020-08-13,10.447141,4.1436847823206335,4,1.5865335036212629,14,5.552867262674419,1,0.3966333759053157,27,10.709101149443525,7.7192807,3.0617244192399085,3,1.189900127715947,11,4.362967134958473,1,0.3966333759053157,20,7.932667518106314,,,,,,,,,,,5.0,,False,False,False
3,2020-08-14,6.9738574,2.7660646082949825,3,1.189900127715947,10,3.966333759053157,1,0.3966333759053157,19,7.536034142200997,6.7751822,2.687263440748211,3,1.189900127715947,9,3.569700383147841,0,0.0,18,7.139400766295682,,,,,,,,,,,19.0,,False,True,False
4,2020-08-15,3.8036,1.508634704805445,1,0.3966333759053157,6,2.379800255431894,0,0.0,11,4.362967134958473,5.954028,2.361566293984652,2,0.7932667518106314,8,3.1730670072425258,0,0.0,15,5.949500638579735,,,,,,,,,,,7.0,,False,False,False
5,2020-08-16,2.5037715,0.9930793567036744,1,0.3966333759053157,4,1.5865335036212629,0,0.0,7,2.7764336313372096,5.238956,2.0779447368113324,2,0.7932667518106314,8,3.1730670072425258,0,0.0,14,5.552867262674419,,,,,,,,,,,1.0,,False,False,False
6,2020-08-17,5.3526955,2.123057674907613,2,0.7932667518106314,7,2.7764336313372096,0,0.0,15,5.949500638579735,4.615535,1.830675137171056,2,0.7932667518106314,6,2.379800255431894,0,0.0,12,4.759600510863788,49.16738999938965,19.501427879911173,34.0,13.485534780780734,59.0,23.401369178413624,23.0,9.12256764582226,83.0,32.9205702001412,2.0,48.0,False,False,False
7,2020-08-18,5.120523,2.0309702449594624,2,0.7932667518106314,7,2.7764336313372096,0,0.0,13,5.156233886769104,4.071369,1.6148409486049786,1,0.3966333759053157,6,2.379800255431894,0,0.0,12,4.759600510863788,43.18035329055786,17.12676929841817,31.0,12.295634653064786,53.0,21.02156892298173,20.0,7.932667518106314,77.0,30.540769944709307,3.0,41.0,False,False,False
8,2020-08-19,5.497082,2.1803263734909706,2,0.7932667518106314,7,2.7764336313372096,0,0.0,14,5.552867262674419,3.5958369,1.4262289369071368,1,0.3966333759053157,5,1.9831668795265784,0,0.0,10,3.966333759053157,37.97018288612366,15.06024182186547,28.0,11.105734525348838,46.0,18.24513529164452,18.0,7.139400766295682,66.0,26.17780280975084,5.0,42.0,False,False,False
9,2020-08-20,4.8484583,1.923060335684568,2,0.7932667518106314,7,2.7764336313372096,0,0.0,13,5.156233886769104,3.1797893,1.2612105820153374,1,0.3966333759053157,5,1.9831668795265784,0,0.0,9,3.569700383147841,33.430695526123046,13.259729625388918,25.0,9.915834397632892,41.0,16.261968412117945,16.0,6.346134014485052,60.0,23.79800255431894,5.0,42.0,False,False,False
10,2020-08-21,3.164772,1.2552542102639563,1,0.3966333759053157,5,1.9831668795265784,0,0.0,10,3.966333759053157,2.8153687,1.1166691365360748,1,0.3966333759053157,4,1.5865335036212629,0,0.0,8,3.1730670072425258,29.470882387161254,11.689135572128276,21.0,8.329300894011629,37.0,14.67543490849668,14.0,5.552867262674419,52.0,20.62493554707641,3.0,26.0,False,False,False
11,2020-08-22,1.6478093,0.6535761713166721,0,0.0,2,0.7932667518106314,0,0.0,5,1.9831668795265784,2.4957988,0.98991713457508,1,0.3966333759053157,4,1.5865335036212629,0,0.0,7,2.7764336313372096,26.01265404701233,10.317486790923573,19.0,7.536034142200997,33.0,13.088901404875418,12.0,4.759600510863788,46.0,18.24513529164452,2.0,21.0,False,False,False
12,2020-08-23,1.0244789,0.4063425421918509,0,0.0,2,0.7932667518106314,0,0.0,3,1.189900127715947,2.2152374,0.8786370926827658,1,0.3966333759053157,3,1.189900127715947,0,0.0,6,2.379800255431894,22.98893355751037,9.118178325378338,16.0,6.346134014485052,29.0,11.502367901254155,11.0,4.362967134958473,40.0,15.865335036212628,0.0,20.0,False,False,False
13,2020-08-24,2.2212975,0.8810407052806113,1,0.3966333759053157,3,1.189900127715947,0,0.0,7,2.7764336313372096,1.968638,0.7808274858689401,1,0.3966333759053157,3,1.189900127715947,0,0.0,6,2.379800255431894,20.342039628982544,8.068331850843062,15.0,5.949500638579735,26.0,10.312467773538208,9.0,3.569700383147841,36.0,14.278801532591364,1.0,19.0,False,False,False
14,2020-08-25,2.231608,0.8851301572576631,1,0.3966333759053157,3,1.189900127715947,0,0.0,7,2.7764336313372096,1.7516451,0.6947609108465258,0,0.0,3,1.189900127715947,0,0.0,6,2.379800255431894,18.0223148355484,7.148251574852016,13.0,5.156233886769104,23.0,9.12256764582226,8.0,3.1730670072425258,33.0,13.088901404875418,1.0,17.0,False,False,False
15,2020-08-26,2.210079,0.8765910934016574,1,0.3966333759053157,3,1.189900127715947,0,0.0,7,2.7764336313372096,1.5604851,0.6189404757606098,0,0.0,2,0.7932667518106314,0,0.0,5,1.9831668795265784,15.986964537620544,6.340963715035,11.0,4.362967134958473,20.0,7.932667518106314,7.0,2.7764336313372096,29.0,11.502367901254155,1.0,13.0,False,False,False
16,2020-08-27,2.006584,0.7958781679917593,0,0.0,3,1.189900127715947,0,0.0,7,2.7764336313372096,1.3918929,0.5520711965800729,0,0.0,2,0.7932667518106314,0,0.0,4,1.5865335036212629,14.199066884994506,5.6318238333007455,10.0,3.966333759053157,18.0,7.139400766295682,5.0,1.9831668795265784,27.0,10.709101149443525,2.0,10.0,False,False,False
17,2020-08-28,1.3433404,0.5328136467142031,0,0.0,2,0.7932667518106314,0,0.0,4,1.5865335036212629,1.2430365,0.4930297563987551,0,0.0,2,0.7932667518106314,0,0.0,4,1.5865335036212629,12.626733186244964,5.008183810316023,8.0,3.1730670072425258,16.0,6.346134014485052,4.0,1.5865335036212629,24.0,9.519201021727577,3.0,10.0,False,False,False
18,2020-08-29,0.66908795,0.2653826186360675,0,0.0,1,0.3966333759053157,0,0.0,3,1.189900127715947,1.1114593,0.4408418590173824,0,0.0,2,0.7932667518106314,0,0.0,4,1.5865335036212629,11.242391729831697,4.459107785053147,7.0,2.7764336313372096,15.0,5.949500638579735,4.0,1.5865335036212629,23.0,9.12256764582226,2.0,10.0,False,False,False
19,2020-08-30,0.44883662,0.1780235834303312,0,0.0,1,0.3966333759053157,0,0.0,2,0.7932667518106314,0.99502295,0.3946593096770812,0,0.0,1,0.3966333759053157,0,0.0,4,1.5865335036212629,10.022177470684053,3.975130084119613,6.0,2.379800255431894,13.0,5.156233886769104,3.0,1.189900127715947,21.0,8.329300894011629,0.0,10.0,False,False,False
20,2020-08-31,1.0087106,0.4000883109256392,0,0.0,2,0.7932667518106314,0,0.0,4,1.5865335036212629,0.8918716,0.3537460315783391,0,0.0,1,0.3966333759053157,0,0.0,3,1.189900127715947,8.9454115319252,3.548048774769834,5.0,1.9831668795265784,12.0,4.759600510863788,2.0,0.7932667518106314,19.0,7.536034142200997,1.0,10.0,False,False,False
21,2020-09-01,0.9601818,0.3808401288551977,0,0.0,2,0.7932667518106314,0,0.0,4,1.5865335036212629,0.8003907,0.3174616722390055,0,0.0,1,0.3966333759053157,0,0.0,3,1.189900127715947,7.9941576268672945,3.170749727063602,4.0,1.5865335036212629,10.0,3.966333759053157,2.0,0.7932667518106314,17.0,6.742767390390367,0.0,9.0,True,False,False
22,2020-09-02,0.96893984,0.3843138983938843,0,0.0,1,0.3966333759053157,0,0.0,4,1.5865335036212629,0.71916777,0.2852459374480531,0,0.0,1,0.3966333759053157,0,0.0,3,1.189900127715947,7.152840791463852,2.8370553904315576,4.0,1.5865335036212629,9.0,3.569700383147841,2.0,0.7932667518106314,16.0,6.346134014485052,1.0,9.0,True,False,False
23,2020-09-03,0.8741935,0.3467343049123883,0,0.0,1,0.3966333759053157,0,0.0,4,1.5865335036212629,0.6469747,0.2566117473179474,0,0.0,1,0.3966333759053157,0,0.0,3,1.189900127715947,6.407922887444496,2.5415960873880485,3.0,1.189900127715947,9.0,3.569700383147841,1.0,0.3966333759053157,15.0,5.949500638579735,1.0,8.0,True,False,False
24,2020-09-04,0.56499463,0.2240957201138371,0,0.0,1,0.3966333759053157,0,0.0,2,0.7932667518106314,0.58273613,0.231132594308292,0,0.0,1,0.3966333759053157,0,0.0,2,0.7932667518106314,5.747623322129249,2.2796992416882498,3.0,1.189900127715947,8.0,3.1730670072425258,1.0,0.3966333759053157,14.0,5.552867262674419,2.0,7.0,True,False,False
25,2020-09-05,0.2988385,0.1185293172056844,0,0.0,0,0.0,0,0.0,2,0.7932667518106314,0.5255154,0.2084369270960451,0,0.0,1,0.3966333759053157,0,0.0,2,0.7932667518106314,5.161680650472641,2.0472948217421094,2.0,0.7932667518106314,7.0,2.7764336313372096,1.0,0.3966333759053157,13.0,5.156233886769104,2.0,7.0,True,False,False
26,2020-09-06,0.21651159,0.0858757232435891,0,0.0,0,0.0,0,0.0,1,0.3966333759053157,0.47448927,0.1881982825580053,0,0.0,1,0.3966333759053157,0,0.0,2,0.7932667518106314,4.641147305250168,1.8408339237552327,2.0,0.7932667518106314,6.0,2.379800255431894,0.0,0.0,12.0,4.759600510863788,,,False,False,True
27,2020-09-07,0.5192059,0.2059344069493818,0,0.0,1,0.3966333759053157,0,0.0,2,0.7932667518106314,0.42893824,0.1701312271507049,0,0.0,1,0.3966333759053157,0,0.0,2,0.7932667518106314,4.178213058948517,1.657218750822426,2.0,0.7932667518106314,6.0,2.379800255431894,0.0,0.0,11.0,4.362967134958473,,,False,False,True
28,2020-09-08,0.49877864,0.1978322643481078,0,0.0,1,0.3966333759053157,0,0.0,2,0.7932667518106314,0.3882312,0.1539854451948485,0,0.0,1,0.3966333759053157,0,0.0,2,0.7932667518106314,3.7660536593794816,1.493742576760252,1.0,0.3966333759053157,5.0,1.9831668795265784,0.0,0.0,10.0,3.966333759053157,,,False,False,True
29,2020-09-09,0.51690793,0.2050229340966325,0,0.0,1,0.3966333759053157,0,0.0,3,1.189900127715947,0.35181457,0.139541396038112,0,0.0,1,0.3966333759053157,0,0.0,2,0.7932667518106314,3.398700214713812,1.3480379398520603,1.0,0.3966333759053157,5.0,1.9831668795265784,0.0,0.0,10.0,3.966333759053157,,,False,False,True
30,2020-09-10,0.47148788,0.1870078335741709,0,0.0,1,0.3966333759053157,0,0.0,2,0.7932667518106314,0.31920093,0.1266057438442658,0,0.0,0,0.0,0,0.0,2,0.7932667518106314,3.0709266164004805,1.218031991020411,1.0,0.3966333759053157,4.0,1.5865335036212629,0.0,0.0,9.0,3.569700383147841,,,False,False,True
