,Unnamed: 0,Raw Prediction Mean,Raw Prediction Mean 100k,Raw Prediction Q25,Raw Prediction Q25 100k,Raw Prediction Q75,Raw Prediction Q75 100k,Raw Prediction Q5,Raw Prediction Q5 100k,Raw Prediction Q95,Raw Prediction Q95 100k,Trend Prediction Mean,Trend Prediction Mean 100k,Trend Prediction Q25,Trend Prediction Q25 100k,Trend Prediction Q75,Trend Prediction Q75 100k,Trend Prediction Q5,Trend Prediction Q5 100k,Trend Prediction Q95,Trend Prediction Q95 100k,Trend 7Day Prediction Mean,Trend 7Day Prediction Mean 100k,Trend 7Day Prediction Q25,Trend 7Day Prediction Q25 100k,Trend 7Day Prediction Q75,Trend 7Day Prediction Q75 100k,Trend 7Day Prediction Q5,Trend 7Day Prediction Q5 100k,Trend 7Day Prediction Q95,Trend 7Day Prediction Q95 100k,RKI Meldedaten,RKI 7Day Incidence,is_nowcast,is_high,is_prediction
0,2020-05-21,5.8559546,0.9821917046792804,1,0.1677252928064299,8,1.3418023424514394,0,0.0,19,3.1867805633221686,8.335984,1.3981553820485717,2,0.3354505856128598,11,1.844978220870729,0,0.0,29,4.864033491386468,,,,,,,,,,,17.0,,False,False,False
1,2020-05-22,5.270704,0.8840303053148091,1,0.1677252928064299,7,1.1740770496450097,0,0.0,17,2.8513299777093084,7.3297944,1.2293919098738115,1,0.1677252928064299,9,1.5095276352578693,0,0.0,25,4.193132320160748,,,,,,,,,,,1.0,,False,False,False
2,2020-05-23,3.2849703,0.5509726179298013,0,0.0,5,0.8386264640321497,0,0.0,11,1.844978220870729,6.457283,1.0830496648850385,1,0.1677252928064299,9,1.5095276352578693,0,0.0,21,3.522231148935028,,,,,,,,,,,2.0,,False,False,False
3,2020-05-24,2.6780188,0.4491714662435697,0,0.0,4,0.6709011712257197,0,0.0,10,1.6772529280642994,5.6994004,0.955933592194924,1,0.1677252928064299,8,1.3418023424514394,0,0.0,18,3.0190552705157385,,,,,,,,,,,2.0,,False,False,False
4,2020-05-25,2.872405,0.4817749868379906,1,0.1677252928064299,4,0.6709011712257197,0,0.0,11,1.844978220870729,5.039956,0.8453281225229148,1,0.1677252928064299,7,1.1740770496450097,0,0.0,18,3.0190552705157385,,,,,,,,,,,5.0,,False,False,False
5,2020-05-26,6.770148,1.1355250535416417,1,0.1677252928064299,8,1.3418023424514394,0,0.0,21,3.522231148935028,4.465203,0.7489274594263406,1,0.1677252928064299,6,1.0063517568385796,0,0.0,17,2.8513299777093084,,,,,,,,,,,3.0,,False,False,False
6,2020-05-27,7.1893516,1.2058360880473629,2,0.3354505856128598,10,1.6772529280642994,0,0.0,25,4.193132320160748,3.963427,0.6647669579251669,1,0.1677252928064299,6,1.0063517568385796,0,0.0,14,2.348154099290019,41.291045501708986,6.9255526970577606,23.0,3.857681734547888,51.0,8.553989933127925,13.0,2.1804288064835893,94.0,15.76617752380441,8.0,38.0,False,False,False
7,2020-05-28,6.5933204,1.1058666132157668,2,0.3354505856128598,9,1.5095276352578693,0,0.0,21,3.522231148935028,3.524627,0.5911691005167086,1,0.1677252928064299,5,0.8386264640321497,0,0.0,12,2.012703513677159,36.47969069004059,6.118566802475054,21.0,3.522231148935028,46.0,7.715363469095776,11.0,1.844978220870729,78.0,13.082572838901534,0.0,21.0,False,False,False
8,2020-05-29,4.963071,0.8324324880959466,1,0.1677252928064299,7,1.1740770496450097,0,0.0,16,2.6836046849028787,3.1402826,0.5267048436508048,1,0.1677252928064299,5,0.8386264640321497,0,0.0,11,1.844978220870729,32.2901841583252,5.415880592728638,19.0,3.1867805633221686,40.0,6.7090117122571975,11.0,1.844978220870729,67.0,11.237594618030805,2.0,22.0,False,False,False
9,2020-05-30,3.2998228,0.5534637239179574,1,0.1677252928064299,5,0.8386264640321497,0,0.0,11,1.844978220870729,2.8030813,0.4701476427726447,0,0.0,4,0.6709011712257197,0,0.0,9,1.5095276352578693,28.635982158660887,4.8029784923611,17.0,2.8513299777093084,36.0,6.038110541031477,9.0,1.5095276352578693,58.0,9.728066982772935,2.0,22.0,False,False,False
10,2020-05-31,2.174814,0.3647713128884788,0,0.0,3,0.5031758784192898,0,0.0,8,1.3418023424514394,2.5067656,0.4204479864711175,0,0.0,4,0.6709011712257197,0,0.0,8,1.3418023424514394,25.443347178459167,4.2674928554827165,15.0,2.5158793920964486,32.0,5.3672093698057575,8.0,1.3418023424514394,52.0,8.721715225934357,0.0,20.0,False,False,False
11,2020-06-01,1.6424897,0.2754870592980296,0,0.0,2,0.3354505856128598,0,0.0,6,1.0063517568385796,2.2459588,0.3767040880120476,0,0.0,3,0.5031758784192898,0,0.0,9,1.5095276352578693,22.64934879016876,3.798868657706015,14.0,2.348154099290019,28.0,4.696308198580038,7.0,1.1740770496450097,48.0,8.050814054708637,0.0,15.0,False,False,False
12,2020-06-02,2.0440505,0.3428389618420624,0,0.0,3,0.5031758784192898,0,0.0,7,1.1740770496450097,2.0160491,0.3381424221515772,0,0.0,3,0.5031758784192898,0,0.0,7,1.1740770496450097,20.2001927318573,3.3880832406970827,13.0,2.1804288064835893,26.0,4.3608576129671786,7.0,1.1740770496450097,41.0,6.876737005063626,1.0,13.0,False,False,False
13,2020-06-03,2.8955884,0.4856633950112154,0,0.0,4,0.6709011712257197,0,0.0,11,1.844978220870729,1.8130531,0.3040948740817839,0,0.0,2,0.3354505856128598,0,0.0,6,1.0063517568385796,18.049820157527925,3.027411371024772,11.0,1.844978220870729,23.0,3.857681734547888,6.0,1.0063517568385796,37.0,6.205835833837907,3.0,8.0,False,False,False
14,2020-06-04,2.241159,0.3758990487767732,0,0.0,3,0.5031758784192898,0,0.0,8,1.3418023424514394,1.6335407,0.2739860974543262,0,0.0,2,0.3354505856128598,0,0.0,6,1.0063517568385796,16.158731504440308,2.710227972962734,10.0,1.6772529280642994,21.0,3.522231148935028,5.0,0.8386264640321497,33.0,5.534934662612187,1.0,9.0,False,False,False
15,2020-06-05,1.7124673,0.2872240884244093,0,0.0,3,0.5031758784192898,0,0.0,6,1.0063517568385796,1.4745507,0.2473194626873009,0,0.0,2,0.3354505856128598,0,0.0,6,1.0063517568385796,14.493000304222107,2.430842719669331,9.0,1.5095276352578693,19.0,3.1867805633221686,4.0,0.6709011712257197,29.0,4.864033491386468,3.0,10.0,False,False,False
16,2020-06-06,1.1974485,0.2008423962251981,0,0.0,2,0.3354505856128598,0,0.0,5,0.8386264640321497,1.3335211,0.2236652107967529,0,0.0,2,0.3354505856128598,0,0.0,5,0.8386264640321497,13.02344035744667,2.184360347299819,8.0,1.3418023424514394,17.0,2.8513299777093084,4.0,0.6709011712257197,27.0,4.528582905773607,1.0,9.0,False,False,False
17,2020-06-07,0.95351315,0.159928276843857,0,0.0,1,0.1677252928064299,0,0.0,4,0.6709011712257197,1.2082303,0.2026507672781008,0,0.0,2,0.3354505856128598,0,0.0,4,0.6709011712257197,11.724905982732771,1.966563289081716,7.0,1.1740770496450097,15.0,2.5158793920964486,3.0,0.5031758784192898,25.0,4.193132320160748,0.0,9.0,False,False,False
18,2020-06-08,0.78896993,0.1323302171840623,0,0.0,1,0.1677252928064299,0,0.0,4,0.6709011712257197,1.0967531,0.1839532387748477,0,0.0,2,0.3354505856128598,0,0.0,4,0.6709011712257197,10.57569893860817,1.7738122011107054,6.0,1.0063517568385796,13.0,2.1804288064835893,3.0,0.5031758784192898,23.0,3.857681734547888,4.0,13.0,False,False,False
19,2020-06-09,1.1408241,0.1913450432766694,0,0.0,2,0.3354505856128598,0,0.0,4,0.6709011712257197,0.99741703,0.1672920689088641,0,0.0,1,0.1677252928064299,0,0.0,4,0.6709011712257197,9.55706791484356,1.6029620143880725,5.0,0.8386264640321497,12.0,2.012703513677159,2.0,0.3354505856128598,21.0,3.522231148935028,1.0,13.0,False,False,False
20,2020-06-10,1.68828,0.2831672645697836,0,0.0,2,0.3354505856128598,0,0.0,7,1.1740770496450097,0.9087696,0.1524236495242803,0,0.0,1,0.1677252928064299,0,0.0,4,0.6709011712257197,8.652784165859222,1.4512907578095784,4.0,0.6709011712257197,11.0,1.844978220870729,2.0,0.3354505856128598,19.0,3.1867805633221686,1.0,11.0,False,False,False
21,2020-06-11,1.3764962,0.2308732291567139,0,0.0,2,0.3354505856128598,0,0.0,6,1.0063517568385796,0.8295398,0.1391348064316844,0,0.0,1,0.1677252928064299,0,0.0,4,0.6709011712257197,7.84878235912323,1.3164393193578854,4.0,0.6709011712257197,10.0,1.6772529280642994,1.0,0.1677252928064299,19.0,3.1867805633221686,1.0,11.0,True,False,False
22,2020-06-12,0.85797256,0.1439036964256956,0,0.0,1,0.1677252928064299,0,0.0,3,0.5031758784192898,0.75862265,0.1272402073482226,0,0.0,1,0.1677252928064299,0,0.0,3,0.5031758784192898,7.132853825807572,1.1963599964790388,3.0,0.5031758784192898,9.0,1.5095276352578693,1.0,0.1677252928064299,17.0,2.8513299777093084,0.0,8.0,True,False,False
23,2020-06-13,0.49210557,0.0825385541247669,0,0.0,1,0.1677252928064299,0,0.0,2,0.3354505856128598,0.6950539,0.1165781100098684,0,0.0,1,0.1677252928064299,0,0.0,3,0.5031758784192898,6.494386777520179,1.089272923857779,3.0,0.5031758784192898,8.0,1.3418023424514394,1.0,0.1677252928064299,17.0,2.8513299777093084,2.0,9.0,True,False,False
24,2020-06-14,0.47059935,0.0789314128724072,0,0.0,1,0.1677252928064299,0,0.0,2,0.3354505856128598,0.63798726,0.1070065991370938,0,0.0,1,0.1677252928064299,0,0.0,3,0.5031758784192898,5.924144243657589,0.9936288278949954,2.0,0.3354505856128598,7.0,1.1740770496450097,0.0,0.0,16.0,2.6836046849028787,0.0,9.0,True,False,False
25,2020-06-15,0.46860284,0.0785965482918982,0,0.0,1,0.1677252928064299,0,0.0,2,0.3354505856128598,0.5866841,0.0984017674454662,0,0.0,1,0.1677252928064299,0,0.0,3,0.5031758784192898,5.414074923753739,0.9080773018625456,2.0,0.3354505856128598,7.0,1.1740770496450097,0.0,0.0,15.0,2.5158793920964486,3.0,8.0,True,False,False
26,2020-06-16,0.5230793,0.0877336219673452,0,0.0,1,0.1677252928064299,0,0.0,3,0.5031758784192898,0.54049456,0.0906546063106361,0,0.0,1,0.1677252928064299,0,0.0,3,0.5031758784192898,4.95715146741271,0.8314396813576205,2.0,0.3354505856128598,6.0,1.0063517568385796,0.0,0.0,14.0,2.348154099290019,,,False,False,True
27,2020-06-17,0.722559,0.1211914195664576,0,0.0,1,0.1677252928064299,0,0.0,3,0.5031758784192898,0.4988492,0.0836696301576012,0,0.0,1,0.1677252928064299,0,0.0,2,0.3354505856128598,4.54723157042265,0.762685746607781,1.0,0.1677252928064299,6.0,1.0063517568385796,0.0,0.0,13.0,2.1804288064835893,,,False,False,True
28,2020-06-18,0.59522897,0.09983494919652,0,0.0,1,0.1677252928064299,0,0.0,2,0.3354505856128598,0.4612476,0.0773628869410458,0,0.0,1,0.1677252928064299,0,0.0,2,0.3354505856128598,4.178939672142267,0.700913880130468,1.0,0.1677252928064299,5.0,0.8386264640321497,0.0,0.0,12.0,2.012703513677159,,,False,False,True
29,2020-06-19,0.42947283,0.0720334583093063,0,0.0,1,0.1677252928064299,0,0.0,2,0.3354505856128598,0.42724806,0.0716603040018526,0,0.0,1,0.1677252928064299,0,0.0,2,0.3354505856128598,3.8475649254769086,0.6453339537173642,1.0,0.1677252928064299,5.0,0.8386264640321497,0.0,0.0,11.0,1.844978220870729,,,False,False,True
30,2020-06-20,0.2726971,0.0457381986507243,0,0.0,0,0.0,0,0.0,1,0.1677252928064299,0.3964627,0.0664968240471353,0,0.0,0,0.0,0,0.0,2,0.3354505856128598,3.548973403260112,0.5952526032240343,1.0,0.1677252928064299,5.0,0.8386264640321497,0.0,0.0,11.0,1.844978220870729,,,False,False,True
