,Unnamed: 0,Raw Prediction Mean,Raw Prediction Mean 100k,Raw Prediction Q25,Raw Prediction Q25 100k,Raw Prediction Q75,Raw Prediction Q75 100k,Raw Prediction Q5,Raw Prediction Q5 100k,Raw Prediction Q95,Raw Prediction Q95 100k,Trend Prediction Mean,Trend Prediction Mean 100k,Trend Prediction Q25,Trend Prediction Q25 100k,Trend Prediction Q75,Trend Prediction Q75 100k,Trend Prediction Q5,Trend Prediction Q5 100k,Trend Prediction Q95,Trend Prediction Q95 100k,Trend 7Day Prediction Mean,Trend 7Day Prediction Mean 100k,Trend 7Day Prediction Q25,Trend 7Day Prediction Q25 100k,Trend 7Day Prediction Q75,Trend 7Day Prediction Q75 100k,Trend 7Day Prediction Q5,Trend 7Day Prediction Q5 100k,Trend 7Day Prediction Q95,Trend 7Day Prediction Q95 100k,RKI Meldedaten,RKI 7Day Incidence,is_nowcast,is_high,is_prediction
0,2020-04-09,17.54704,10.804628254845738,7,4.310265204460508,23,14.1622999575131,2,1.2315043441315738,44,27.093095570894626,11.960668,7.364807242993265,5,3.0787608603289347,16,9.85203475305259,1,0.6157521720657869,34,20.93557385023676,,,,,,,,,,,9.0,,False,False,False
1,2020-04-10,12.136946,7.473350706277415,5,3.0787608603289347,16,9.85203475305259,1,0.6157521720657869,31,19.088317334039395,10.4945135,6.462019518949091,4,2.463008688263148,15,9.236282580986805,1,0.6157521720657869,29,17.856812989907823,,,,,,,,,,,8.0,,False,False,False
2,2020-04-11,7.3969088,4.554662518785335,3,1.8472565161973609,10,6.157521720657869,1,0.6157521720657869,20,12.31504344131574,9.221813,5.678351590177044,4,2.463008688263148,13,8.00477823685523,1,0.6157521720657869,25,15.393804301644677,,,,,,,,,,,9.0,,False,False,False
3,2020-04-12,4.948966,3.047336576855741,2,1.2315043441315738,7,4.310265204460508,0,0.0,13,8.00477823685523,8.115435,4.997096402803436,3,1.8472565161973609,11,6.773273892723656,1,0.6157521720657869,22,13.546547785447313,,,,,,,,,,,2.0,,False,False,False
4,2020-04-13,5.069065,3.121287954854779,2,1.2315043441315738,7,4.310265204460508,0,0.0,15,9.236282580986805,7.1522546,4.404016362968832,3,1.8472565161973609,10,6.157521720657869,1,0.6157521720657869,19,11.699291269249953,,,,,,,,,,,5.0,,False,False,False
5,2020-04-14,6.254605,3.8512866012752056,2,1.2315043441315738,9,5.541769548592083,1,0.6157521720657869,17,10.46778692511838,6.312548,3.886965350829996,2,1.2315043441315738,9,5.541769548592083,0,0.0,16,9.85203475305259,,,,,,,,,,,3.0,,False,False,False
6,2020-04-15,7.2818437,4.4838110625278205,3,1.8472565161973609,10,6.157521720657869,1,0.6157521720657869,19,11.699291269249953,5.5794597,3.435564576648176,2,1.2315043441315738,8,4.926017376526295,0,0.0,14,8.620530408921017,58.8367063293457,36.22882971949145,41.0,25.245839054697264,72.0,44.334156388736666,26.0,16.00955647371046,111.0,68.34849109930235,6.0,42.0,False,False,False
7,2020-04-16,7.3488917,4.525095937424339,3,1.8472565161973609,10,6.157521720657869,1,0.6157521720657869,18,11.083539097184168,4.9385533,3.040925003006123,2,1.2315043441315738,7,4.310265204460508,0,0.0,13,8.00477823685523,51.81459042930603,31.904946601544328,37.0,22.78283036643412,64.0,39.40813901221036,23.0,14.1622999575131,94.0,57.880704174183975,9.0,42.0,False,False,False
8,2020-04-17,5.3184357,3.274838309152983,2,1.2315043441315738,7,4.310265204460508,0,0.0,14,8.620530408921017,4.3774734,2.6954387067235075,2,1.2315043441315738,6,3.6945130323947217,0,0.0,12,7.3890260647894435,45.69754134368897,28.13836034044258,33.0,20.319821678170968,56.0,34.48212163568407,21.0,12.930795613381528,79.0,48.644421593197166,9.0,43.0,False,False,False
9,2020-04-18,2.9753125,1.8320552044315264,1,0.6157521720657869,4,2.463008688263148,0,0.0,9,5.541769548592083,3.8855948,2.392563510511536,1,0.6157521720657869,6,3.6945130323947217,0,0.0,10,6.157521720657869,40.36132041549683,24.85257071328536,29.0,17.856812989907823,49.0,30.17185643122356,19.0,11.699291269249953,72.0,44.334156388736666,2.0,36.0,False,False,False
10,2020-04-19,2.117361,1.3037696589890402,1,0.6157521720657869,3,1.8472565161973609,0,0.0,6,3.6945130323947217,3.45381,2.126690924342256,1,0.6157521720657869,5,3.0787608603289347,0,0.0,9,5.541769548592083,35.69969595909119,21.9821653288986,26.0,16.00955647371046,43.0,26.47734339882884,18.0,11.083539097184168,60.0,36.94513032394722,3.0,37.0,False,False,False
11,2020-04-20,2.1369648,1.315840745519381,1,0.6157521720657869,3,1.8472565161973609,0,0.0,7,4.310265204460508,3.0742643,1.8929849829874,1,0.6157521720657869,4,2.463008688263148,0,0.0,8,4.926017376526295,31.621706781387328,19.471134635066672,23.0,14.1622999575131,38.0,23.398582538499905,16.0,9.85203475305259,52.0,32.01911294742092,7.0,39.0,False,False,False
12,2020-04-21,2.746633,1.6912452338146975,1,0.6157521720657869,4,2.463008688263148,0,0.0,8,4.926017376526295,2.7402005,1.6872843843884766,1,0.6157521720657869,4,2.463008688263148,0,0.0,8,4.926017376526295,28.049358456611632,17.271453394710463,20.0,12.31504344131574,34.0,20.93557385023676,14.0,8.620530408921017,47.0,28.940352087091988,4.0,40.0,False,False,False
13,2020-04-22,3.418042,2.104666782543063,1,0.6157521720657869,5,3.0787608603289347,0,0.0,10,6.157521720657869,2.4457839,1.5059967154229523,1,0.6157521720657869,4,2.463008688263148,0,0.0,7,4.310265204460508,24.91568201446533,15.341885318907492,18.0,11.083539097184168,30.0,18.47256516197361,12.0,7.3890260647894435,43.0,26.47734339882884,3.0,37.0,False,False,False
14,2020-04-23,3.1892185,1.9637682271422816,1,0.6157521720657869,5,3.0787608603289347,0,0.0,10,6.157521720657869,2.1859698,1.3460156878863927,1,0.6157521720657869,3,1.8472565161973609,0,0.0,6,3.6945130323947217,22.163095686912538,13.64697430891827,16.0,9.85203475305259,27.0,16.625308645776247,10.0,6.157521720657869,38.0,23.398582538499905,3.0,31.0,False,False,False
15,2020-04-24,2.3162222,1.4262188415159471,1,0.6157521720657869,3,1.8472565161973609,0,0.0,7,4.310265204460508,1.9563987,1.204656746267574,0,0.0,3,1.8472565161973609,0,0.0,6,3.6945130323947217,19.742023292541504,12.15619372335579,14.0,8.620530408921017,24.0,14.778052129578889,9.0,5.541769548592083,34.0,20.93557385023676,3.0,25.0,False,False,False
16,2020-04-25,1.3786315,0.8488953426422086,0,0.0,2,1.2315043441315738,0,0.0,4,2.463008688263148,1.753295,1.0795951311592944,0,0.0,3,1.8472565161973609,0,0.0,5,3.0787608603289347,17.60972191619873,10.84322451937386,12.0,7.3890260647894435,22.0,13.546547785447313,7.0,4.310265204460508,32.0,19.70406950610518,1.0,24.0,False,False,False
17,2020-04-26,0.99133295,0.6104154181230115,0,0.0,1,0.6157521720657869,0,0.0,4,2.463008688263148,1.5733787,0.9688113095762674,0,0.0,2,1.2315043441315738,0,0.0,5,3.0787608603289347,15.729291947841643,9.685345681940383,11.0,6.773273892723656,19.0,11.699291269249953,6.0,3.6945130323947217,30.0,18.47256516197361,0.0,21.0,False,False,False
18,2020-04-27,1.0258564,0.6316733106359607,0,0.0,2,1.2315043441315738,0,0.0,3,1.8472565161973609,1.4138087,0.8705557775101624,0,0.0,2,1.2315043441315738,0,0.0,5,3.0787608603289347,14.068835902690887,8.66291626551904,10.0,6.157521720657869,18.0,11.083539097184168,5.0,3.0787608603289347,28.0,17.241060817842033,0.0,14.0,False,False,False
19,2020-04-28,1.3541338,0.8338108273164835,0,0.0,2,1.2315043441315738,0,0.0,4,2.463008688263148,1.2721088,0.7833037670934573,0,0.0,2,1.2315043441315738,0,0.0,4,2.463008688263148,12.60074323129654,7.758935014314106,8.0,4.926017376526295,16.0,9.85203475305259,4.0,2.463008688263148,25.0,15.393804301644677,1.0,11.0,False,False,False
20,2020-04-29,1.6071545,0.9896089068206492,0,0.0,2,1.2315043441315738,0,0.0,5,3.0787608603289347,1.1461222,0.7057272341626231,0,0.0,2,1.2315043441315738,0,0.0,4,2.463008688263148,11.30108364701271,6.958666802345222,7.0,4.310265204460508,15.0,9.236282580986805,3.0,1.8472565161973609,23.0,14.1622999575131,0.0,8.0,False,False,False
21,2020-04-30,1.5724927,0.968265794654144,0,0.0,2,1.2315043441315738,0,0.0,6,3.6945130323947217,1.0339763,0.6366731668094872,0,0.0,1,0.6157521720657869,0,0.0,4,2.463008688263148,10.1490908036232,6.249324706823889,6.0,3.6945130323947217,13.0,8.00477823685523,3.0,1.8472565161973609,21.0,12.930795613381528,1.0,6.0,True,False,False
22,2020-05-01,1.1586297,0.713428744347766,0,0.0,2,1.2315043441315738,0,0.0,4,2.463008688263148,0.9340273,0.5751293429057114,0,0.0,1,0.6157521720657869,0,0.0,4,2.463008688263148,9.126719727158546,5.6197974958335415,5.0,3.0787608603289347,12.0,7.3890260647894435,2.0,1.2315043441315738,19.0,11.699291269249953,0.0,3.0,True,False,False
23,2020-05-02,0.68100333,0.4193292625132017,0,0.0,1,0.6157521720657869,0,0.0,3,1.8472565161973609,0.844846,0.5202157808525953,0,0.0,1,0.6157521720657869,0,0.0,3,1.8472565161973609,8.218271198034287,5.06041834081531,5.0,3.0787608603289347,11.0,6.773273892723656,2.0,1.2315043441315738,18.0,11.083539097184168,0.0,2.0,True,False,False
24,2020-05-03,0.50820184,0.3129263859591447,0,0.0,1,0.6157521720657869,0,0.0,2,1.2315043441315738,0.7651784,0.4711602286988636,0,0.0,1,0.6157521720657869,0,0.0,3,1.8472565161973609,7.410069475293159,4.562766374570149,4.0,2.463008688263148,10.0,6.157521720657869,2.0,1.2315043441315738,17.0,10.46778692511838,0.0,2.0,True,False,False
25,2020-05-04,0.5108826,0.3145770733681274,0,0.0,1,0.6157521720657869,0,0.0,2,1.2315043441315738,0.69392735,0.4272872502042446,0,0.0,1,0.6157521720657869,0,0.0,3,1.8472565161973609,6.690186872541904,4.119497098293691,3.0,1.8472565161973609,9.0,5.541769548592083,1.0,0.6157521720657869,16.0,9.85203475305259,12.0,14.0,True,True,False
26,2020-05-05,0.68747747,0.4233157596900128,0,0.0,1,0.6157521720657869,0,0.0,3,1.8472565161973609,0.63013005,0.3880039457726525,0,0.0,1,0.6157521720657869,0,0.0,3,1.8472565161973609,6.048208079755306,3.724197262215172,3.0,1.8472565161973609,8.0,4.926017376526295,1.0,0.6157521720657869,15.0,9.236282580986805,,,False,False,True
27,2020-05-06,0.81030416,0.4989465651306091,0,0.0,1,0.6157521720657869,0,0.0,3,1.8472565161973609,0.57294196,0.3527902663336135,0,0.0,1,0.6157521720657869,0,0.0,2,1.2315043441315738,5.4750268191099165,3.371259655985367,2.0,1.2315043441315738,7.0,4.310265204460508,1.0,0.6157521720657869,14.0,8.620530408921017,,,False,False,True
28,2020-05-07,0.8003693,0.4928291673422791,0,0.0,1,0.6157521720657869,0,0.0,3,1.8472565161973609,0.52162147,0.3211895545973675,0,0.0,1,0.6157521720657869,0,0.0,2,1.2315043441315738,4.96267220711708,3.055776190782856,2.0,1.2315043441315738,7.0,4.310265204460508,0.0,0.0,13.0,8.00477823685523,,,False,False,True
29,2020-05-08,0.5859147,0.3607782218750799,0,0.0,1,0.6157521720657869,0,0.0,2,1.2315043441315738,0.4755145,0.2927990863099694,0,0.0,1,0.6157521720657869,0,0.0,2,1.2315043441315738,4.504159075468778,2.7734457340497274,2.0,1.2315043441315738,6.0,3.6945130323947217,0.0,0.0,12.0,7.3890260647894435,,,False,False,True
30,2020-05-09,0.35270074,0.2171762389480136,0,0.0,0,0.0,0,0.0,2,1.2315043441315738,0.43404543,0.2672644086487707,0,0.0,1,0.6157521720657869,0,0.0,2,1.2315043441315738,4.093358517631889,2.520494398275825,1.0,0.6157521720657869,6.0,3.6945130323947217,0.0,0.0,11.0,6.773273892723656,,,False,False,True
