,Raw Prediction Mean,Raw Prediction Mean 100k,Raw Prediction Q25,Raw Prediction Q25 100k,Raw Prediction Q75,Raw Prediction Q75 100k,Raw Prediction Q5,Raw Prediction Q5 100k,Raw Prediction Q95,Raw Prediction Q95 100k,Trend Prediction Mean,Trend Prediction Mean 100k,Trend Prediction Q25,Trend Prediction Q25 100k,Trend Prediction Q75,Trend Prediction Q75 100k,Trend Prediction Q5,Trend Prediction Q5 100k,Trend Prediction Q95,Trend Prediction Q95 100k,Trend 7Day Prediction Mean,Trend 7Day Prediction Mean 100k,Trend 7Day Prediction Q25,Trend 7Day Prediction Q25 100k,Trend 7Day Prediction Q75,Trend 7Day Prediction Q75 100k,Trend 7Day Prediction Q5,Trend 7Day Prediction Q5 100k,Trend 7Day Prediction Q95,Trend 7Day Prediction Q95 100k,RKI Meldedaten,RKI 7Day Incidence,is_nowcast,is_high,is_prediction
2021-08-19,2.5433524,3.255615956732072,1,1.2800491538875092,4,5.120196615550037,0,0.0,7,8.960344077212566,2.0254815,2.592715827631764,0,0.0,3,3.8401474616625277,0,0.0,6,7.6802949233250555,,,,,,,,,,,1.0,,False,False,False
2021-08-20,2.647348,3.388735422049649,1,1.2800491538875092,4,5.120196615550037,0,0.0,8,10.240393231100073,2.1278167,2.7237099857302383,1,1.2800491538875092,3,3.8401474616625277,0,0.0,6,7.6802949233250555,,,,,,,,,,,4.0,,False,False,False
2021-08-21,1.4609257,1.8700566215557046,0,0.0,2,2.5600983077750183,0,0.0,5,6.400245769437547,2.2374425,2.864036287064664,1,1.2800491538875092,3,3.8401474616625277,0,0.0,6,7.6802949233250555,,,,,,,,,,,2.0,,False,False,False
2021-08-22,1.1601634,1.4850661500531714,0,0.0,2,2.5600983077750183,0,0.0,4,5.120196615550037,2.354947,3.01444797514705,1,1.2800491538875092,3,3.8401474616625277,0,0.0,7,8.960344077212566,,,,,,,,,,,0.0,,False,False,False
2021-08-23,1.8191547,2.328607479284983,1,1.2800491538875092,3,3.8401474616625277,0,0.0,5,6.400245769437547,2.48097,3.175763413310051,1,1.2800491538875092,3,3.8401474616625277,0,0.0,6,7.6802949233250555,,,,,,,,,,,3.0,,False,False,False
2021-08-24,3.9331338,5.034604691900313,1,1.2800491538875092,6,7.6802949233250555,0,0.0,10,12.800491538875095,2.6162176,3.3488871849840507,1,1.2800491538875092,4,5.120196615550037,0,0.0,7,8.960344077212566,,,,,,,,,,,3.0,,False,False,False
2021-08-25,4.33297,5.546414831769653,2,2.5600983077750183,6,7.6802949233250555,0,0.0,11,14.080540692762602,2.7614536,3.5347962693776935,1,1.2800491538875092,4,5.120196615550037,0,0.0,8,10.240393231100073,16.604325675964354,21.254353032390817,11.0,14.080540692762602,20.0,25.60098307775019,6.0,7.6802949233250555,30.0,38.40147461662528,3.0,16.0,False,False,False
2021-08-26,3.8334863,4.907050970359705,2,2.5600983077750183,5,6.400245769437547,0,0.0,9,11.520442384987584,2.91752,3.7345689634094015,1,1.2800491538875092,4,5.120196615550037,0,0.0,8,10.240393231100073,17.496362720012666,22.396204295861175,12.0,15.360589846650111,22.0,28.161081385525204,7.0,8.960344077212566,31.0,39.68152377051279,3.0,18.0,False,False,False
2021-08-27,3.9446664,5.04936688230373,2,2.5600983077750183,6,7.6802949233250555,0,0.0,10,12.800491538875095,3.085333,3.949378151446581,1,1.2800491538875092,4,5.120196615550037,0,0.0,8,10.240393231100073,18.453876650333406,23.621869192203743,13.0,16.64063900053762,23.0,29.441130539412715,8.0,10.240393231100073,33.0,42.241622078287804,5.0,19.0,False,False,False
2021-08-28,2.1846936,2.7965152185061015,1,1.2800491538875092,3,3.8401474616625277,0,0.0,6,7.6802949233250555,3.2658973,4.180509131401777,1,1.2800491538875092,4,5.120196615550037,0,0.0,8,10.240393231100073,19.482329953193666,24.938339972342828,14.0,17.920688154425132,24.0,30.721179693300222,9.0,11.520442384987584,33.0,42.241622078287804,1.0,18.0,False,False,False
2021-08-29,1.7477641,2.2372239982360043,0,0.0,3,3.8401474616625277,0,0.0,5,6.400245769437547,3.4603152,4.429373439052142,1,1.2800491538875092,5,6.400245769437547,0,0.0,9,11.520442384987584,20.587698022842407,26.35326543463097,15.0,19.20073730831264,25.0,32.00122884718773,9.0,11.520442384987584,34.0,43.521671232175315,4.0,22.0,False,False,False
2021-08-30,2.707678,3.465960980975069,1,1.2800491538875092,4,5.120196615550037,0,0.0,7,8.960344077212566,3.6697924,4.697514668805525,2,2.5600983077750183,5,6.400245769437547,0,0.0,10,12.800491538875095,21.77652125072479,27.875017601603634,16.0,20.480786462200147,26.0,33.28127800107524,11.0,14.080540692762602,37.0,47.36181869383785,3.0,22.0,False,False,False
2021-08-31,5.876583,7.522314990637824,3,3.8401474616625277,8,10.240393231100073,1,1.2800491538875092,14,17.920688154425132,3.895656,4.986631392966956,1,1.2800491538875092,5,6.400245769437547,0,0.0,10,12.800491538875095,23.055963591575622,29.512766687457596,17.0,21.760835616087657,28.0,35.841376308850265,12.0,15.360589846650111,39.0,49.92191700161286,3.0,22.0,False,False,False
2021-09-01,6.534809,8.364876703126356,3,3.8401474616625277,9,11.520442384987584,1,1.2800491538875092,15,19.20073730831264,4.1393647,5.2985902584623545,2,2.5600983077750183,6,7.6802949233250555,0,0.0,10,12.800491538875095,24.43387618637085,31.27656253855617,18.0,23.040884769975168,29.0,37.12142546273777,13.0,16.64063900053762,39.0,49.92191700161286,7.0,26.0,False,False,False
2021-09-02,5.749047,7.359062146861106,3,3.8401474616625277,8,10.240393231100073,1,1.2800491538875092,14,17.920688154425132,4.402512,5.635431807604618,2,2.5600983077750183,6,7.6802949233250555,0,0.0,11,14.080540692762602,25.91887085342407,33.17742870564511,19.0,24.320933923862675,31.0,39.68152377051279,13.0,16.64063900053762,42.0,53.762064463275394,8.0,31.0,False,False,False
2021-09-03,5.9956856,7.674772496102378,3,3.8401474616625277,8,10.240393231100073,1,1.2800491538875092,15,19.20073730831264,4.6868567,5.999406857881695,2,2.5600983077750183,6,7.6802949233250555,0,0.0,11,14.080540692762602,27.52039822769165,35.227462466004006,21.0,26.881032231637697,33.0,42.241622078287804,14.0,17.920688154425132,43.0,55.042113617162904,2.0,28.0,False,False,False
2021-09-04,3.3568351,4.2969139030901715,1,1.2800491538875092,5,6.400245769437547,0,0.0,8,10.240393231100073,4.9943323,6.39299105387181,2,2.5600983077750183,7,8.960344077212566,0,0.0,13,16.64063900053762,29.24883751296997,37.439949710670454,22.0,28.161081385525204,35.0,44.801720386062826,15.0,19.20073730831264,47.0,60.16231023271293,3.0,30.0,False,False,False
2021-09-05,2.7068021,3.4648397559067234,1,1.2800491538875092,4,5.120196615550037,0,0.0,7,8.960344077212566,5.3270698,6.81891106069088,2,2.5600983077750183,7,8.960344077212566,1,1.2800491538875092,14,17.920688154425132,31.115594409942627,39.829490297153974,24.0,30.721179693300222,37.0,47.36181869383785,15.0,19.20073730831264,51.0,65.28250684826297,1.0,27.0,False,False,False
2021-09-06,4.2500505,5.440273525891826,2,2.5600983077750183,6,7.6802949233250555,0,0.0,11,14.080540692762602,5.6874104,7.280164572875947,3,3.8401474616625277,8,10.240393231100073,1,1.2800491538875092,15,19.20073730831264,33.1332117729187,42.412139695500244,25.0,32.00122884718773,39.0,49.92191700161286,17.0,21.760835616087657,56.0,71.68275261770053,10.0,34.0,False,False,False
2021-09-07,9.162926,11.728995013982058,4,5.120196615550037,13,16.64063900053762,1,1.2800491538875092,22,28.161081385525204,6.0779424,7.78006506152451,3,3.8401474616625277,8,10.240393231100073,1,1.2800491538875092,15,19.20073730831264,35.31549256324768,45.205566374705825,26.0,33.28127800107524,43.0,55.042113617162904,18.0,23.040884769975168,61.0,78.08299838713806,6.0,37.0,False,False,False
2021-09-08,10.266243,13.141296221874654,5,6.400245769437547,14,17.920688154425132,2,2.5600983077750183,23,29.441130539412715,6.5015097,8.322251960635185,3,3.8401474616625277,9,11.520442384987584,1,1.2800491538875092,16,20.480786462200147,37.67763618469238,48.22922631869689,27.0,34.56132715496275,46.0,58.88226107882543,19.0,24.320933923862675,65.0,83.2031950026881,8.0,38.0,False,False,False
2021-09-09,9.22138,11.803820234490559,4,5.120196615550037,13,16.64063900053762,1,1.2800491538875092,22,28.161081385525204,6.961268,8.910764881875366,3,3.8401474616625277,9,11.520442384987584,1,1.2800491538875092,17,21.760835616087657,40.236389986038205,51.50455695711605,29.0,37.12142546273777,48.0,61.442359386600444,19.0,24.320933923862675,71.0,90.88348992601316,5.0,35.0,True,False,False
2021-09-10,9.560385,12.237761984579265,4,5.120196615550037,13,16.64063900053762,1,1.2800491538875092,24,30.721179693300222,7.460688,9.550047252560034,3,3.8401474616625277,10,12.800491538875095,1,1.2800491538875092,20,25.60098307775019,43.010222464561465,55.05519887427545,31.0,39.68152377051279,52.0,66.56255600215049,19.0,24.320933923862675,78.0,99.84383400322572,4.0,37.0,True,False,False
2021-09-11,5.405899,6.91981622367166,2,2.5600983077750183,7,8.960344077212566,0,0.0,15,19.20073730831264,8.003618,10.245024895993993,3,3.8401474616625277,10,12.800491538875095,1,1.2800491538875092,21,26.881032231637697,46.01950949192047,58.90723418745101,33.0,42.241622078287804,56.0,71.68275261770053,20.0,25.60098307775019,86.0,110.08422723432581,8.0,42.0,True,False,False
2021-09-12,4.393465,5.623851029668003,2,2.5600983077750183,6,7.6802949233250555,0,0.0,12,15.360589846650111,8.594315,11.00114532164298,4,5.120196615550037,12,15.360589846650111,1,1.2800491538875092,21,26.881032231637697,49.28675101280212,63.089463931801696,34.0,43.521671232175315,60.0,76.80294923325056,21.0,26.881032231637697,92.0,117.76452215765086,3.0,44.0,True,False,False
2021-09-13,6.9472156,8.892777259461582,3,3.8401474616625277,9,11.520442384987584,1,1.2800491538875092,19,24.320933923862675,9.237457,11.824399553006515,4,5.120196615550037,11,14.080540692762602,1,1.2800491538875092,25,32.00122884718773,52.836804714202884,67.63370716853497,35.0,44.801720386062826,65.0,83.2031950026881,21.0,26.881032231637697,101.0,129.28496454263845,5.0,39.0,True,False,False
2021-09-14,15.224512,19.488124235067517,6,7.6802949233250555,20,25.60098307775019,2,2.5600983077750183,40,51.20196615550038,9.938287,12.721495295409113,4,5.120196615550037,13,16.64063900053762,1,1.2800491538875092,25,32.00122884718773,56.697155179023746,72.57514551473817,37.0,47.36181869383785,69.0,88.32339161823813,23.0,29.441130539412715,109.0,139.52535777373853,,,False,False,True
2021-09-15,16.68745,21.3607563637197,7,8.960344077212566,22,28.161081385525204,2,2.5600983077750183,47,60.16231023271293,10.702574,13.699820556212217,4,5.120196615550037,14,17.920688154425132,1,1.2800491538875092,29,37.12142546273777,60.89821147251129,77.95270406865069,39.0,49.92191700161286,74.0,94.7236373876757,22.0,28.161081385525204,120.0,153.60589846650112,,,False,False,True
2021-09-16,15.11837,19.352257368154824,6,7.6802949233250555,20,25.60098307775019,2,2.5600983077750183,43,55.042113617162904,11.536692,14.767532411497086,5,6.400245769437547,16,20.480786462200147,1,1.2800491538875092,31,39.68152377051279,65.47363811397553,83.80947506973135,40.0,51.20196615550038,82.0,104.96403061877575,23.0,29.441130539412715,132.0,168.96648831315122,,,False,False,True
2021-09-17,15.876928,20.32324846368283,6,7.6802949233250555,20,25.60098307775019,2,2.5600983077750183,46,58.88226107882543,12.44778,15.933769464027137,5,6.400245769437547,16,20.480786462200147,1,1.2800491538875092,35,44.801720386062826,70.46073149013519,90.19319972624254,43.0,55.042113617162904,87.0,111.36427638821331,24.0,30.721179693300222,148.0,189.4472747753514,,,False,False,True
2021-09-18,8.972812,11.485639697639272,3,3.8401474616625277,12,15.360589846650111,1,1.2800491538875092,27,34.56132715496275,13.443737,17.20864383969456,5,6.400245769437547,18,23.040884769975168,1,1.2800491538875092,37,47.36181869383785,75.90083755302429,97.15680288910204,44.0,56.32216277105041,93.0,119.04457131153836,25.0,32.00122884718773,161.0,206.087913775889,,,False,False,True
