,Raw Prediction Mean,Raw Prediction Mean 100k,Raw Prediction Q25,Raw Prediction Q25 100k,Raw Prediction Q75,Raw Prediction Q75 100k,Raw Prediction Q5,Raw Prediction Q5 100k,Raw Prediction Q95,Raw Prediction Q95 100k,Trend Prediction Mean,Trend Prediction Mean 100k,Trend Prediction Q25,Trend Prediction Q25 100k,Trend Prediction Q75,Trend Prediction Q75 100k,Trend Prediction Q5,Trend Prediction Q5 100k,Trend Prediction Q95,Trend Prediction Q95 100k,Trend 7Day Prediction Mean,Trend 7Day Prediction Mean 100k,Trend 7Day Prediction Q25,Trend 7Day Prediction Q25 100k,Trend 7Day Prediction Q75,Trend 7Day Prediction Q75 100k,Trend 7Day Prediction Q5,Trend 7Day Prediction Q5 100k,Trend 7Day Prediction Q95,Trend 7Day Prediction Q95 100k,RKI Meldedaten,RKI 7Day Incidence,is_nowcast,is_high,is_prediction
2020-10-06,0.7380522,0.6881220542709343,0,0.0,1,0.9323487730290148,0,0.0,3,2.797046319087044,1.031846,0.9620403943699785,0,0.0,1,0.9323487730290148,0,0.0,4,3.729395092116059,,,,,,,,,,,0.0,,False,False,False
2020-10-07,1.0369114,0.9667630365584046,0,0.0,2,1.8646975460580295,0,0.0,4,3.729395092116059,1.16558,1.0867271157621872,0,0.0,2,1.8646975460580295,0,0.0,4,3.729395092116059,,,,,,,,,,,1.0,,False,False,False
2020-10-08,1.3716221,1.2788301319233142,0,0.0,2,1.8646975460580295,0,0.0,4,3.729395092116059,1.3183694,1.2291800885577686,0,0.0,2,1.8646975460580295,0,0.0,4,3.729395092116059,,,,,,,,,,,1.0,,False,False,False
2020-10-09,1.3144592,1.225534469995182,0,0.0,2,1.8646975460580295,0,0.0,4,3.729395092116059,1.4931314,1.392119247611845,0,0.0,2,1.8646975460580295,0,0.0,5,4.661743865145073,,,,,,,,,,,1.0,,False,False,False
2020-10-10,0.9729494,0.9071281965589151,0,0.0,1,0.9323487730290148,0,0.0,3,2.797046319087044,1.6932461,1.5786959920660593,0,0.0,3,2.797046319087044,0,0.0,5,4.661743865145073,,,,,,,,,,,0.0,,False,False,False
2020-10-11,0.76658744,0.7147268661356065,0,0.0,1,0.9323487730290148,0,0.0,3,2.797046319087044,1.922653,1.7925831343745813,0,0.0,3,2.797046319087044,0,0.0,6,5.594092638174088,,,,,,,,,,,0.0,,False,False,False
2020-10-12,1.2958602,1.2081936802132986,0,0.0,2,1.8646975460580295,0,0.0,4,3.729395092116059,2.1859334,2.038052298303228,1,0.9323487730290148,3,2.797046319087044,0,0.0,7,6.526441411203104,10.810759502887725,10.079398358029131,7.0,6.526441411203104,14.0,13.052882822406207,3.0,2.797046319087044,22.0,20.511673006638322,2.0,5.0,False,False,False
2020-10-13,2.113992,1.9709777916432358,1,0.9323487730290148,3,2.797046319087044,0,0.0,6,5.594092638174088,2.4884276,2.3200824216473848,1,0.9323487730290148,4,3.729395092116059,0,0.0,7,6.526441411203104,12.26734117937088,11.437440496914746,8.0,7.458790184232118,16.0,14.917580368464236,4.0,3.729395092116059,24.0,22.37637055269635,1.0,6.0,False,False,False
2020-10-14,2.8562841,2.6630530555848964,1,0.9323487730290148,4,3.729395092116059,0,0.0,8,7.458790184232118,2.8363693,2.6444853574503213,1,0.9323487730290148,4,3.729395092116059,0,0.0,8,7.458790184232118,13.938130807876586,12.995199157041643,9.0,8.391138957261132,18.0,16.782277914522265,4.0,3.729395092116059,26.0,24.241068098754383,7.0,12.0,False,False,False
2020-10-15,3.8195434,3.5611465136753395,1,0.9323487730290148,6,5.594092638174088,0,0.0,10,9.323487730290147,3.2370334,3.01804411719786,1,0.9323487730290148,4,3.729395092116059,0,0.0,9,8.391138957261132,15.856793827056885,14.78406226883054,11.0,10.255836503319161,20.0,18.646975460580293,6.0,5.594092638174088,29.0,27.038114417841424,7.0,18.0,False,False,False
2020-10-16,3.7267568,3.474637196632102,1,0.9323487730290148,5,4.661743865145073,0,0.0,10,9.323487730290147,3.6989274,3.4486904041841626,1,0.9323487730290148,5,4.661743865145073,0,0.0,10,9.323487730290147,18.06259111213684,16.84063466112557,13.0,12.120534049377191,22.0,20.511673006638322,8.0,7.458790184232118,32.0,29.835160736928472,3.0,20.0,False,False,False
2020-10-17,2.8573034,2.6640032956493087,1,0.9323487730290148,4,3.729395092116059,0,0.0,8,7.458790184232118,4.2320104,3.9457096136175096,2,1.8646975460580295,6,5.594092638174088,0,0.0,11,10.255836503319161,20.60135614013672,19.20764911999023,14.0,13.052882822406207,25.0,23.308719325725367,9.0,8.391138957261132,35.0,32.63220705601552,0.0,20.0,False,False,False
2020-10-18,2.239042,2.0875681002507918,1,0.9323487730290148,3,2.797046319087044,0,0.0,6,5.594092638174088,4.8479486,4.519978756434284,2,1.8646975460580295,7,6.526441411203104,0,0.0,12,11.188185276348175,23.526651248931884,21.93504442542318,17.0,15.84992914149325,28.0,26.105765644812415,11.0,10.255836503319161,40.0,37.29395092116059,0.0,20.0,False,False,False
2020-10-19,3.7870073,3.530811591190286,1,0.9323487730290148,5,4.661743865145073,0,0.0,10,9.323487730290147,5.560419,5.184250039746985,2,1.8646975460580295,7,6.526441411203104,0,0.0,14,13.052882822406207,26.901135905265807,25.08124105436135,19.0,17.714626687551277,32.0,29.835160736928472,12.0,11.188185276348175,45.0,41.95569478630566,12.0,30.0,False,False,False
2020-10-20,6.1525836,5.736353705287911,3,2.797046319087044,8,7.458790184232118,1,0.9323487730290148,15,13.985231595435222,6.3854837,5.953498111921363,3,2.797046319087044,8,7.458790184232118,1,0.9323487730290148,15,13.985231595435222,30.798193568229674,28.71465798484903,23.0,21.444021779667338,36.0,33.56455582904453,15.0,13.985231595435222,50.0,46.61743865145073,7.0,36.0,False,False,False
2020-10-21,8.554101,7.9754056059755385,4,3.729395092116059,12,11.188185276348175,1,0.9323487730290148,22,20.511673006638322,7.342032,6.845334428362548,3,2.797046319087044,10,9.323487730290147,1,0.9323487730290148,19,17.714626687551277,35.30385521888733,32.91550609652358,26.0,24.241068098754383,42.0,39.15864846721861,18.0,16.782277914522265,57.0,53.143880062653835,9.0,38.0,False,False,False
2020-10-22,12.219506,11.392841406632215,5,4.661743865145073,17,15.84992914149325,1,0.9323487730290148,30,27.970463190870444,8.452268,7.880461635068059,4,3.729395092116059,11,10.255836503319161,1,0.9323487730290148,20,18.646975460580293,40.51909083366394,37.77792462301777,30.0,27.970463190870444,47.0,43.82039233236369,20.0,18.646975460580293,67.0,62.46736779294399,7.0,38.0,False,False,False
2020-10-23,12.643281,11.787947732955217,6,5.594092638174088,17,15.84992914149325,2,1.8646975460580295,31,28.902811963899456,9.742368,9.083284385269508,5,4.661743865145073,13,12.120534049377191,1,0.9323487730290148,25,23.308719325725367,46.56253316497803,43.41252066549007,35.0,32.63220705601552,55.0,51.27918251659581,24.0,22.37637055269635,77.0,71.79085552323413,9.0,44.0,False,False,False
2020-10-24,10.169707,9.48171436903067,5,4.661743865145073,15,13.985231595435222,1,0.9323487730290148,26,24.241068098754383,11.243196,10.482579818926752,5,4.661743865145073,15,13.985231595435222,1,0.9323487730290148,28,26.105765644812415,53.57371981811524,49.94939193901995,39.0,36.361602148131574,64.0,59.670321473856944,26.0,24.241068098754383,92.0,85.77608711866935,9.0,53.0,False,False,False
2020-10-25,8.369541,7.803331391187385,4,3.729395092116059,11,10.255836503319161,1,0.9323487730290148,21,19.579324233609306,12.991202,12.112331751268357,6,5.594092638174088,17,15.84992914149325,2,1.8646975460580295,31,28.902811963899456,61.71696932601929,57.541740626183426,44.0,41.023346013276644,73.0,68.06146043111806,30.0,27.970463190870444,103.0,96.03192362198851,2.0,55.0,False,False,False
2020-10-26,13.467185,12.556112778838724,6,5.594092638174088,17,15.84992914149325,2,1.8646975460580295,33,30.767509509957485,15.02945,14.01268964400515,7,6.526441411203104,21,19.579324233609306,2,1.8646975460580295,36,33.56455582904453,71.18599680900574,66.37017678172387,51.0,47.54978742447975,87.0,81.11434325352428,35.0,32.63220705601552,120.0,111.88185276348177,15.0,58.0,False,False,False
2020-10-27,22.583565,21.055758406873792,9,8.391138957261132,30,27.970463190870444,3,2.797046319087044,60,55.94092638174089,17.408924,16.231188783422112,8,7.458790184232118,23,21.444021779667338,3,2.797046319087044,44,41.023346013276644,82.20943229675294,76.64786333328945,57.0,53.143880062653835,100.0,93.23487730290147,40.0,37.29395092116059,143.0,133.3258745431491,8.0,59.0,True,False,False
2020-10-28,30.617184,28.545892564579844,15,13.985231595435222,40,37.29395092116059,6,5.594092638174088,76,70.85850675020511,20.19004,18.824159633368254,9,8.391138957261132,28,26.105765644812415,3,2.797046319087044,54,50.34683374356679,95.05745150756836,88.62669828034642,65.0,60.60267024688595,120.0,111.88185276348177,44.0,41.023346013276644,167.0,155.70224509584546,20.0,70.0,True,False,False
2020-10-29,40.653656,37.90338523685932,19,17.714626687551277,52,48.482136197508765,7,6.526441411203104,101,94.16722607593049,23.444494,21.858444961253554,10,9.323487730290147,30,27.970463190870444,3,2.797046319087044,61,56.87327515476989,110.04967367935181,102.60467822718711,73.0,68.06146043111806,138.0,128.66413067800403,48.0,44.7527411053927,202.0,188.33445215186097,13.0,76.0,True,False,False
2020-10-30,42.749027,39.85700313933194,19,17.714626687551277,56,52.21153128962483,7,6.526441411203104,111,103.49071380622063,27.257404,25.413406547158957,11,10.255836503319161,36,33.56455582904453,4,3.729395092116059,73,68.06146043111806,127.56470904159546,118.93479995673478,83.0,77.38494816140822,160.0,149.17580368464235,53.0,49.41448497053778,243.0,226.56075184605055,10.0,77.0,True,False,False
2020-10-31,34.443615,32.11346338503063,14,13.052882822406207,45,41.95569478630566,5,4.661743865145073,93,86.70843589169837,31.730045,29.583467403426766,13,12.120534049377191,43,40.09099724024763,5,4.661743865145073,88,82.04669202655329,148.05156239700318,138.03569254587453,94.0,87.64078466472738,186.0,173.41687178339674,59.0,55.00857760871187,293.0,273.1781904975013,15.0,83.0,True,False,False
2020-11-01,29.895557,27.87308767437935,13,12.120534049377191,39,36.361602148131574,4,3.729395092116059,80,74.58790184232117,36.983055,34.481106558814645,16,14.917580368464236,49,45.68508987842172,6,5.594092638174088,107,99.76131871410458,172.04342152786256,160.40447296921624,107.0,99.76131871410458,216.0,201.38733497426716,65.0,60.60267024688595,364.0,339.3749533825614,,,False,False,True
2020-11-02,53.883766,50.23846169933677,20,18.646975460580293,68,63.399716565973,8,7.458790184232118,150,139.8523159543522,43.160286,40.24044028483331,19,17.714626687551277,54,50.34683374356679,7,6.526441411203104,123,114.67889908256882,200.1742667388916,186.63223198598828,121.0,112.81420153651078,254.0,236.81658834936974,76.0,70.85850675020511,436.0,406.50406504065046,,,False,False,True
2020-11-03,90.99321,84.83740966767073,37,34.49690460207354,120,111.88185276348177,15,13.985231595435222,242,225.62840307302156,50.433548,47.02165606431663,19,17.714626687551277,65,60.60267024688595,7,6.526441411203104,135,125.86708435891698,233.19886856079103,217.422678974408,135.0,125.86708435891698,296.0,275.97523681658834,80.0,74.58790184232117,505.0,470.8361303796524,,,False,False,True
2020-11-04,124.60024,116.1708845756948,48,44.7527411053927,152,141.71701350041022,19,17.714626687551277,359,334.71320951741626,59.00821,55.01623381860554,22,20.511673006638322,76,70.85850675020511,8,7.458790184232118,178,165.95808159916461,272.01706324386595,253.6147751583743,150.0,139.8523159543522,343.0,319.79562914895206,88.0,82.04669202655329,614.0,572.462146639815,,,False,False,True
2020-11-05,161.2542,150.3451494500041,58,54.07622883568285,200,186.46975460580293,20,18.646975460580293,459,427.9480868203177,69.130516,64.45375038310885,25,23.308719325725367,83,77.38494816140822,10,9.323487730290147,184,171.5521742373387,317.70307447052,296.210071670135,170.0,158.4992914149325,394.0,367.3454165734318,100.0,93.23487730290147,726.0,676.8852092190647,,,False,False,True
