,Raw Prediction Mean,Raw Prediction Mean 100k,Raw Prediction Q25,Raw Prediction Q25 100k,Raw Prediction Q75,Raw Prediction Q75 100k,Raw Prediction Q5,Raw Prediction Q5 100k,Raw Prediction Q95,Raw Prediction Q95 100k,Trend Prediction Mean,Trend Prediction Mean 100k,Trend Prediction Q25,Trend Prediction Q25 100k,Trend Prediction Q75,Trend Prediction Q75 100k,Trend Prediction Q5,Trend Prediction Q5 100k,Trend Prediction Q95,Trend Prediction Q95 100k,Trend 7Day Prediction Mean,Trend 7Day Prediction Mean 100k,Trend 7Day Prediction Q25,Trend 7Day Prediction Q25 100k,Trend 7Day Prediction Q75,Trend 7Day Prediction Q75 100k,Trend 7Day Prediction Q5,Trend 7Day Prediction Q5 100k,Trend 7Day Prediction Q95,Trend 7Day Prediction Q95 100k,RKI Meldedaten,RKI 7Day Incidence,is_nowcast,is_high,is_prediction
2020-10-21,1.3478886,1.4473039300355595,0,0.0,2,2.1475126434806886,0,0.0,4,4.295025286961377,1.3545634,1.4544709301844705,0,0.0,2,2.1475126434806886,0,0.0,4,4.295025286961377,,,,,,,,,,,0.0,,False,False,False
2020-10-22,1.6753397,1.798906669137068,0,0.0,2,2.1475126434806886,0,0.0,5,5.368781608701721,1.4803466,1.5895315300440416,0,0.0,2,2.1475126434806886,0,0.0,4,4.295025286961377,,,,,,,,,,,0.0,,False,False,False
2020-10-23,1.5455672,1.6595624401816167,0,0.0,2,2.1475126434806886,0,0.0,5,5.368781608701721,1.6196392,1.7390977518516593,0,0.0,2,2.1475126434806886,0,0.0,5,5.368781608701721,,,,,,,,,,,4.0,,False,False,False
2020-10-24,1.3210664,1.418503416061867,0,0.0,2,2.1475126434806886,0,0.0,4,4.295025286961377,1.7740299,1.9048757167183794,1,1.0737563217403443,3,3.2212689652210327,0,0.0,5,5.368781608701721,,,,,,,,,,,0.0,,False,False,False
2020-10-25,1.2176137,1.3074203707219567,0,0.0,2,2.1475126434806886,0,0.0,4,4.295025286961377,1.9453057,2.0887842765660025,1,1.0737563217403443,3,3.2212689652210327,0,0.0,6,6.442537930442065,,,,,,,,,,,0.0,,False,False,False
2020-10-26,1.4184047,1.523021001048619,0,0.0,2,2.1475126434806886,0,0.0,4,4.295025286961377,2.135486,2.292991484864615,1,1.0737563217403443,3,3.2212689652210327,0,0.0,6,6.442537930442065,,,,,,,,,,,0.0,,False,False,False
2020-10-27,2.5302029,2.7168212909600697,1,1.0737563217403443,4,4.295025286961377,0,0.0,7,7.516294252182409,2.3468418,2.519936242606491,1,1.0737563217403443,3,3.2212689652210327,0,0.0,7,7.516294252182409,12.65621327638626,13.589689014813821,8.0,8.590050573922754,16.0,17.18010114784551,5.0,5.368781608701721,24.0,25.77015172176826,5.0,9.0,False,False,False
2020-10-28,3.1159863,3.3458101825090125,1,1.0737563217403443,4,4.295025286961377,0,0.0,8,8.590050573922754,2.5819464,2.772381230897736,1,1.0737563217403443,4,4.295025286961377,0,0.0,7,7.516294252182409,13.88359428358078,14.907597130472968,9.0,9.663806895663098,17.0,18.253857469585853,6.0,6.442537930442065,26.0,27.91766436524895,2.0,11.0,False,False,False
2020-10-29,3.9110498,4.199514660285786,2,2.1475126434806886,5,5.368781608701721,0,0.0,10,10.737563217403443,2.8437037,3.0534447432728484,1,1.0737563217403443,4,4.295025286961377,0,0.0,8,8.590050573922754,15.246950689315796,16.371509689916135,11.0,11.811319539143787,19.0,20.40137011306654,6.0,6.442537930442065,28.0,30.065177008729638,11.0,22.0,False,True,False
2020-10-30,3.582406,3.8466310797957703,2,2.1475126434806886,5,5.368781608701721,0,0.0,9,9.663806895663098,3.1354012,3.36665689246729,1,1.0737563217403443,5,5.368781608701721,0,0.0,8,8.590050573922754,16.76271288061142,17.99906892507481,12.0,12.88507586088413,21.0,22.54888275654723,8.0,8.590050573922754,30.0,32.21268965221033,5.0,23.0,False,False,False
2020-10-31,2.9411175,3.1580435461364686,1,1.0737563217403443,4,4.295025286961377,0,0.0,8,8.590050573922754,3.4607613,3.7160141800995916,2,2.1475126434806886,5,5.368781608701721,0,0.0,9,9.663806895663098,18.449447253227234,19.810210620767773,13.0,13.958832182624475,23.0,24.696395400027917,9.0,9.663806895663098,32.0,34.36020229569102,4.0,27.0,False,False,False
2020-11-01,2.6116679,2.804294854286127,1,1.0737563217403443,3,3.2212689652210327,0,0.0,7,7.516294252182409,3.8240147,4.10606007790193,2,2.1475126434806886,5,5.368781608701721,0,0.0,10,10.737563217403443,20.328151639938355,21.827481332680154,15.0,16.106344826105165,25.0,26.843908043508605,10.0,10.737563217403443,34.0,36.507714939171706,0.0,27.0,False,False,False
2020-11-02,3.0292296,3.2526546419830993,1,1.0737563217403443,4,4.295025286961377,0,0.0,7,7.516294252182409,4.229926,4.541909947874956,2,2.1475126434806886,6,6.442537930442065,0,0.0,11,11.811319539143787,22.422594188690187,24.076402259924393,17.0,18.253857469585853,27.0,28.991420686989297,11.0,11.811319539143787,37.0,39.728983904392734,1.0,28.0,False,False,False
2020-11-03,5.3608813,5.756280370405875,3,3.2212689652210327,8,8.590050573922754,1,1.0737563217403443,13,13.958832182624475,4.683945,5.029415842727758,2,2.1475126434806886,6,6.442537930442065,0,0.0,11,11.811319539143787,24.759702443122865,26.58588702271302,19.0,20.40137011306654,30.0,32.21268965221033,12.0,12.88507586088413,40.0,42.95025286961377,2.0,25.0,False,False,False
2020-11-04,6.58281,7.068333798088133,3,3.2212689652210327,9,9.663806895663098,1,1.0737563217403443,14,15.032588504364819,5.192254,5.575215618591756,2,2.1475126434806886,7,7.516294252182409,0,0.0,13,13.958832182624475,27.370011568069458,29.388722947320932,21.0,22.54888275654723,33.0,35.43395861743136,14.0,15.032588504364819,44.0,47.24527815657515,12.0,35.0,False,False,False
2020-11-05,8.315633,8.928963507059962,4,4.295025286961377,11,11.811319539143787,1,1.0737563217403443,19,20.40137011306654,5.7618704,6.1868449847679585,3,3.2212689652210327,8,8.590050573922754,1,1.0737563217403443,14,15.032588504364819,30.288176006317137,32.52212046076724,23.0,24.696395400027917,37.0,39.728983904392734,15.0,16.106344826105165,48.0,51.54030344353652,1.0,25.0,False,False,False
2020-11-06,7.52766,8.082872227532789,4,4.295025286961377,10,10.737563217403443,1,1.0737563217403443,18,19.327613791326197,6.4007835,6.872881931485608,3,3.2212689652210327,8,8.590050573922754,1,1.0737563217403443,16,17.18010114784551,33.553561811447146,36.028349111946774,26.0,27.91766436524895,41.0,44.02400919135411,16.0,17.18010114784551,55.0,59.056597695718935,22.0,42.0,False,True,False
2020-11-07,6.2078605,6.665729597443715,3,3.2212689652210327,9,9.663806895663098,1,1.0737563217403443,16,17.18010114784551,7.1181283,7.643135177204385,3,3.2212689652210327,10,10.737563217403443,1,1.0737563217403443,17,18.253857469585853,37.21092565155029,39.95546665616206,28.0,30.065177008729638,46.0,49.392790800055835,19.0,20.40137011306654,62.0,66.57289194790134,5.0,43.0,False,False,False
2020-11-08,5.5783534,5.989792407490313,2,2.1475126434806886,8,8.590050573922754,0,0.0,15,16.106344826105165,7.924285,8.508750761393458,4,4.295025286961377,11,11.811319539143787,1,1.0737563217403443,19,20.40137011306654,41.31119891548157,44.358160994171186,31.0,33.28644597395067,50.0,53.68781608701721,20.0,21.475126434806885,68.0,73.01542987834341,0.0,43.0,False,False,False
2020-11-09,6.548473,7.031464338069782,3,3.2212689652210327,9,9.663806895663098,1,1.0737563217403443,16,17.18010114784551,8.831122,9.482473251409829,4,4.295025286961377,12,12.88507586088413,1,1.0737563217403443,22,23.622639078287573,45.91239378547669,49.298723073387684,34.0,36.507714939171706,55.0,59.056597695718935,22.0,23.622639078287573,79.0,84.82674941748719,0.0,42.0,False,False,False
2020-11-10,11.597263,12.452634109649807,6,6.442537930442065,15,16.106344826105165,2,2.1475126434806886,28,30.065177008729638,9.852188,10.578849469311535,5,5.368781608701721,13,13.958832182624475,1,1.0737563217403443,25,26.843908043508605,51.08064461898804,54.84816507821031,37.0,39.728983904392734,62.0,66.57289194790134,26.0,27.91766436524895,89.0,95.56431263489064,16.0,56.0,False,False,False
2020-11-11,14.189887,15.236480976454914,7,7.516294252182409,18,19.327613791326197,2,2.1475126434806886,34,36.507714939171706,11.003022,11.814564641099423,5,5.368781608701721,14,15.032588504364819,2,2.1475126434806886,27,28.991420686989297,56.89141138458252,61.08751262692606,40.0,42.95025286961377,70.0,75.1629425218241,27.0,28.991420686989297,98.0,105.22811953055373,3.0,47.0,True,False,False
2020-11-12,17.176092,18.442937289364636,8,8.590050573922754,23,24.696395400027917,3,3.2212689652210327,42,45.09776551309446,12.301354,13.208657037466764,6,6.442537930442065,17,18.253857469585853,2,2.1475126434806886,31,33.28644597395067,63.43088079833984,68.10930925077562,44.0,47.24527815657515,79.0,84.82674941748719,30.0,32.21268965221033,112.0,120.26070803491855,6.0,52.0,True,False,False
2020-11-13,15.652855,16.80735149420798,7,7.516294252182409,20,21.475126434806885,2,2.1475126434806886,39,41.87649654787342,13.767464,14.782900689169765,6,6.442537930442065,19,20.40137011306654,2,2.1475126434806886,35,37.58147126091205,70.797566696167,76.01933480384297,48.0,51.54030344353652,89.0,95.56431263489064,31.0,33.28644597395067,129.0,138.5145655045044,17.0,47.0,True,False,False
2020-11-14,13.382597,14.369648124556988,6,6.442537930442065,18,19.327613791326197,2,2.1475126434806886,35,37.58147126091205,15.424748,16.56242093304172,7,7.516294252182409,21,22.54888275654723,2,2.1475126434806886,41,44.02400919135411,79.10419184875488,84.93862607376155,54.0,57.982841373978594,98.0,105.22811953055373,33.0,35.43395861743136,148.0,158.91593561757094,4.0,46.0,True,False,False
2020-11-15,12.265341,13.169986777938902,5,5.368781608701721,16,17.18010114784551,2,2.1475126434806886,36,38.655227582652394,17.299923,18.57590104918927,7,7.516294252182409,23,24.696395400027917,3,3.2212689652210327,49,52.61405976527686,88.47983861732483,95.00578606191797,58.0,62.277866660939964,112.0,120.26070803491855,36.0,38.655227582652394,175.0,187.90735630456027,1.0,47.0,True,False,False
2020-11-16,14.620921,15.699306095484644,6,6.442537930442065,19,20.40137011306654,2,2.1475126434806886,39,41.87649654787342,19.423744,20.85636806441471,8,8.590050573922754,25,26.843908043508605,3,3.2212689652210327,47,50.46654712179618,99.07246732521057,106.37968810085854,63.0,67.64664826964169,122.0,130.998271252322,41.0,44.02400919135411,198.0,212.60375170458818,,,False,False,True
2020-11-17,27.083014,29.080556123517454,12,12.88507586088413,36,38.655227582652394,4,4.295025286961377,76,81.60548045226616,21.831562,23.44177773920819,9,9.663806895663098,28,30.065177008729638,3,3.2212689652210327,58,62.277866660939964,111.05183984375,119.24261507312282,69.0,74.08918620008374,137.0,147.10461607842717,42.0,45.09776551309446,229.0,245.8901976785388,,,False,False,True
2020-11-18,33.376247,35.83795623853803,13,13.958832182624475,43,46.171521834834806,4,4.295025286961377,95,102.0068505653327,24.564053,26.375806191936135,10,10.737563217403443,31,33.28644597395067,4,4.295025286961377,68,73.01542987834341,124.61288451766968,133.8038725211473,75.0,80.53172413052582,157.0,168.57974251323404,46.0,49.392790800055835,260.0,279.1766436524895,,,False,False,True
2020-11-19,40.85732,43.87080552987754,17,18.253857469585853,52,55.8353287304979,7,7.516294252182409,116,124.55573332187993,27.668133,29.708832153119147,11,11.811319539143787,36,38.655227582652394,4,4.295025286961377,73,78.38421148704514,139.97965817260743,150.30404287788966,81.0,86.97426206096789,177.0,190.05486894804093,47.0,50.46654712179618,302.0,324.27440916558396,,,False,False,True
2020-11-20,36.246243,38.91963278874755,15,16.106344826105165,48,51.54030344353652,5,5.368781608701721,106,113.81817010447648,31.197718,33.49874750711024,13,13.958832182624475,40,42.95025286961377,4,4.295025286961377,87,93.41679999140995,157.40991409873962,169.01989036812623,90.0,96.63806895663099,199.0,213.67750802632852,51.0,54.76157240875756,344.0,369.37217467867845,,,False,False,True
