,Raw Prediction Mean,Raw Prediction Mean 100k,Raw Prediction Q25,Raw Prediction Q25 100k,Raw Prediction Q75,Raw Prediction Q75 100k,Raw Prediction Q5,Raw Prediction Q5 100k,Raw Prediction Q95,Raw Prediction Q95 100k,Trend Prediction Mean,Trend Prediction Mean 100k,Trend Prediction Q25,Trend Prediction Q25 100k,Trend Prediction Q75,Trend Prediction Q75 100k,Trend Prediction Q5,Trend Prediction Q5 100k,Trend Prediction Q95,Trend Prediction Q95 100k,Trend 7Day Prediction Mean,Trend 7Day Prediction Mean 100k,Trend 7Day Prediction Q25,Trend 7Day Prediction Q25 100k,Trend 7Day Prediction Q75,Trend 7Day Prediction Q75 100k,Trend 7Day Prediction Q5,Trend 7Day Prediction Q5 100k,Trend 7Day Prediction Q95,Trend 7Day Prediction Q95 100k,RKI Meldedaten,RKI 7Day Incidence,is_nowcast,is_high,is_prediction
2021-06-05,13.071456,3.300581010989845,7,1.7675205474263638,18,4.545052836239222,2,0.5050058706932468,33,8.332596866438573,15.707382,3.966160147683695,8,2.020023482772987,20,5.050058706932468,3,0.7575088060398701,35,8.837602737131819,,,,,,,,,,,27.0,,False,False,False
2021-06-06,5.908101,1.4918128727003932,3,0.7575088060398701,8,2.020023482772987,1,0.2525029353466234,15,3.7875440301993515,13.98576,3.5314453270984814,7,1.7675205474263638,19,4.797555771585845,3,0.7575088060398701,32,8.080093931091948,,,,,,,,,,,7.0,,False,False,False
2021-06-07,8.479036,2.1409816326922737,4,1.0100117413864935,12,3.0300352241594806,1,0.2525029353466234,21,5.302561642279091,12.460749,3.1463754567084834,7,1.7675205474263638,17,4.292549900892598,2,0.5050058706932468,28,7.070082189705455,,,,,,,,,,,4.0,,False,False,False
2021-06-08,16.412424,4.144185368204489,9,2.272526418119611,21,5.302561642279091,3,0.7575088060398701,38,9.59511154317169,11.109085,2.805076655931771,6,1.5150176120797403,15,3.7875440301993515,2,0.5050058706932468,25,6.312573383665585,,,,,,,,,,,15.0,,False,False,False
2021-06-09,15.515107,3.917610229109414,8,2.020023482772987,21,5.302561642279091,3,0.7575088060398701,35,8.837602737131819,9.910321,2.5023851776495576,5,1.262514676733117,13,3.282538159506104,1,0.2525029353466234,23,5.807567512972338,,,,,,,,,,,15.0,,False,False,False
2021-06-10,11.724992,2.960594792966731,6,1.5150176120797403,15,3.7875440301993515,2,0.5050058706932468,26,6.565076319012208,8.846523,2.233773011539597,4,1.0100117413864935,12,3.0300352241594806,1,0.2525029353466234,20,5.050058706932468,,,,,,,,,,,12.0,,False,False,False
2021-06-11,9.683726,2.4451692297589034,5,1.262514676733117,13,3.282538159506104,2,0.5050058706932468,22,5.555064577625715,7.9019165,1.9952571165049449,4,1.0100117413864935,11,2.7775322888128575,1,0.2525029353466234,19,4.797555771585845,79.92174252319336,20.180474585123374,60.0,15.150176120797406,94.0,23.735275922582602,42.0,10.605123284558182,128.0,32.32037572436779,8.0,88.0,False,False,False
2021-06-12,6.0238643,1.5210433957690839,3,0.7575088060398701,9,2.272526418119611,1,0.2525029353466234,15,3.7875440301993515,7.0626535,1.7833406673162244,3,0.7575088060398701,10,2.525029353466234,1,0.2525029353466234,16,4.040046965545974,71.2770153465271,17.997655597744412,55.0,13.887661444064285,85.0,21.462749504462987,37.0,9.342608607825065,115.0,29.03783756486169,8.0,69.0,False,False,False
2021-06-13,3.1966178,0.8071553565969225,1,0.2525029353466234,5,1.262514676733117,0,0.0,9,2.272526418119611,6.316535,1.5949435692164116,3,0.7575088060398701,9,2.272526418119611,1,0.2525029353466234,16,4.040046965545974,63.607782089233396,16.06115168841981,49.0,12.372643831984549,76.0,19.19022308634338,35.0,8.837602737131819,101.0,25.502796470008963,0.0,62.0,False,False,False
2021-06-14,4.972335,1.2555291505123023,2,0.5050058706932468,7,1.7675205474263638,0,0.0,12,3.0300352241594806,5.652808,1.4273506167228334,3,0.7575088060398701,8,2.020023482772987,1,0.2525029353466234,14,3.5350410948527276,56.79983449745178,14.342124937808975,44.0,11.11012915525143,67.0,16.917696668223765,31.0,7.827590995745325,92.0,23.230270051889352,2.0,60.0,False,False,False
2021-06-15,7.4316216,1.8765062122838572,4,1.0100117413864935,10,2.525029353466234,1,0.2525029353466234,18,4.545052836239222,5.0620255,1.2781762961822096,2,0.5050058706932468,7,1.7675205474263638,0,0.0,12,3.0300352241594806,50.752778917312625,12.815225653619661,39.0,9.847614478518313,61.0,15.402679056144027,26.0,6.565076319012208,81.0,20.452737763076495,6.0,51.0,False,False,False
2021-06-16,7.774683,1.9631303075584583,4,1.0100117413864935,11,2.7775322888128575,1,0.2525029353466234,18,4.545052836239222,4.5358562,1.1453170372988097,2,0.5050058706932468,6,1.5150176120797403,0,0.0,11,2.7775322888128575,45.37831655883789,11.458158132194853,35.0,8.837602737131819,53.0,13.382655573371041,25.0,6.312573383665585,72.0,18.180211344956888,5.0,41.0,False,False,False
2021-06-17,6.1569624,1.5546511349384673,3,0.7575088060398701,9,2.272526418119611,1,0.2525029353466234,15,3.7875440301993515,4.0669436,1.0269151971442625,2,0.5050058706932468,6,1.5150176120797403,0,0.0,10,2.525029353466234,40.59874183654785,10.251301485108097,32.0,8.080093931091948,48.0,12.120140896637922,21.0,5.302561642279091,64.0,16.160187862183896,4.0,33.0,False,False,False
2021-06-18,4.6175923,1.1659556548693217,2,0.5050058706932468,6,1.5150176120797403,0,0.0,11,2.7775322888128575,3.648814,0.9213362318405416,2,0.5050058706932468,5,1.262514676733117,0,0.0,9,2.272526418119611,36.345633924484254,9.17737925296609,28.0,7.070082189705455,43.0,10.857626219904807,19.0,4.797555771585845,59.0,14.897673185450781,0.0,25.0,False,False,False
2021-06-19,2.8124182,0.7101438768586377,1,0.2525029353466234,4,1.0100117413864935,0,0.0,8,2.020023482772987,3.2757337,0.8271324077213649,1,0.2525029353466234,4,1.0100117413864935,0,0.0,8,2.020023482772987,32.5587112789154,8.221170169029355,25.0,6.312573383665585,39.0,9.847614478518313,17.0,4.292549900892598,53.0,13.382655573371041,2.0,19.0,False,False,False
2021-06-20,1.5170853,0.38306848182401154,0,0.0,2,0.5050058706932468,0,0.0,4,1.0100117413864935,2.9426587,0.7430299319821643,1,0.2525029353466234,4,1.0100117413864935,0,0.0,8,2.020023482772987,29.18483636569977,7.369256849950073,22.0,5.555064577625715,35.0,8.837602737131819,15.0,3.7875440301993515,46.0,11.615135025944676,1.0,20.0,False,False,False
2021-06-21,2.2419221,0.5660919214278692,1,0.2525029353466234,3,0.7575088060398701,0,0.0,6,1.5150176120797403,2.6451113,0.6678983936581062,1,0.2525029353466234,4,1.0100117413864935,0,0.0,7,1.7675205474263638,26.17714045906067,6.609804804893677,20.0,5.050058706932468,32.0,8.080093931091948,12.0,3.0300352241594806,42.0,10.605123284558182,1.0,19.0,False,False,False
2021-06-22,3.485224,0.8800292562227696,1,0.2525029353466234,5,1.262514676733117,0,0.0,9,2.272526418119611,2.3791463,0.6007414413033985,1,0.2525029353466234,3,0.7575088060398701,0,0.0,7,1.7675205474263638,23.494262104034423,5.932370145071628,17.0,4.292549900892598,29.0,7.322585125052079,11.0,2.7775322888128575,39.0,9.847614478518313,7.0,20.0,False,False,False
2021-06-23,3.5912294,0.9067959581443574,1,0.2525029353466234,5,1.262514676733117,0,0.0,10,2.525029353466234,2.1412716,0.5406773652794072,1,0.2525029353466234,3,0.7575088060398701,0,0.0,6,1.5150176120797403,21.099679498672486,5.327731008287774,15.0,3.7875440301993515,26.0,6.565076319012208,10.0,2.525029353466234,36.0,9.090105672478444,4.0,19.0,False,False,False
2021-06-24,2.8264565,0.7136885869840626,1,0.2525029353466234,4,1.0100117413864935,0,0.0,8,2.020023482772987,1.9283895,0.48692400014260784,1,0.2525029353466234,3,0.7575088060398701,0,0.0,6,1.5150176120797403,18.96112475299835,4.787739657605603,13.0,3.282538159506104,24.0,6.060070448318961,8.0,2.020023482772987,32.0,8.080093931091948,9.0,24.0,False,True,False
2021-06-25,2.071225,0.522990376339294,1,0.2525029353466234,3,0.7575088060398701,0,0.0,6,1.5150176120797403,1.7377616,0.4387899025459774,0,0.0,2,0.5050058706932468,0,0.0,5,1.262514676733117,17.050073297023772,4.305193555373584,11.0,2.7775322888128575,21.0,5.302561642279091,7.0,1.7675205474263638,30.0,7.575088060398703,1.0,25.0,False,False,False
2021-06-26,1.2627195,0.31884037525742315,0,0.0,2,0.5050058706932468,0,0.0,4,1.0100117413864935,1.5669575,0.3956613454647595,0,0.0,2,0.5050058706932468,0,0.0,5,1.262514676733117,15.34129663181305,3.873722431556062,10.0,2.525029353466234,19.0,4.797555771585845,6.0,1.5150176120797403,28.0,7.070082189705455,1.0,24.0,True,False,False
2021-06-27,0.70495677,0.1780036541276786,0,0.0,1,0.2525029353466234,0,0.0,2,0.5050058706932468,1.4138271,0.3569954742488335,0,0.0,2,0.5050058706932468,0,0.0,4,1.0100117413864935,13.812466831207276,3.487688419257711,9.0,2.272526418119611,17.0,4.292549900892598,5.0,1.262514676733117,26.0,6.565076319012208,0.0,23.0,True,False,False
2021-06-28,1.0410647,0.26287191303708823,0,0.0,2,0.5050058706932468,0,0.0,4,1.0100117413864935,1.2764592,0.32230968827207107,0,0.0,2,0.5050058706932468,0,0.0,4,1.0100117413864935,12.443813898086548,3.142099536173961,8.0,2.020023482772987,16.0,4.040046965545974,4.0,1.0100117413864935,24.0,6.060070448318961,1.0,23.0,True,False,False
2021-06-29,1.7267374,0.43600625758699607,0,0.0,3,0.7575088060398701,0,0.0,5,1.262514676733117,1.1531556,0.2911751607825863,0,0.0,2,0.5050058706932468,0,0.0,4,1.0100117413864935,11.217821415662765,2.8325328356490624,7.0,1.7675205474263638,14.0,3.5350410948527276,3.0,0.7575088060398701,23.0,5.807567512972338,1.0,17.0,True,False,False
2021-06-30,1.9018196,0.48021502152550966,1,0.2525029353466234,3,0.7575088060398701,0,0.0,5,1.262514676733117,1.0424123,0.2632121550050215,0,0.0,2,0.5050058706932468,0,0.0,4,1.0100117413864935,10.118962211608887,2.555067661092804,6.0,1.5150176120797403,13.0,3.282538159506104,3.0,0.7575088060398701,21.0,5.302561642279091,2.0,15.0,True,False,False
2021-07-01,1.3533176,0.34171666811744217,0,0.0,2,0.5050058706932468,0,0.0,4,1.0100117413864935,0.94289154,0.2380828846071381,0,0.0,1,0.2525029353466234,0,0.0,3,0.7575088060398701,9.133464308261871,2.30622654771974,5.0,1.262514676733117,12.0,3.0300352241594806,2.0,0.5050058706932468,19.0,4.797555771585845,,,False,False,True
2021-07-02,1.0110408,0.2552907744757249,0,0.0,1,0.2525029353466234,0,0.0,3,0.7575088060398701,0.85340184,0.21548646600422217,0,0.0,1,0.2525029353466234,0,0.0,3,0.7575088060398701,8.249105334281921,2.082923310889674,5.0,1.262514676733117,11.0,2.7775322888128575,2.0,0.5050058706932468,18.0,4.545052836239222,,,False,False,True
2021-07-03,0.61932796,0.15638212289559306,0,0.0,1,0.2525029353466234,0,0.0,2,0.5050058706932468,0.7728853,0.19515580333973048,0,0.0,1,0.2525029353466234,0,0.0,3,0.7575088060398701,7.455032786846161,1.8824176617839739,4.0,1.0100117413864935,10.0,2.525029353466234,2.0,0.5050058706932468,17.0,4.292549900892598,,,False,False,True
2021-07-04,0.33104172,0.08358900913663092,0,0.0,1,0.2525029353466234,0,0.0,2,0.5050058706932468,0.7003998,0.17685300690573058,0,0.0,1,0.2525029353466234,0,0.0,3,0.7575088060398701,6.741605029940605,1.702275059007564,4.0,1.0100117413864935,9.0,2.272526418119611,1.0,0.2525029353466234,15.0,3.7875440301993515,,,False,False,True
2021-07-05,0.49076888,0.12392058579280274,0,0.0,1,0.2525029353466234,0,0.0,2,0.5050058706932468,0.63510454,0.16036575516409357,0,0.0,1,0.2525029353466234,0,0.0,3,0.7575088060398701,6.100250869750977,1.5403312509629141,3.0,0.7575088060398701,8.0,2.020023482772987,1.0,0.2525029353466234,14.0,3.5350410948527276,,,False,False,True
