,Unnamed: 0,Raw Prediction Mean,Raw Prediction Mean 100k,Raw Prediction Q25,Raw Prediction Q25 100k,Raw Prediction Q75,Raw Prediction Q75 100k,Raw Prediction Q5,Raw Prediction Q5 100k,Raw Prediction Q95,Raw Prediction Q95 100k,Trend Prediction Mean,Trend Prediction Mean 100k,Trend Prediction Q25,Trend Prediction Q25 100k,Trend Prediction Q75,Trend Prediction Q75 100k,Trend Prediction Q5,Trend Prediction Q5 100k,Trend Prediction Q95,Trend Prediction Q95 100k,Trend 7Day Prediction Mean,Trend 7Day Prediction Mean 100k,Trend 7Day Prediction Q25,Trend 7Day Prediction Q25 100k,Trend 7Day Prediction Q75,Trend 7Day Prediction Q75 100k,Trend 7Day Prediction Q5,Trend 7Day Prediction Q5 100k,Trend 7Day Prediction Q95,Trend 7Day Prediction Q95 100k,RKI Meldedaten,RKI 7Day Incidence,is_nowcast,is_high,is_prediction
0,2020-09-14,0.16336916,0.0685394070387701,0,0.0,0,0.0,0,0.0,1,0.419536998967939,0.16450945,0.0690178012519027,0,0.0,0,0.0,0,0.0,1,0.419536998967939,,,,,,,,,,,0.0,,False,False,False
1,2020-09-15,0.21479982,0.0901164696642808,0,0.0,0,0.0,0,0.0,1,0.419536998967939,0.18928908,0.0794137690718344,0,0.0,0,0.0,0,0.0,1,0.419536998967939,,,,,,,,,,,0.0,,False,False,False
2,2020-09-16,0.28102374,0.1178998559225874,0,0.0,0,0.0,0,0.0,1,0.419536998967939,0.2183804,0.0916186593258316,0,0.0,0,0.0,0,0.0,1,0.419536998967939,,,,,,,,,,,0.0,,False,False,False
3,2020-09-17,0.34692255,0.1455468463973375,0,0.0,0,0.0,0,0.0,2,0.839073997935878,0.25262287,0.1059846454154467,0,0.0,0,0.0,0,0.0,1,0.419536998967939,,,,,,,,,,,0.0,,False,False,False
4,2020-09-18,0.37050164,0.1554391474201111,0,0.0,1,0.419536998967939,0,0.0,2,0.839073997935878,0.29303488,0.1229389795298629,0,0.0,0,0.0,0,0.0,1,0.419536998967939,,,,,,,,,,,1.0,,False,False,False
5,2020-09-19,0.30098665,0.1262750402020174,0,0.0,0,0.0,0,0.0,2,0.839073997935878,0.3408564,0.1430018755854689,0,0.0,0,0.0,0,0.0,2,0.839073997935878,,,,,,,,,,,0.0,,False,False,False
6,2020-09-20,0.15725942,0.0659761440147121,0,0.0,0,0.0,0,0.0,1,0.419536998967939,0.3976014,0.1668085019446152,0,0.0,1,0.419536998967939,0,0.0,2,0.839073997935878,1.8562943226099011,0.7787841493089812,1.0,0.419536998967939,3.0,1.258610996903817,0.0,0.0,5.0,2.0976849948396947,0.0,1.0,False,False,False
7,2020-09-21,0.46411544,0.1947136070157284,0,0.0,1,0.419536998967939,0,0.0,2,0.839073997935878,0.46512175,0.1951357717189239,0,0.0,1,0.419536998967939,0,0.0,2,0.839073997935878,2.156906864255667,0.9049022328831702,1.0,0.419536998967939,3.0,1.258610996903817,0.0,0.0,6.0,2.517221993807634,0.0,1.0,False,False,False
8,2020-09-22,0.62187153,0.2608981048979331,0,0.0,1,0.419536998967939,0,0.0,2,0.839073997935878,0.5456927,0.228938279178692,0,0.0,1,0.419536998967939,0,0.0,2,0.839073997935878,2.5133104396760464,1.0544267193364798,1.0,0.419536998967939,3.0,1.258610996903817,0.0,0.0,7.0,2.936758992775573,1.0,2.0,False,False,False
9,2020-09-23,0.82986826,0.3481604380795033,0,0.0,1,0.419536998967939,0,0.0,3,1.258610996903817,0.64211327,0.2693902843020623,0,0.0,1,0.419536998967939,0,0.0,3,1.258610996903817,2.937043059527874,1.232198231033938,1.0,0.419536998967939,4.0,1.678147995871756,0.0,0.0,8.0,3.356295991743512,1.0,3.0,False,False,False
10,2020-09-24,1.0412298,0.4368344434624305,0,0.0,2,0.839073997935878,0,0.0,4,1.678147995871756,0.7578405,0.3179421355525846,0,0.0,1,0.419536998967939,0,0.0,3,1.258610996903817,3.442260926425457,1.4441558187371335,2.0,0.839073997935878,5.0,2.0976849948396947,0.0,0.0,9.0,3.7758329907114505,0.0,3.0,False,False,False
11,2020-09-25,1.1367673,0.4769159204442985,0,0.0,2,0.839073997935878,0,0.0,4,1.678147995871756,0.8971578,0.3763908807741245,0,0.0,1,0.419536998967939,0,0.0,3,1.258610996903817,4.046383362650872,1.697607532640344,2.0,0.839073997935878,5.0,2.0976849948396947,0.0,0.0,10.0,4.1953699896793895,0.0,2.0,False,False,False
12,2020-09-26,0.94072443,0.3946687229472445,0,0.0,2,0.839073997935878,0,0.0,3,1.258610996903817,1.0653819,0.4469671239348827,0,0.0,2,0.839073997935878,0,0.0,4,1.678147995871756,4.770909453630448,2.001573034523888,3.0,1.258610996903817,6.0,2.517221993807634,1.0,0.419536998967939,10.0,4.1953699896793895,5.0,7.0,False,True,False
13,2020-09-27,0.50168264,0.2104744226016919,0,0.0,1,0.419536998967939,0,0.0,2,0.839073997935878,1.2691453,0.5324533958628308,0,0.0,2,0.839073997935878,0,0.0,4,1.678147995871756,5.6424539387226105,2.367218192266511,3.0,1.258610996903817,7.0,2.936758992775573,1.0,0.419536998967939,12.0,5.034443987615268,0.0,7.0,False,False,False
14,2020-09-28,1.5138056,0.6350974672386656,0,0.0,2,0.839073997935878,0,0.0,5,2.0976849948396947,1.5167375,0.6363274678733433,0,0.0,2,0.839073997935878,0,0.0,5,2.0976849948396947,6.694067878961564,2.8084091488272107,4.0,1.678147995871756,9.0,3.7758329907114505,2.0,0.839073997935878,14.0,5.873517985551146,1.0,8.0,False,False,False
15,2020-09-29,2.076582,0.8712029739399441,0,0.0,3,1.258610996903817,0,0.0,6,2.517221993807634,1.8185482,0.7629482752236072,0,0.0,3,1.258610996903817,0,0.0,6,2.517221993807634,7.966923397779465,3.3424191333118523,5.0,2.0976849948396947,10.0,4.1953699896793895,3.0,1.258610996903817,16.0,6.712591983487024,2.0,9.0,False,False,False
16,2020-09-30,2.8235343,1.1845771041407716,1,0.419536998967939,4,1.678147995871756,0,0.0,8,3.356295991743512,2.1876636,0.9178058462566696,1,0.419536998967939,3,1.258610996903817,0,0.0,6,2.517221993807634,9.512474051475523,3.990834816316434,6.0,2.517221993807634,12.0,5.034443987615268,3.0,1.258610996903817,19.0,7.97120298039084,7.0,15.0,False,True,False
17,2020-10-01,3.640218,1.5272062228177674,1,0.419536998967939,5,2.0976849948396947,0,0.0,11,4.614906988647329,2.6405985,1.1078287570853718,1,0.419536998967939,4,1.678147995871756,0,0.0,8,3.356295991743512,11.39523156642914,4.780721253924408,8.0,3.356295991743512,14.0,5.873517985551146,4.0,1.678147995871756,22.0,9.229813977294658,0.0,15.0,False,False,False
18,2020-10-02,4.0668955,1.7062131519196555,1,0.419536998967939,6,2.517221993807634,0,0.0,11,4.614906988647329,3.1982734,1.3417939953797031,1,0.419536998967939,5,2.0976849948396947,0,0.0,9,3.7758329907114505,13.696346269130707,5.746124010576825,9.0,3.7758329907114505,17.0,7.132128982454963,5.0,2.0976849948396947,27.0,11.327498972134352,5.0,20.0,False,False,False
19,2020-10-03,3.4518623,1.448183957108995,1,0.419536998967939,5,2.0976849948396947,0,0.0,10,4.1953699896793895,3.8872764,1.630856240808498,1,0.419536998967939,6,2.517221993807634,0,0.0,12,5.034443987615268,16.518242674350738,6.930013959821251,11.0,4.614906988647329,21.0,8.81027697832672,6.0,2.517221993807634,34.0,14.264257964909929,2.0,17.0,False,False,False
20,2020-10-04,1.8811526,0.7892131179687567,0,0.0,3,1.258610996903817,0,0.0,6,2.517221993807634,4.7415385,1.9892508134944364,2,0.839073997935878,6,2.517221993807634,0,0.0,14,5.873517985551146,19.990633083343507,8.386810211255131,12.0,5.034443987615268,25.0,10.488424974198477,7.0,2.936758992775573,41.0,17.201016957685496,0.0,17.0,False,False,False
21,2020-10-05,5.8325634,2.446976213832386,2,0.839073997935878,8,3.356295991743512,0,0.0,16,6.712591983487024,5.8044543,2.4351833417313173,2,0.839073997935878,8,3.356295991743512,0,0.0,18,7.551665981422901,24.278350622177125,10.185666359919583,15.0,6.293054984519085,31.0,13.00564696800611,8.0,3.356295991743512,54.0,22.654997944268704,5.0,21.0,True,False,False
22,2020-10-06,8.169659,3.4274740755790845,3,1.258610996903817,11,4.614906988647329,0,0.0,24,10.068887975230536,7.131798,2.9920531233074144,2,0.839073997935878,9,3.7758329907114505,0,0.0,22,9.229813977294658,29.59159297609329,12.414768111870922,17.0,7.132128982454963,38.0,15.94240596078168,9.0,3.7758329907114505,68.0,28.528515929819854,3.0,22.0,True,False,False
23,2020-10-07,11.378533,4.773715772898868,3,1.258610996903817,15,6.293054984519085,1,0.419536998967939,34,14.264257964909929,8.795414,3.690001540235244,3,1.258610996903817,11,4.614906988647329,1,0.419536998967939,25,10.488424974198477,36.199336149692535,15.186960852873634,20.0,8.390739979358779,46.0,19.298701952525192,11.0,4.614906988647329,80.0,33.56295991743512,8.0,23.0,True,False,False
24,2020-10-08,15.043054,6.31111761322245,5,2.0976849948396947,19,7.97120298039084,1,0.419536998967939,49,20.557312949429008,10.888275,4.568034273688681,3,1.258610996903817,14,5.873517985551146,1,0.419536998967939,37,15.522868961813742,44.44700788640976,18.647164301768665,23.0,9.649350976262596,55.0,23.07453494323665,13.0,5.453980986583207,106.0,44.47092189060153,7.0,30.0,True,False,False
25,2020-10-09,17.227623,7.22762561053969,5,2.0976849948396947,22,9.229813977294658,1,0.419536998967939,50,20.97684994839695,13.531048,5.676775253959931,4,1.678147995871756,17,7.132128982454963,1,0.419536998967939,40,16.781479958717558,54.77978206729889,22.982145372632296,27.0,11.327498972134352,67.0,28.108978930851915,14.0,5.873517985551146,133.0,55.79842086273589,4.0,29.0,True,False,False
26,2020-10-10,15.033274,6.307014700723812,4,1.678147995871756,17,7.132128982454963,1,0.419536998967939,48,20.137775950461076,16.880953,7.082184311002493,5,2.0976849948396947,21,8.81027697832672,1,0.419536998967939,54,22.654997944268704,67.77346289348603,28.43347523199809,33.0,13.844720965941985,83.0,34.821570914338935,16.0,6.712591983487024,178.0,74.67758581629315,,,False,False,True
27,2020-10-11,8.455665,3.547464075381868,2,0.839073997935878,10,4.1953699896793895,0,0.0,29,12.16657297007023,21.143597,8.870520832715556,6,2.517221993807634,24,10.068887975230536,1,0.419536998967939,72,30.206663925691604,84.17552327251434,35.31474642030658,38.0,15.94240596078168,100.0,41.9536998967939,18.0,7.551665981422901,238.0,99.84980575436948,,,False,False,True
28,2020-10-12,26.925383,11.296194134047257,7,2.936758992775573,30,12.58610996903817,2,0.839073997935878,96,40.27555190092215,26.588722,11.154952517244965,6,2.517221993807634,30,12.58610996903817,2,0.839073997935878,93,39.01694090401832,104.95978594112395,44.03451360605642,42.0,17.62055395665344,122.0,51.18351387408856,20.0,8.390739979358779,306.0,128.37832168418933,,,False,False,True
29,2020-10-13,38.84984,16.29894395591691,8,3.356295991743512,43,18.040090955621377,3,1.258610996903817,135,56.63749486067176,33.571655,14.084551366977394,7,2.936758992775573,38,15.94240596078168,1,0.419536998967939,115,48.24675488131299,131.39965437221528,55.12701666074363,50.0,20.97684994839695,149.0,62.5110128462229,22.0,9.229813977294658,388.0,162.78035559956032,,,False,False,True
30,2020-10-14,55.650223,23.347327078226957,11,4.614906988647329,58,24.33314594014046,3,1.258610996903817,202,84.74647379152367,42.562046,17.856352496892214,9,3.7758329907114505,46,19.298701952525192,2,0.839073997935878,139,58.31564285654351,165.16632265520096,69.29338333733332,59.0,24.7526829391084,187.0,78.4534188070046,24.0,10.068887975230536,497.0,208.5098884870657,,,False,False,True
