,Raw Prediction Mean,Raw Prediction Mean 100k,Raw Prediction Q25,Raw Prediction Q25 100k,Raw Prediction Q75,Raw Prediction Q75 100k,Raw Prediction Q5,Raw Prediction Q5 100k,Raw Prediction Q95,Raw Prediction Q95 100k,Trend Prediction Mean,Trend Prediction Mean 100k,Trend Prediction Q25,Trend Prediction Q25 100k,Trend Prediction Q75,Trend Prediction Q75 100k,Trend Prediction Q5,Trend Prediction Q5 100k,Trend Prediction Q95,Trend Prediction Q95 100k,Trend 7Day Prediction Mean,Trend 7Day Prediction Mean 100k,Trend 7Day Prediction Q25,Trend 7Day Prediction Q25 100k,Trend 7Day Prediction Q75,Trend 7Day Prediction Q75 100k,Trend 7Day Prediction Q5,Trend 7Day Prediction Q5 100k,Trend 7Day Prediction Q95,Trend 7Day Prediction Q95 100k,RKI Meldedaten,RKI 7Day Incidence,is_nowcast,is_high,is_prediction
2021-06-27,0.4379983,0.09466876349506492,0,0.0,1,0.2161395742914945,0,0.0,2,0.432279148582989,1.3679223,0.29566215289378306,0,0.0,2,0.432279148582989,0,0.0,4,0.864558297165978,,,,,,,,,,,0.0,,False,False,False
2021-06-28,1.3343583,0.28840763661719393,0,0.0,2,0.432279148582989,0,0.0,4,0.864558297165978,1.4845263,0.32086488772620214,0,0.0,2,0.432279148582989,0,0.0,4,0.864558297165978,,,,,,,,,,,1.0,,False,False,False
2021-06-29,2.3318777,0.5040110409026965,1,0.2161395742914945,3,0.6484187228744834,0,0.0,7,1.5129770200404613,1.6125913,0.3485447905404726,0,0.0,2,0.432279148582989,0,0.0,5,1.0806978714574724,,,,,,,,,,,4.0,,False,False,False
2021-06-30,2.7833438,0.601590727455914,1,0.2161395742914945,4,0.864558297165978,0,0.0,8,1.729116594331956,1.7533737,0.3789734591919114,0,0.0,3,0.6484187228744834,0,0.0,5,1.0806978714574724,,,,,,,,,,,3.0,,False,False,False
2021-07-01,2.6612592,0.5752034212491708,1,0.2161395742914945,4,0.864558297165978,0,0.0,7,1.5129770200404613,1.9082657,0.412451754527865,0,0.0,3,0.6484187228744834,0,0.0,5,1.0806978714574724,,,,,,,,,,,4.0,,False,False,False
2021-07-02,2.3753092,0.5133983449923107,1,0.2161395742914945,3,0.6484187228744834,0,0.0,7,1.5129770200404613,2.0788302,0.4493174856179394,1,0.2161395742914945,3,0.6484187228744834,0,0.0,5,1.0806978714574724,,,,,,,,,,,2.0,,False,False,False
2021-07-03,2.1626358,0.4674311639973894,1,0.2161395742914945,3,0.6484187228744834,0,0.0,6,1.2968374457489669,2.2668197,0.4899494342680555,1,0.2161395742914945,3,0.6484187228744834,0,0.0,7,1.5129770200404613,12.472329628467559,2.695764016320172,8.0,1.729116594331956,15.0,3.242093614372417,4.0,0.864558297165978,23.0,4.971210208704373,2.0,16.0,False,False,False
2021-07-04,0.8685858,0.18773577039610245,0,0.0,1,0.2161395742914945,0,0.0,3,0.6484187228744834,2.4741924,0.5347708793124184,1,0.2161395742914945,3,0.6484187228744834,0,0.0,7,1.5129770200404613,13.578599990844726,2.93487282149567,9.0,1.9452561686234504,17.0,3.674372762955406,5.0,1.0806978714574724,25.0,5.403489357287362,2.0,18.0,False,False,False
2021-07-05,2.5866246,0.5590719410974998,1,0.2161395742914945,4,0.864558297165978,0,0.0,7,1.5129770200404613,2.703148,0.5842572136316448,1,0.2161395742914945,4,0.864558297165978,0,0.0,7,1.5129770200404613,14.797225572109223,3.198266035850903,10.0,2.161395742914945,18.0,3.890512337246901,6.0,1.2968374457489669,27.0,5.835768505870351,0.0,17.0,False,False,False
2021-07-06,4.6965613,1.0151127753488254,2,0.432279148582989,6,1.2968374457489669,0,0.0,11,2.3775353172064393,2.956161,0.6389434020093177,1,0.2161395742914945,4,0.864558297165978,0,0.0,8,1.729116594331956,16.140795871257783,3.4886647483395685,11.0,2.3775353172064393,20.0,4.32279148582989,7.0,1.5129770200404613,29.0,6.26804765445334,5.0,18.0,False,False,False
2021-07-07,5.488758,1.1863377949339338,3,0.6484187228744834,7,1.5129770200404613,1,0.2161395742914945,14,3.0259540400809226,3.2360034,0.6994283921812894,1,0.2161395742914945,4,0.864558297165978,0,0.0,8,1.729116594331956,17.6234243144989,3.809119428894166,12.0,2.5936748914979337,21.0,4.538931060121384,8.0,1.729116594331956,30.0,6.484187228744834,2.0,17.0,False,False,False
2021-07-08,5.087627,1.099637484003324,2,0.432279148582989,7,1.5129770200404613,1,0.2161395742914945,13,2.809814465789428,3.5457838,0.766384164307965,2,0.432279148582989,5,1.0806978714574724,0,0.0,9,1.9452561686234504,19.260944319725038,4.163052305717549,14.0,3.0259540400809226,24.0,5.1873497829958675,9.0,1.9452561686234504,33.0,7.132605951619317,9.0,22.0,False,False,False
2021-07-09,4.36155,0.942703536566114,2,0.432279148582989,6,1.2968374457489669,0,0.0,10,2.161395742914945,3.8890216,0.8405714652326424,2,0.432279148582989,6,1.2968374457489669,0,0.0,10,2.161395742914945,21.071132274627686,4.554305559677798,16.0,3.458233188663912,26.0,5.619628931578856,10.0,2.161395742914945,36.0,7.781024674493802,5.0,25.0,False,False,False
2021-07-10,3.8096366,0.8234132110374048,2,0.432279148582989,6,1.2968374457489669,0,0.0,10,2.161395742914945,4.2696457,0.9228394446836319,2,0.432279148582989,6,1.2968374457489669,0,0.0,11,2.3775353172064393,23.073960552215578,4.987196010974612,17.0,3.674372762955406,28.0,6.051908080161845,11.0,2.3775353172064393,39.0,8.429443397368283,0.0,23.0,False,False,False
2021-07-11,1.6560652,0.3579412350518396,0,0.0,3,0.6484187228744834,0,0.0,5,1.0806978714574724,4.6921244,1.014153804135276,2,0.432279148582989,7,1.5129770200404613,0,0.0,12,2.5936748914979337,25.291887353897096,5.466577765699752,19.0,4.106651911538395,31.0,6.700326803036329,12.0,2.5936748914979337,41.0,8.861722545951274,2.0,23.0,False,False,False
2021-07-12,5.243206,1.1332643225614447,2,0.432279148582989,7,1.5129770200404613,0,0.0,12,2.5936748914979337,5.1614456,1.1155926586070564,2,0.432279148582989,7,1.5129770200404613,0,0.0,13,2.809814465789428,27.750182260513306,5.997912580298728,21.0,4.538931060121384,33.0,7.132605951619317,14.0,3.0259540400809226,45.0,9.726280843117252,5.0,28.0,False,False,False
2021-07-13,9.691388,2.09469253604766,5,1.0806978714574724,13,2.809814465789428,2,0.432279148582989,23,4.971210208704373,5.6832814,1.2283820069569629,3,0.6484187228744834,8,1.729116594331956,1,0.2161395742914945,13,2.809814465789428,30.477302043914793,6.587351089325038,23.0,4.971210208704373,37.0,7.997164248785295,15.0,3.242093614372417,48.0,10.374699565991735,2.0,25.0,False,False,False
2021-07-14,10.907934,2.3576361854793504,6,1.2968374457489669,15,3.242093614372417,2,0.432279148582989,26,5.619628931578856,6.264013,1.3539010979002342,3,0.6484187228744834,8,1.729116594331956,1,0.2161395742914945,15,3.242093614372417,33.50531345939636,7.24182418761701,25.0,5.403489357287362,40.0,8.64558297165978,16.0,3.458233188663912,53.0,11.455397437449207,7.0,30.0,False,False,False
2021-07-15,9.456349,2.04389125428861,5,1.0806978714574724,12,2.5936748914979337,2,0.432279148582989,23,4.971210208704373,6.910853,1.493708805355709,3,0.6484187228744834,9,1.9452561686234504,1,0.2161395742914945,16,3.458233188663912,36.87037985420227,7.9691482056529725,27.0,5.835768505870351,43.0,9.294001694534263,18.0,3.890512337246901,59.0,12.752234883198176,7.0,28.0,False,False,False
2021-07-16,8.832717,1.9090995920123532,4,0.864558297165978,12,2.5936748914979337,1,0.2161395742914945,23,4.971210208704373,7.6319532,1.6495670934091322,4,0.864558297165978,11,2.3775353172064393,1,0.2161395742914945,19,4.106651911538395,40.61331520652771,8.778144659305179,29.0,6.26804765445334,48.0,10.374699565991735,19.0,4.106651911538395,66.0,14.265211903238635,11.0,34.0,False,False,False
2021-07-17,8.569938,1.852302739280276,4,0.864558297165978,11,2.3775353172064393,1,0.2161395742914945,21,4.538931060121384,8.436552,1.8234728486277163,4,0.864558297165978,11,2.3775353172064393,1,0.2161395742914945,21,4.538931060121384,44.78021513366699,9.678776635672321,33.0,7.132605951619317,54.0,11.671537011740702,21.0,4.538931060121384,75.0,16.21046807186209,16.0,50.0,False,False,False
2021-07-18,3.4953241,0.7554778676421847,1,0.2161395742914945,5,1.0806978714574724,0,0.0,10,2.161395742914945,9.3350725,2.017678525589872,4,0.864558297165978,12,2.5936748914979337,1,0.2161395742914945,22,4.755070634412879,49.42317506790161,10.682304019310259,35.0,7.564885100202307,59.0,12.752234883198176,23.0,4.971210208704373,86.0,18.588003389068525,11.0,59.0,True,False,False
2021-07-19,10.286042,2.223220872110687,4,0.864558297165978,14,3.0259540400809226,1,0.2161395742914945,27,5.835768505870351,10.339394,2.234752173535526,5,1.0806978714574724,13,2.809814465789428,2,0.432279148582989,26,5.619628931578856,54.60112279510498,11.801463436771604,38.0,8.21330382307679,65.0,14.04907232894714,25.0,5.403489357287362,95.0,20.533259557691974,11.0,65.0,True,False,False
2021-07-20,18.07409,3.906526035279967,8,1.729116594331956,23,4.971210208704373,3,0.6484187228744834,45,9.726280843117252,11.462897,2.477585803717375,5,1.0806978714574724,16,3.458233188663912,1,0.2161395742914945,29,6.26804765445334,60.380749450683595,13.050669481672143,41.0,8.861722545951274,73.0,15.778188923279096,26.0,5.619628931578856,107.0,23.126934449189907,12.0,75.0,True,False,False
2021-07-21,23.86991,5.159232023288496,11,2.3775353172064393,33,7.132605951619317,5,1.0806978714574724,63,13.616793180364152,12.720874,2.7494843379827216,6,1.2968374457489669,18,3.890512337246901,2,0.432279148582989,34,7.348745525910812,66.8376014137268,14.4462507162275,45.0,9.726280843117252,83.0,17.939584666194044,28.0,6.051908080161845,123.0,26.585167637853818,5.0,73.0,True,False,False
2021-07-22,19.883896,4.297696796129458,9,1.9452561686234504,27,5.835768505870351,3,0.6484187228744834,52,11.239257863157713,14.130548,3.0541705200448632,6,1.2968374457489669,19,4.106651911538395,2,0.432279148582989,38,8.21330382307679,74.05730396842957,16.00671415291217,49.0,10.59083914028323,93.0,20.10098040910899,30.0,6.484187228744834,143.0,30.907959123683707,7.0,73.0,True,False,False
2021-07-23,16.66566,3.6021086998516694,8,1.729116594331956,21,4.538931060121384,3,0.6484187228744834,40,8.64558297165978,15.71162,3.395902967895381,6,1.2968374457489669,21,4.538931060121384,2,0.432279148582989,43,9.294001694534263,82.13698237419129,17.75305240394569,52.0,11.239257863157713,104.0,22.478515726315425,31.0,6.700326803036329,166.0,35.87916933238809,,,False,False,True
2021-07-24,14.441387,3.12135525746271,6,1.2968374457489669,19,4.106651911538395,2,0.432279148582989,38,8.21330382307679,17.48646,3.779515827773139,8,1.729116594331956,23,4.971210208704373,3,0.6484187228744834,43,9.294001694534263,91.18688850021363,19.709095261402148,56.0,12.10381616032369,115.0,24.856051043521866,36.0,7.781024674493802,188.0,40.63423996680096,,,False,False,True
2021-07-25,5.907495,1.2768434316967614,2,0.432279148582989,9,1.9452561686234504,0,0.0,18,3.890512337246901,19.480452,4.2104966269107535,8,1.729116594331956,26,5.619628931578856,3,0.6484187228744834,51,11.023118288866218,101.3322481842041,21.90190898453394,61.0,13.184514031781163,128.0,27.665865509311296,36.0,7.781024674493802,216.0,46.686148046962806,,,False,False,True
2021-07-26,18.572294,4.014207661384717,7,1.5129770200404613,26,5.619628931578856,2,0.432279148582989,55,11.887676586032196,21.722553,4.695103416452184,9,1.9452561686234504,30,6.484187228744834,3,0.6484187228744834,61,13.184514031781163,112.71541093826293,24.362260936287008,65.0,14.04907232894714,143.0,30.907959123683707,37.0,7.997164248785295,246.0,53.170335275707636,,,False,False,True
2021-07-27,34.016785,7.352373359026387,13,2.809814465789428,46,9.942420417408746,5,1.0806978714574724,100,21.613957429149448,24.2458,5.240476821199991,9,1.9452561686234504,31,6.700326803036329,3,0.6484187228744834,70,15.129770200404614,125.49828874397278,27.125146703433327,73.0,15.778188923279096,160.0,34.58233188663912,41.0,8.861722545951274,282.0,60.95135995020144,,,False,False,True
