,Raw Prediction Mean,Raw Prediction Mean 100k,Raw Prediction Q25,Raw Prediction Q25 100k,Raw Prediction Q75,Raw Prediction Q75 100k,Raw Prediction Q5,Raw Prediction Q5 100k,Raw Prediction Q95,Raw Prediction Q95 100k,Trend Prediction Mean,Trend Prediction Mean 100k,Trend Prediction Q25,Trend Prediction Q25 100k,Trend Prediction Q75,Trend Prediction Q75 100k,Trend Prediction Q5,Trend Prediction Q5 100k,Trend Prediction Q95,Trend Prediction Q95 100k,Trend 7Day Prediction Mean,Trend 7Day Prediction Mean 100k,Trend 7Day Prediction Q25,Trend 7Day Prediction Q25 100k,Trend 7Day Prediction Q75,Trend 7Day Prediction Q75 100k,Trend 7Day Prediction Q5,Trend 7Day Prediction Q5 100k,Trend 7Day Prediction Q95,Trend 7Day Prediction Q95 100k,RKI Meldedaten,RKI 7Day Incidence,is_nowcast,is_high,is_prediction
2021-06-27,0.29606375,0.20338238755357452,0,0.0,0,0.0,0,0.0,1,0.6869547296833138,0.8805934,0.6049277999409242,0,0.0,1,0.6869547296833138,0,0.0,3,2.0608641890499415,,,,,,,,,,,1.0,,False,False,False
2021-06-28,0.9022375,0.6197963102749782,0,0.0,1,0.6869547296833138,0,0.0,3,2.0608641890499415,0.96295506,0.6615065103687812,0,0.0,1,0.6869547296833138,0,0.0,3,2.0608641890499415,,,,,,,,,,,0.0,,False,False,False
2021-06-29,1.6191704,1.1122967407573014,0,0.0,2,1.3739094593666277,0,0.0,5,3.4347736484165696,1.0541478,0.7241518233058741,0,0.0,2,1.3739094593666277,0,0.0,4,2.7478189187332553,,,,,,,,,,,7.0,,False,True,False
2021-06-30,1.9307908,1.3263658729556482,1,0.6869547296833138,3,2.0608641890499415,0,0.0,6,4.121728378099883,1.1552167,0.7935816029203124,0,0.0,2,1.3739094593666277,0,0.0,4,2.7478189187332553,,,,,,,,,,,1.0,,False,False,False
2021-07-01,1.8491591,1.2702886124316137,0,0.0,3,2.0608641890499415,0,0.0,5,3.4347736484165696,1.2673402,0.8706053449714091,0,0.0,2,1.3739094593666277,0,0.0,4,2.7478189187332553,,,,,,,,,,,1.0,,False,False,False
2021-07-02,1.6472294,1.1315720257698558,0,0.0,2,1.3739094593666277,0,0.0,5,3.4347736484165696,1.3918524,0.9561395927448757,0,0.0,2,1.3739094593666277,0,0.0,4,2.7478189187332553,,,,,,,,,,,0.0,,False,False,False
2021-07-03,1.4434391,0.9915773262036964,0,0.0,2,1.3739094593666277,0,0.0,4,2.7478189187332553,1.5302517,1.051213712344179,0,0.0,2,1.3739094593666277,0,0.0,4,2.7478189187332553,8.242355253219605,5.662124924929316,5.0,3.4347736484165696,11.0,7.556502026516453,2.0,1.3739094593666277,17.0,11.678230404616336,0.0,10.0,False,False,False
2021-07-04,0.58948463,0.4049492417834699,0,0.0,1,0.6869547296833138,0,0.0,2,1.3739094593666277,1.6842434,1.1569990419957321,0,0.0,3,2.0608641890499415,0,0.0,5,3.4347736484165696,9.046005946874619,6.2141965699489035,5.0,3.4347736484165696,12.0,8.243456756199766,3.0,2.0608641890499415,17.0,11.678230404616336,0.0,9.0,False,False,False
2021-07-05,1.8286502,1.2561999028548598,1,0.6869547296833138,3,2.0608641890499415,0,0.0,5,3.4347736484165696,1.8557532,1.274818441743264,1,0.6869547296833138,3,2.0608641890499415,0,0.0,5,3.4347736484165696,9.938804796934129,6.827508962653107,6.0,4.121728378099883,13.0,8.93041148588308,3.0,2.0608641890499415,19.0,13.052139863982966,0.0,9.0,False,False,False
2021-07-06,3.2983596,2.2658237867290154,1,0.6869547296833138,5,3.4347736484165696,0,0.0,9,6.1825925671498245,2.0469615,1.4061699403100647,1,0.6869547296833138,3,2.0608641890499415,0,0.0,6,4.121728378099883,10.9316197347641,7.509527879895651,7.0,4.808683107783198,14.0,9.617366215566395,4.0,2.7478189187332553,20.0,13.739094593666278,1.0,3.0,False,False,False
2021-07-07,3.9690216,2.7265381504548714,1,0.6869547296833138,5,3.4347736484165696,0,0.0,10,6.869547296833139,2.260346,1.5527553841820918,1,0.6869547296833138,3,2.0608641890499415,0,0.0,6,4.121728378099883,12.036749001979828,8.268701656920951,8.0,5.495637837466511,15.0,10.304320945249708,4.0,2.7478189187332553,22.0,15.113004053032906,3.0,5.0,False,False,False
2021-07-08,3.6863072,2.532326107029803,2,1.3739094593666277,5,3.4347736484165696,0,0.0,9,6.1825925671498245,2.4987154,1.716504448268097,1,0.6869547296833138,4,2.7478189187332553,0,0.0,7,4.808683107783198,13.268121249675751,9.114598646476438,9.0,6.1825925671498245,17.0,11.678230404616336,5.0,3.4347736484165696,24.0,16.486913512399532,4.0,8.0,False,False,False
2021-07-09,3.192567,2.1931491573923267,1,0.6869547296833138,4,2.7478189187332553,0,0.0,8,5.495637837466511,2.7652571,1.8996064682141878,1,0.6869547296833138,4,2.7478189187332553,0,0.0,7,4.808683107783198,14.641526374816895,10.05806579296345,10.0,6.869547296833139,19.0,13.052139863982966,6.0,4.121728378099883,26.0,17.86082297176616,3.0,11.0,False,False,False
2021-07-10,2.8228562,1.9391743990126997,1,0.6869547296833138,4,2.7478189187332553,0,0.0,8,5.495637837466511,3.0636055,2.104558370774612,1,0.6869547296833138,4,2.7478189187332553,0,0.0,8,5.495637837466511,16.17487931537628,11.111409847754539,11.0,7.556502026516453,20.0,13.739094593666278,7.0,4.808683107783198,28.0,19.23473243113279,2.0,13.0,False,False,False
2021-07-11,1.1493734,0.7895674571045674,0,0.0,2,1.3739094593666277,0,0.0,4,2.7478189187332553,3.3978906,2.334197051823139,1,0.6869547296833138,5,3.4347736484165696,0,0.0,8,5.495637837466511,17.88852653980255,12.288607913582847,13.0,8.93041148588308,22.0,15.113004053032906,8.0,5.495637837466511,30.0,20.608641890499417,3.0,16.0,False,False,False
2021-07-12,3.5580716,2.4442340873065405,2,1.3739094593666277,5,3.4347736484165696,0,0.0,9,6.1825925671498245,3.7728195,2.5917561288224533,1,0.6869547296833138,5,3.4347736484165696,0,0.0,10,6.869547296833139,19.80559475708008,13.605546992567206,14.0,9.617366215566395,24.0,16.486913512399532,9.0,6.1825925671498245,33.0,22.669506079549357,1.0,17.0,False,False,False
2021-07-13,6.6381397,4.560101660899818,3,2.0608641890499415,9,6.1825925671498245,1,0.6869547296833138,15,10.304320945249708,4.193763,2.8809252398787066,2,1.3739094593666277,6,4.121728378099883,0,0.0,10,6.869547296833139,21.95239649295807,15.080302598720937,16.0,10.991275674933021,27.0,18.547777701449473,10.0,6.869547296833139,36.0,24.730370268599298,15.0,31.0,False,True,False
2021-07-14,7.5022774,5.15372485097032,4,2.7478189187332553,11,7.556502026516453,1,0.6869547296833138,19,13.052139863982966,4.666842,3.2059091608971357,2,1.3739094593666277,6,4.121728378099883,0,0.0,12,8.243456756199766,24.358895148277284,16.733458231969006,17.0,11.678230404616336,29.0,19.921687160816102,12.0,8.243456756199766,40.0,27.478189187332557,9.0,37.0,False,False,False
2021-07-15,7.0093126,4.815080319531262,3,2.0608641890499415,10,6.869547296833139,1,0.6869547296833138,18,12.365185134299649,5.19906,3.5715187550522387,2,1.3739094593666277,7,4.808683107783198,0,0.0,14,9.617366215566395,27.059243355751036,18.58847520488496,19.0,13.052139863982966,32.0,21.982551349866043,13.0,8.93041148588308,45.0,30.912962835749127,7.0,40.0,False,False,False
2021-07-16,6.50771,4.470502244657837,3,2.0608641890499415,8,5.495637837466511,1,0.6869547296833138,16,10.991275674933021,5.798419,3.983251372119412,3,2.0608641890499415,8,5.495637837466511,0,0.0,13,8.93041148588308,30.092406261444093,20.67212080885079,21.0,14.426049323349591,36.0,24.730370268599298,14.0,9.617366215566395,50.0,34.347736484165694,4.0,41.0,False,False,False
2021-07-17,5.611449,3.8548114389413968,2,1.3739094593666277,8,5.495637837466511,0,0.0,14,9.617366215566395,6.4740777,4.447398168849759,3,2.0608641890499415,9,6.1825925671498245,1,0.6869547296833138,17,11.678230404616336,33.502878851890564,23.014961085313296,23.0,15.79995878271622,40.0,27.478189187332557,15.0,10.304320945249708,58.0,39.843374321632204,4.0,43.0,False,False,False
2021-07-18,2.310901,1.5874842574703507,1,0.6869547296833138,3,2.0608641890499415,0,0.0,6,4.121728378099883,7.2365336,4.971171074430458,3,2.0608641890499415,10,6.869547296833139,1,0.6869547296833138,19,13.052139863982966,37.341518065452576,25.651932448617554,26.0,17.86082297176616,45.0,30.912962835749127,17.0,11.678230404616336,64.0,43.965102699732086,1.0,41.0,True,False,False
2021-07-19,7.360026,5.056004738435149,3,2.0608641890499415,10,6.869547296833139,1,0.6869547296833138,20,13.739094593666278,8.097817,5.5628341215197,4,2.7478189187332553,11,7.556502026516453,1,0.6869547296833138,21,14.426049323349591,41.66651066112518,28.623006568060163,28.0,19.23473243113279,50.0,34.347736484165694,19.0,13.052139863982966,73.0,50.14769526688191,0.0,40.0,True,False,False
2021-07-20,14.098062,9.6847303211689,6,4.121728378099883,19,13.052139863982966,2,1.3739094593666277,37,25.417324998282613,9.071736,6.231872248463333,4,2.7478189187332553,12,8.243456756199766,1,0.6869547296833138,24,16.486913512399532,46.54448518657684,31.9739542395939,31.0,21.29559662018273,57.0,39.15641959194889,19.0,13.052139863982966,84.0,57.704197293398366,3.0,28.0,True,False,False
2021-07-21,18.225233,12.519910524133593,8,5.495637837466511,25,17.173868242082847,3,2.0608641890499415,50,34.347736484165694,10.174176,6.98919830028899,4,2.7478189187332553,13,8.93041148588308,1,0.6869547296833138,28,19.23473243113279,52.0518187456131,35.75724307591749,34.0,23.356460809232672,64.0,43.965102699732086,21.0,14.426049323349591,100.0,68.69547296833139,5.0,24.0,True,False,False
2021-07-22,16.906828,11.614225513767451,8,5.495637837466511,23,15.79995878271622,3,2.0608641890499415,41,28.165143917015868,11.423384,7.847347296774387,5,3.4347736484165696,15,10.304320945249708,1,0.6869547296833138,32,21.982551349866043,58.27613637638092,40.03306751142469,38.0,26.10427972796593,72.0,49.460740537198596,22.0,15.113004053032906,115.0,78.9997939135811,3.0,20.0,True,False,False
2021-07-23,14.208889,9.76086375885643,6,4.121728378099883,18,12.365185134299649,2,1.3739094593666277,35,24.043415538915987,12.840354,8.820741641102359,5,3.4347736484165696,16,10.991275674933021,2,1.3739094593666277,34,23.356460809232672,65.31807138061524,44.87055806870594,41.0,28.165143917015868,80.0,54.956378374665114,24.0,16.486913512399532,133.0,91.36497904788074,,,False,False,True
2021-07-24,12.454672,8.555795648135245,5,3.4347736484165696,17,11.678230404616336,1,0.6869547296833138,35,24.043415538915987,14.449324,9.92603090708144,5,3.4347736484165696,18,12.365185134299649,2,1.3739094593666277,36,24.730370268599298,73.29330872058868,50.34918507974768,45.0,30.912962835749127,90.0,61.825925671498254,25.0,17.173868242082847,151.0,103.73016418218039,,,False,False,True
2021-07-25,5.158261,3.543491766322404,2,1.3739094593666277,7,4.808683107783198,0,0.0,15,10.304320945249708,16.278181,11.182373418705538,6,4.121728378099883,21,14.426049323349591,2,1.3739094593666277,44,30.226008106065812,82.33495578575135,56.560387295288415,49.0,33.66078175448238,102.0,70.06938242769802,28.0,19.23473243113279,177.0,121.59098715394656,,,False,False,True
2021-07-26,16.396154,11.263415944995359,6,4.121728378099883,21,14.426049323349591,2,1.3739094593666277,48,32.973827024799064,18.359182,12.611926649697125,7,4.808683107783198,24,16.486913512399532,2,1.3739094593666277,50,34.347736484165694,92.59632623195648,63.60948425634161,54.0,37.095555402898945,117.0,80.37370337294772,31.0,21.29559662018273,202.0,138.76485539602942,,,False,False,True
2021-07-27,30.39716,20.88147302856669,12,8.243456756199766,39,26.791234457649242,4,2.7478189187332553,87,59.7650614824483,20.729582,14.240284508559853,7,4.808683107783198,27,18.547777701449473,2,1.3739094593666277,58,39.843374321632204,104.2541727628708,71.6178970686754,58.0,39.843374321632204,133.0,91.36497904788074,32.0,21.982551349866043,233.0,160.06045201621214,,,False,False,True
