,Unnamed: 0,Raw Prediction Mean,Raw Prediction Mean 100k,Raw Prediction Q25,Raw Prediction Q25 100k,Raw Prediction Q75,Raw Prediction Q75 100k,Raw Prediction Q5,Raw Prediction Q5 100k,Raw Prediction Q95,Raw Prediction Q95 100k,Trend Prediction Mean,Trend Prediction Mean 100k,Trend Prediction Q25,Trend Prediction Q25 100k,Trend Prediction Q75,Trend Prediction Q75 100k,Trend Prediction Q5,Trend Prediction Q5 100k,Trend Prediction Q95,Trend Prediction Q95 100k,Trend 7Day Prediction Mean,Trend 7Day Prediction Mean 100k,Trend 7Day Prediction Q25,Trend 7Day Prediction Q25 100k,Trend 7Day Prediction Q75,Trend 7Day Prediction Q75 100k,Trend 7Day Prediction Q5,Trend 7Day Prediction Q5 100k,Trend 7Day Prediction Q95,Trend 7Day Prediction Q95 100k,RKI Meldedaten,RKI 7Day Incidence,is_nowcast,is_high,is_prediction
0,2020-09-23,0.10379152,0.1470134861847327,0,0.0,0,0.0,0,0.0,1,1.4164305949008498,0.080248974,0.1136671016865875,0,0.0,0,0.0,0,0.0,1,1.4164305949008498,,,,,,,,,,,1.0,,False,False,False
1,2020-09-24,0.13981596,0.1980396064027445,0,0.0,0,0.0,0,0.0,1,1.4164305949008498,0.097418524,0.1379865807393798,0,0.0,0,0.0,0,0.0,1,1.4164305949008498,,,,,,,,,,,0.0,,False,False,False
2,2020-09-25,0.1340747,0.1899075073197309,0,0.0,0,0.0,0,0.0,1,1.4164305949008498,0.118589625,0.1679739739302022,0,0.0,0,0.0,0,0.0,1,1.4164305949008498,,,,,,,,,,,0.0,,False,False,False
3,2020-09-26,0.11450785,0.1621924184291856,0,0.0,0,0.0,0,0.0,1,1.4164305949008498,0.1447708,0.2050577904810779,0,0.0,0,0.0,0,0.0,1,1.4164305949008498,,,,,,,,,,,0.0,,False,False,False
4,2020-09-27,0.108896516,0.1542443555990758,0,0.0,0,0.0,0,0.0,1,1.4164305949008498,0.17724305,0.2510524836907279,0,0.0,0,0.0,0,0.0,1,1.4164305949008498,,,,,,,,,,,0.0,,False,False,False
5,2020-09-28,0.14773583,0.2092575641654548,0,0.0,0,0.0,0,0.0,1,1.4164305949008498,0.21764071,0.3082729563175235,0,0.0,0,0.0,0,0.0,1,1.4164305949008498,,,,,,,,,,,0.0,,False,False,False
6,2020-09-29,0.32222173,0.4564047230815049,0,0.0,1,1.4164305949008498,0,0.0,2,2.8328611898016995,0.2680519,0.3796769078689976,0,0.0,0,0.0,0,0.0,1,1.4164305949008498,1.103963592145592,1.56368780757166,0.0,0.0,2.0,2.8328611898016995,0.0,0.0,4.0,5.665722379603399,0.0,1.0,False,False,False
7,2020-09-30,0.42119732,0.596596782997949,0,0.0,1,1.4164305949008498,0,0.0,2,2.8328611898016995,0.33115596,0.4690594323619734,0,0.0,1,1.4164305949008498,0,0.0,2,2.8328611898016995,1.3548706432878972,1.9190802312859736,0.0,0.0,2.0,2.8328611898016995,0.0,0.0,4.0,5.665722379603399,0.0,0.0,False,False,False
8,2020-10-01,0.59894884,0.8483694728056435,0,0.0,1,1.4164305949008498,0,0.0,2,2.8328611898016995,0.41040093,0.5813044481328689,0,0.0,1,1.4164305949008498,0,0.0,2,2.8328611898016995,1.667853170156479,2.3623982580120098,0.0,0.0,3.0,4.2492917847025495,0.0,0.0,5.0,7.082152974504249,1.0,1.0,False,False,False
9,2020-10-02,0.58693045,0.8313462785736192,0,0.0,1,1.4164305949008498,0,0.0,2,2.8328611898016995,0.51023924,0.72271845965588,0,0.0,1,1.4164305949008498,0,0.0,2,2.8328611898016995,2.05950260040164,2.9171424934867423,1.0,1.4164305949008498,3.0,4.2492917847025495,0.0,0.0,6.0,8.498583569405099,1.0,2.0,False,False,False
10,2020-10-03,0.49333414,0.6987735559960129,0,0.0,1,1.4164305949008498,0,0.0,2,2.8328611898016995,0.63643754,0.9014695933728945,0,0.0,1,1.4164305949008498,0,0.0,3,4.2492917847025495,2.5511700351536275,3.6135552905858734,1.0,1.4164305949008498,4.0,5.665722379603399,0.0,0.0,7.0,9.91501416430595,1.0,3.0,False,False,False
11,2020-10-04,0.48164883,0.6822221621405333,0,0.0,1,1.4164305949008498,0,0.0,2,2.8328611898016995,0.7964969,1.1281826118647589,0,0.0,1,1.4164305949008498,0,0.0,3,4.2492917847025495,3.1704237428307533,4.490685188145544,1.0,1.4164305949008498,4.0,5.665722379603399,0.0,0.0,8.0,11.331444759206798,0.0,3.0,False,False,False
12,2020-10-05,0.68322736,0.967744108493207,0,0.0,1,1.4164305949008498,0,0.0,3,4.2492917847025495,1.0001991,1.416712620994076,0,0.0,2,2.8328611898016995,0,0.0,4,5.665722379603399,3.9529817287921913,5.599124261745312,2.0,2.8328611898016995,6.0,8.498583569405099,0.0,0.0,9.0,12.747875354107649,0.0,3.0,False,False,False
13,2020-10-06,1.5174906,2.1494201064342637,0,0.0,2,2.8328611898016995,0,0.0,5,7.082152974504249,1.2603524,1.7852016753749922,0,0.0,2,2.8328611898016995,0,0.0,4,5.665722379603399,4.945282277464867,7.00464911822219,3.0,4.2492917847025495,7.0,9.91501416430595,1.0,1.4164305949008498,11.0,15.580736543909348,1.0,4.0,False,False,False
14,2020-10-07,2.0059834,2.841336208803113,0,0.0,3,4.2492917847025495,0,0.0,6,8.498583569405099,1.5937914,2.2574948161491197,0,0.0,2,2.8328611898016995,0,0.0,5,7.082152974504249,6.20791848385334,8.793085671180368,4.0,5.665722379603399,8.0,11.331444759206798,1.0,1.4164305949008498,13.0,18.413597733711047,0.0,4.0,False,False,False
15,2020-10-08,2.9790306,4.21959011873696,1,1.4164305949008498,4,5.665722379603399,0,0.0,9,12.747875354107649,2.022721,2.8650440071942285,1,1.4164305949008498,3,4.2492917847025495,0,0.0,6,8.498583569405099,7.820239234447479,11.076826111115407,5.0,7.082152974504249,10.0,14.164305949008495,2.0,2.8328611898016995,16.0,22.6628895184136,3.0,6.0,False,False,False
16,2020-10-09,2.9326384,4.153878762735985,1,1.4164305949008498,4,5.665722379603399,0,0.0,9,12.747875354107649,2.5765429,3.6494941014098,1,1.4164305949008498,4,5.665722379603399,0,0.0,7,9.91501416430595,9.886542564868927,14.003601366669868,6.0,8.498583569405099,13.0,18.413597733711047,3.0,4.2492917847025495,19.0,26.91218130311615,5.0,10.0,False,False,False
17,2020-10-10,2.5485172,3.6097979318583375,1,1.4164305949008498,4,5.665722379603399,0,0.0,7,9.91501416430595,3.2943387,4.666202221415006,1,1.4164305949008498,5,7.082152974504249,0,0.0,10,14.164305949008495,12.544441431045533,17.768330638874694,8.0,11.331444759206798,16.0,22.6628895184136,4.0,5.665722379603399,24.0,33.9943342776204,3.0,12.0,False,False,False
18,2020-10-11,2.6228814,3.715129423653707,1,1.4164305949008498,4,5.665722379603399,0,0.0,8,11.331444759206798,4.228267,5.98904698563274,2,2.8328611898016995,6,8.498583569405099,0,0.0,12,16.997167138810198,15.976209945201871,22.629192556943163,11.0,15.580736543909348,21.0,29.745042492917847,6.0,8.498583569405099,31.0,43.90934844192634,1.0,13.0,False,False,False
19,2020-10-12,3.7001364,5.240986502030864,1,1.4164305949008498,5,7.082152974504249,0,0.0,11,15.580736543909348,5.4482307,7.717040716670453,2,2.8328611898016995,7,9.91501416430595,0,0.0,15,21.246458923512748,20.42424044942856,28.92951905018209,13.0,18.413597733711047,26.0,36.827195467422094,8.0,11.331444759206798,39.0,55.24079320113315,6.0,19.0,False,False,False
20,2020-10-13,8.34212,11.816034384537488,3,4.2492917847025495,11,15.580736543909348,1,1.4164305949008498,22,31.161473087818692,7.0482903,9.98341420199722,2,2.8328611898016995,9,12.747875354107649,0,0.0,20,28.328611898016995,26.212176221847532,37.127728359557416,17.0,24.07932011331445,32.0,45.32577903682719,10.0,14.164305949008495,53.0,75.07082152974505,7.0,25.0,False,False,False
21,2020-10-14,11.535717,16.339542344212532,4,5.665722379603399,16,22.6628895184136,1,1.4164305949008498,38,53.8243626062323,9.155549,12.968199735041708,3,4.2492917847025495,12,16.997167138810198,1,1.4164305949008498,27,38.24362606232295,33.77393435478211,47.83843393028627,21.0,29.745042492917847,42.0,59.49008498583569,13.0,18.413597733711047,70.0,99.1501416430595,4.0,29.0,True,False,False
22,2020-10-15,16.854895,23.873787722550333,6,8.498583569405099,22,31.161473087818692,1,1.4164305949008498,50,70.8215297450425,11.942545,16.915786545723677,4,5.665722379603399,16,22.6628895184136,1,1.4164305949008498,35,49.57507082152975,43.69375464057922,61.8891708790074,26.0,36.827195467422094,55.0,77.90368271954674,16.0,22.6628895184136,92.0,130.3116147308782,7.0,33.0,True,False,False
23,2020-10-16,17.426466,24.68338061589748,5,7.082152974504249,22,31.161473087818692,1,1.4164305949008498,54,76.48725212464589,15.644428,22.1592461457476,5,7.082152974504249,21,29.745042492917847,1,1.4164305949008498,46,65.1558073654391,56.76163807106018,80.3989207805385,31.0,43.90934844192634,71.0,100.56657223796034,19.0,26.91218130311615,127.0,179.88668555240795,15.0,43.0,True,False,False
24,2020-10-17,15.8996525,22.52075355499983,6,8.498583569405099,19,26.91218130311615,1,1.4164305949008498,45,63.73937677053824,20.583246,29.154738876968626,7,9.91501416430595,26,36.827195467422094,2,2.8328611898016995,64,90.6515580736544,74.05054858112335,104.88746257949484,39.0,55.24079320113315,91.0,128.89518413597733,24.0,33.9943342776204,177.0,250.7082152974504,10.0,50.0,True,False,False
25,2020-10-18,16.529852,23.41338840778917,5,7.082152974504249,19,26.91218130311615,1,1.4164305949008498,55,77.90368271954674,27.201935,38.5296531021595,8,11.331444759206798,34,48.1586402266289,2,2.8328611898016995,89,126.06232294617564,97.02421472358704,137.4280661807182,50.0,70.8215297450425,120.0,169.97167138810198,28.0,39.6600566572238,243.0,344.1926345609065,1.0,50.0,True,False,False
26,2020-10-19,24.689255,34.97061552479863,6,8.498583569405099,30,42.492917847025495,2,2.8328611898016995,75,106.23229461756377,36.112556,51.15093081258237,11,15.580736543909348,45,63.73937677053824,3,4.2492917847025495,118,167.13881019830026,127.68854944610597,180.86196805397444,61.0,86.40226628895185,157.0,222.37960339943345,32.0,45.32577903682719,338.0,478.7535410764872,,,False,False,True
27,2020-10-20,59.416534,84.15939519181848,15,21.246458923512748,71,100.56657223796034,4,5.665722379603399,205,290.36827195467424,48.16489,68.22222494520247,14,19.8300283286119,61,86.40226628895185,4,5.665722379603399,172,243.62606232294615,168.80513523864747,239.10075812839585,75.0,106.23229461756377,207.0,293.20113314447593,37.0,52.40793201133145,462.0,654.3909348441927,,,False,False,True
28,2020-10-21,84.701584,119.97391702607274,20,28.328611898016995,99,140.22662889518412,7,9.91501416430595,285,403.6827195467423,64.54386,91.4219010155648,15,21.246458923512748,71,100.56657223796034,4,5.665722379603399,221,313.0311614730878,224.19344540023803,317.5544552411304,90.0,127.47875354107649,268.0,379.6033994334277,47.0,66.57223796033993,665.0,941.9263456090652,,,False,False,True
29,2020-10-22,129.58629,183.549989014864,27,38.24362606232295,146,206.7988668555241,8,11.331444759206798,453,641.643059490085,86.910095,123.1021131388843,20,28.328611898016995,92,130.3116147308782,6,8.498583569405099,261,369.6883852691218,299.16099862098696,423.74079124785686,111.0,157.22379603399435,354.0,501.4164305949008,56.0,79.3201133144476,907.0,1284.7025495750709,,,False,False,True
30,2020-10-23,134.74373,190.8551435917616,28,39.6600566572238,139,196.88385269121812,8,11.331444759206798,462,654.3909348441927,117.60105,166.5737247094512,24,33.9943342776204,118,167.13881019830026,6,8.498583569405099,429,607.6487252124646,401.1175946960449,568.1552332805169,133.0,188.38526912181305,464.0,657.2237960339944,63.0,89.23512747875354,1226.0,1736.5439093484415,,,False,False,True
