,Unnamed: 0,Raw Prediction Mean,Raw Prediction Mean 100k,Raw Prediction Q25,Raw Prediction Q25 100k,Raw Prediction Q75,Raw Prediction Q75 100k,Raw Prediction Q5,Raw Prediction Q5 100k,Raw Prediction Q95,Raw Prediction Q95 100k,Trend Prediction Mean,Trend Prediction Mean 100k,Trend Prediction Q25,Trend Prediction Q25 100k,Trend Prediction Q75,Trend Prediction Q75 100k,Trend Prediction Q5,Trend Prediction Q5 100k,Trend Prediction Q95,Trend Prediction Q95 100k,Trend 7Day Prediction Mean,Trend 7Day Prediction Mean 100k,Trend 7Day Prediction Q25,Trend 7Day Prediction Q25 100k,Trend 7Day Prediction Q75,Trend 7Day Prediction Q75 100k,Trend 7Day Prediction Q5,Trend 7Day Prediction Q5 100k,Trend 7Day Prediction Q95,Trend 7Day Prediction Q95 100k,RKI Meldedaten,RKI 7Day Incidence,is_nowcast,is_high,is_prediction
0,2020-02-25,0.09625377,0.0717583418463618,0,0.0,0,0.0,0,0.0,1,0.7455120176537245,0.085124,0.0634609648386685,0,0.0,0,0.0,0,0.0,1,0.7455120176537245,,,,,,,,,,,0.0,,False,False,False
1,2020-02-26,0.1375816,0.1025687424771604,0,0.0,0,0.0,0,0.0,1,0.7455120176537245,0.09259991,0.069034348371133,0,0.0,0,0.0,0,0.0,1,0.7455120176537245,,,,,,,,,,,0.0,,False,False,False
2,2020-02-27,0.15125225,0.1127603695749712,0,0.0,0,0.0,0,0.0,1,0.7455120176537245,0.1014121,0.0756039412408426,0,0.0,0,0.0,0,0.0,1,0.7455120176537245,,,,,,,,,,,0.0,,False,False,False
3,2020-02-28,0.11876022,0.0885371719050454,0,0.0,0,0.0,0,0.0,1,0.7455120176537245,0.11180559,0.0833524097743065,0,0.0,0,0.0,0,0.0,1,0.7455120176537245,,,,,,,,,,,0.0,,False,False,False
4,2020-02-29,0.078458436,0.0584917074775148,0,0.0,0,0.0,0,0.0,1,0.7455120176537245,0.124085695,0.0925073777580109,0,0.0,0,0.0,0,0.0,1,0.7455120176537245,,,,,,,,,,,0.0,,False,False,False
5,2020-03-01,0.062499713,0.0465942861183066,0,0.0,0,0.0,0,0.0,1,0.7455120176537245,0.13863364,0.1033530452332343,0,0.0,0,0.0,0,0.0,1,0.7455120176537245,,,,,,,,,,,0.0,,False,False,False
6,2020-03-02,0.11090573,0.0826815551135951,0,0.0,0,0.0,0,0.0,1,0.7455120176537245,0.15592794,0.116246155812405,0,0.0,0,0.0,0,0.0,1,0.7455120176537245,0.8095889580936637,0.6035582976185839,0.0,0.0,1.0,0.7455120176537245,0.0,0.0,3.0,2.2365360529611737,0.0,0.0,False,False,False
7,2020-03-03,0.20018019,0.1492367346145329,0,0.0,0,0.0,0,0.0,1,0.7455120176537245,0.17657118,0.1316359316660964,0,0.0,0,0.0,0,0.0,1,0.7455120176537245,0.9010362130850552,0.671733325196111,0.0,0.0,1.0,0.7455120176537245,0.0,0.0,3.0,2.2365360529611737,0.0,0.0,False,False,False
8,2020-03-04,0.29851758,0.2225484422524459,0,0.0,0,0.0,0,0.0,2,1.491024035307449,0.20132665,0.1500914436292078,0,0.0,0,0.0,0,0.0,1,0.7455120176537245,1.0097629065616056,0.752790381822632,0.0,0.0,1.0,0.7455120176537245,0.0,0.0,4.0,2.982048070614898,0.0,0.0,False,False,False
9,2020-03-05,0.3483502,0.2596992544567911,0,0.0,0,0.0,0,0.0,2,1.491024035307449,0.23116647,0.1723373770801117,0,0.0,0,0.0,0,0.0,1,0.7455120176537245,1.139517343007028,0.8495238735365808,0.0,0.0,2.0,1.491024035307449,0.0,0.0,4.0,2.982048070614898,2.0,2.0,False,True,False
10,2020-03-06,0.27860424,0.2077028057101415,0,0.0,1,0.7455120176537245,0,0.0,2,1.491024035307449,0.26733792,0.1993036221392685,0,0.0,0,0.0,0,0.0,2,1.491024035307449,1.2950497277006507,0.9654751354600188,0.0,0.0,2.0,1.491024035307449,0.0,0.0,4.0,2.982048070614898,0.0,2.0,False,False,False
11,2020-03-07,0.19833052,0.1478577928537561,0,0.0,0,0.0,0,0.0,1,0.7455120176537245,0.31145123,0.232190632232232,0,0.0,0,0.0,0,0.0,2,1.491024035307449,1.4824152549132703,1.105158387691053,0.0,0.0,2.0,1.491024035307449,0.0,0.0,5.0,3.727560088268623,0.0,2.0,False,False,False
12,2020-03-08,0.15945521,0.1188757778436411,0,0.0,0,0.0,0,0.0,1,0.7455120176537245,0.36560172,0.2725604645092971,0,0.0,0,0.0,0,0.0,2,1.491024035307449,1.709383256971836,1.2743657608485688,0.0,0.0,3.0,2.2365360529611737,0.0,0.0,5.0,3.727560088268623,0.0,2.0,False,False,False
13,2020-03-09,0.3015055,0.2247759766760282,0,0.0,0,0.0,0,0.0,2,1.491024035307449,0.43253967,0.3224635293008759,0,0.0,1,0.7455120176537245,0,0.0,2,1.491024035307449,1.985994943484664,1.4805830973673466,1.0,0.7455120176537245,3.0,2.2365360529611737,0.0,0.0,6.0,4.473072105922348,1.0,3.0,False,False,False
14,2020-03-10,0.61416125,0.4578645985020557,0,0.0,1,0.7455120176537245,0,0.0,2,1.491024035307449,0.5159089,0.3846163053822238,0,0.0,1,0.7455120176537245,0,0.0,2,1.491024035307449,2.3253326094448568,1.7335634053832356,1.0,0.7455120176537245,3.0,2.2365360529611737,0.0,0.0,6.0,4.473072105922348,0.0,3.0,False,False,False
15,2020-03-11,0.94925684,0.7076823749230243,0,0.0,1,0.7455120176537245,0,0.0,4,2.982048070614898,0.62058765,0.462655543742585,0,0.0,1,0.7455120176537245,0,0.0,3,2.2365360529611737,2.7445931918919086,2.046127208126013,1.0,0.7455120176537245,4.0,2.982048070614898,0.0,0.0,7.0,5.218584123576072,2.0,5.0,False,False,False
16,2020-03-12,1.0512183,0.7836958502593916,0,0.0,1,0.7455120176537245,0,0.0,4,2.982048070614898,0.75318366,0.5615074769593775,0,0.0,1,0.7455120176537245,0,0.0,3,2.2365360529611737,3.266610297858715,2.435297234045085,1.0,0.7455120176537245,4.0,2.982048070614898,0.0,0.0,8.0,5.964096141229796,2.0,5.0,False,False,False
17,2020-03-13,0.99698865,0.7432670372509165,0,0.0,1,0.7455120176537245,0,0.0,4,2.982048070614898,0.92277646,0.6879409284010762,0,0.0,1,0.7455120176537245,0,0.0,4,2.982048070614898,3.9220490471720697,2.9239346984941177,2.0,1.491024035307449,5.0,3.727560088268623,0.0,0.0,9.0,6.709608158883521,0.0,5.0,False,False,False
18,2020-03-14,0.7555545,0.563274943488068,0,0.0,1,0.7455120176537245,0,0.0,4,2.982048070614898,1.1420391,0.8514038199791685,0,0.0,1,0.7455120176537245,0,0.0,4,2.982048070614898,4.752636726975441,3.5431477955026542,2.0,1.491024035307449,6.0,4.473072105922348,0.0,0.0,11.0,8.200632194190971,1.0,6.0,False,False,False
19,2020-03-15,0.6456529,0.4813419764104765,0,0.0,1,0.7455120176537245,0,0.0,3,2.2365360529611737,1.4289982,1.065335345629137,0,0.0,2,1.491024035307449,0,0.0,5,3.727560088268623,5.816032204449177,4.335921903477945,2.0,1.491024035307449,7.0,5.218584123576072,1.0,0.7455120176537245,14.0,10.437168247152144,0.0,6.0,False,False,False
20,2020-03-16,1.3358849,0.9959182534657884,0,0.0,2,1.491024035307449,0,0.0,6,4.473072105922348,1.8098717,1.349281046714168,0,0.0,2,1.491024035307449,0,0.0,7,5.218584123576072,7.193363747507334,5.362739121121351,3.0,2.2365360529611737,9.0,6.709608158883521,1.0,0.7455120176537245,19.0,14.164728335420769,0.0,5.0,False,False,False
21,2020-03-17,2.7368906,2.0403847884153947,0,0.0,3,2.2365360529611737,0,0.0,11,8.200632194190971,2.3237963,1.7324180589639582,0,0.0,3,2.2365360529611737,0,0.0,9,6.709608158883521,9.001252539604902,6.710541942211562,4.0,2.982048070614898,11.0,8.200632194190971,1.0,0.7455120176537245,25.0,18.637800441343117,0.0,5.0,True,False,False
22,2020-03-18,5.543774,4.132950198254548,0,0.0,6,4.473072105922348,0,0.0,19,14.164728335420769,3.0309525,2.259611392219085,0,0.0,3,2.2365360529611737,0,0.0,12,8.946144211844695,11.411618449985982,8.507498695343518,4.0,2.982048070614898,14.0,10.437168247152144,1.0,0.7455120176537245,31.0,23.110872547265465,7.0,10.0,True,False,False
23,2020-03-19,8.140078,6.068525544833392,1,0.7455120176537245,8,5.964096141229796,0,0.0,32,23.856384564919185,4.02693,3.0021246857359074,0,0.0,4,2.982048070614898,0,0.0,15,11.18268026480587,14.68536484581232,10.948115976182622,5.0,3.727560088268623,17.0,12.673704300113318,1.0,0.7455120176537245,39.0,29.07496868849526,4.0,12.0,True,False,False
24,2020-03-20,6.4205728,4.786614226759411,0,0.0,6,4.473072105922348,0,0.0,22,16.401264388381943,5.46897,4.077182893524878,0,0.0,5,3.727560088268623,0,0.0,21,15.655752370728218,19.231558875977992,14.337358260256748,5.0,3.727560088268623,21.0,15.655752370728218,2.0,1.491024035307449,56.0,41.748672988608575,3.0,15.0,True,False,False
25,2020-03-21,4.5755086,3.411096622585319,0,0.0,4,2.982048070614898,0,0.0,18,13.419216317767042,7.624916,5.684466668753885,0,0.0,6,4.473072105922348,0,0.0,26,19.38331245899684,25.714434111505746,19.17041965729241,6.0,4.473072105922348,27.0,20.128824476650564,2.0,1.491024035307449,72.0,53.676865271068166,9.0,23.0,True,False,False
26,2020-03-22,6.353102,4.736314076581039,0,0.0,4,2.982048070614898,0,0.0,18,13.419216317767042,10.966617,8.17574473330751,1,0.7455120176537245,8,5.964096141229796,0,0.0,36,26.838432635534083,35.25206229031086,26.28083608450443,7.0,5.218584123576072,34.0,25.34740860022664,2.0,1.491024035307449,106.0,79.02427387129481,,,False,False,True
27,2020-03-23,16.004538,11.931575136259198,1,0.7455120176537245,8,5.964096141229796,0,0.0,38,28.32945667084153,16.351208,12.190021516289562,1,0.7455120176537245,10,7.455120176537246,0,0.0,53,39.512136935647405,49.7933932569325,37.12157307280111,8.0,5.964096141229796,41.0,30.565992723802708,2.0,1.491024035307449,156.0,116.29987475398104,,,False,False,True
28,2020-03-24,39.621616,29.538391390815377,1,0.7455120176537245,18,13.419216317767042,0,0.0,82,61.131985447605416,25.377264,18.91905558295548,1,0.7455120176537245,11,8.200632194190971,0,0.0,70,52.18584123576072,72.84687155288458,54.30821819115269,9.0,6.709608158883521,52.0,38.76662491799368,2.0,1.491024035307449,209.0,155.81201168962843,,,False,False,True
29,2020-03-25,90.491425,67.46244616806507,2,1.491024035307449,25,18.637800441343117,0,0.0,156,116.29987475398104,41.09341,30.63563199248165,1,0.7455120176537245,13,9.69165622949842,0,0.0,97,72.31466571241128,110.90933916392922,82.68424521674213,11.0,8.200632194190971,64.0,47.71276912983837,2.0,1.491024035307449,272.0,202.7792688018131,,,False,False,True
30,2020-03-26,156.0209,116.31546076387168,3,2.2365360529611737,31,23.110872547265465,0,0.0,196,146.12035546013,69.41728,51.75141850486398,1,0.7455120176537245,15,11.18268026480587,0,0.0,122,90.9524661537544,176.29963277779518,131.4334949437848,13.0,9.69165622949842,78.0,58.14993737699052,3.0,2.2365360529611737,378.0,281.80354267310787,,,False,False,True
