,Raw Prediction Mean,Raw Prediction Mean 100k,Raw Prediction Q25,Raw Prediction Q25 100k,Raw Prediction Q75,Raw Prediction Q75 100k,Raw Prediction Q5,Raw Prediction Q5 100k,Raw Prediction Q95,Raw Prediction Q95 100k,Trend Prediction Mean,Trend Prediction Mean 100k,Trend Prediction Q25,Trend Prediction Q25 100k,Trend Prediction Q75,Trend Prediction Q75 100k,Trend Prediction Q5,Trend Prediction Q5 100k,Trend Prediction Q95,Trend Prediction Q95 100k,Trend 7Day Prediction Mean,Trend 7Day Prediction Mean 100k,Trend 7Day Prediction Q25,Trend 7Day Prediction Q25 100k,Trend 7Day Prediction Q75,Trend 7Day Prediction Q75 100k,Trend 7Day Prediction Q5,Trend 7Day Prediction Q5 100k,Trend 7Day Prediction Q95,Trend 7Day Prediction Q95 100k,RKI Meldedaten,RKI 7Day Incidence,is_nowcast,is_high,is_prediction
2021-05-16,8.265903,4.930658178636804,4,2.386022679145565,11,6.561562367650305,1,0.5965056697863913,21,12.526619065514218,19.440691,11.596482363529503,9,5.368551028077522,27,16.105653084232568,3,1.789517009359174,46,27.439260810174,,,,,,,,,,,10.0,,False,False,False
2021-05-17,13.45858,8.028119191294536,6,3.579034018718348,18,10.737102056155043,2,1.1930113395727826,33,19.684687102950914,18.2488,10.885512892855331,9,5.368551028077522,25,14.912641744659782,3,1.789517009359174,42,25.053238131028436,,,,,,,,,,,6.0,,False,False,False
2021-05-18,22.666393,13.520632637664676,11,6.561562367650305,30,17.895170093591737,4,2.386022679145565,54,32.211306168465136,17.141727,10.225137521047145,8,4.77204535829113,23,13.719630405087,3,1.789517009359174,42,25.053238131028436,,,,,,,,,,,31.0,,False,False,False
2021-05-19,29.174997,17.40305160637945,15,8.947585046795869,39,23.26372112166926,6,3.579034018718348,65,38.77286853611544,16.112778,9.611363202566281,7,4.175539688504739,21,12.526619065514218,3,1.789517009359174,37,22.07070978209648,,,,,,,,,,,20.0,,False,False,False
2021-05-20,25.038269,14.935468789190054,13,7.754573707223088,32,19.08818143316452,5,2.9825283489319565,56,33.40431750803791,15.155972,9.040623262990266,7,4.175539688504739,21,12.526619065514218,3,1.789517009359174,37,22.07070978209648,,,,,,,,,,,23.0,,False,False,False
2021-05-21,16.176893,9.649608546169475,8,4.77204535829113,22,13.12312473530061,3,1.789517009359174,40,23.860226791455652,14.265734,8.509591134497896,7,4.175539688504739,20,11.930113395727826,3,1.789517009359174,34,20.281192772737302,,,,,,,,,,,16.0,,False,False,False
2021-05-22,14.652689,8.740412158658728,8,4.77204535829113,20,11.930113395727826,2,1.1930113395727826,35,20.877698442523698,13.436988,8.015239291125908,7,4.175539688504739,18,10.737102056155043,2,1.1930113395727826,32,19.08818143316452,113.80271587753296,67.88396525803819,85.0,50.70298193184326,137.0,81.72127676073562,60.0,35.790340187183475,192.0,114.52908859898713,14.0,120.0,False,False,False
2021-05-23,5.1165543,3.0520535801770166,2,1.1930113395727826,7,4.175539688504739,0,0.0,13,7.754573707223088,12.665085,7.554794865427539,6,3.579034018718348,16,9.54409071658226,2,1.1930113395727826,29,17.29866442380535,107.02710410690308,63.84227442058606,80.0,47.720453582911304,129.0,76.94923140244448,56.0,33.40431750803791,178.0,106.17800922197766,9.0,119.0,False,False,False
2021-05-24,7.966071,4.751806773128919,4,2.386022679145565,11,6.561562367650305,1,0.5965056697863913,19,11.333607725941436,11.945714,7.125685806386173,6,3.579034018718348,16,9.54409071658226,2,1.1930113395727826,28,16.702158754018956,100.72399216079712,60.08243240743551,76.0,45.33443090376574,122.0,72.77369171393974,55.0,32.80781183825152,169.0,100.80945819390013,5.0,118.0,False,False,False
2021-05-25,13.602852,8.114178490359336,7,4.175539688504739,17,10.140596386368651,2,1.1930113395727826,31,18.491675763378133,11.274949,6.725570710841566,5,2.9825283489319565,15,8.947585046795869,2,1.1930113395727826,26,15.509147414446176,94.85722324371338,56.582871485068495,72.0,42.948408224620174,114.0,68.00164635564862,51.0,30.421789159105955,156.0,93.05488448667704,4.0,91.0,False,False,False
2021-05-26,17.771515,10.600809036986902,9,5.368551028077522,23,13.719630405087,3,1.789517009359174,40,23.860226791455652,10.649171,6.352290802169591,5,2.9825283489319565,14,8.351079377009478,1,0.5965056697863913,24,14.316136074873391,89.39361011505127,53.32379527630219,69.0,41.158891215261,107.0,63.826106667143875,50.0,29.825283489319563,144.0,85.89681644924035,10.0,81.0,False,False,False
2021-05-27,16.316893,9.733119077282026,8,4.77204535829113,22,13.12312473530061,3,1.789517009359174,39,23.26372112166926,10.065035,6.003850285196677,5,2.9825283489319565,14,8.351079377009478,1,0.5965056697863913,24,14.316136074873391,84.30267617416382,50.28702431605485,65.0,38.77286853611544,98.0,58.45755563906635,46.0,27.439260810174,132.0,78.73874841180366,18.0,76.0,False,False,False
2021-05-28,11.485093,6.850923091406003,6,3.579034018718348,16,9.54409071658226,2,1.1930113395727826,26,15.509147414446176,9.519482,5.678424713551067,4,2.386022679145565,12,7.158068037436696,1,0.5965056697863913,22,13.12312473530061,79.55642136383057,47.455856411440124,61.0,36.38684585696987,93.0,55.47502729013439,43.0,25.649743800814825,125.0,74.56320872329891,13.0,73.0,False,False,False
2021-05-29,10.348069,6.172681605676189,5,2.9825283489319565,14,8.351079377009478,2,1.1930113395727826,25,14.912641744659782,9.009674,5.374321699491702,4,2.386022679145565,12,7.158068037436696,1,0.5965056697863913,21,12.526619065514218,75.12910934448242,44.814939689985515,57.0,34.00082317782431,87.0,51.89599327141604,40.0,23.860226791455652,117.0,69.79116336500779,10.0,69.0,False,False,False
2021-05-30,3.4865441,2.0797433535335585,1,0.5965056697863913,5,2.9825283489319565,0,0.0,9,5.368551028077522,8.533054,5.090015474706888,4,2.386022679145565,11,6.561562367650305,1,0.5965056697863913,20,11.930113395727826,70.99707223892212,42.350156128751046,54.0,32.211306168465136,82.0,48.91346492248409,38.0,22.66721545188287,109.0,65.01911800671665,9.0,69.0,False,False,False
2021-05-31,5.436961,3.243178070988506,2,1.1930113395727826,7,4.175539688504739,0,0.0,13,7.754573707223088,8.087186,4.8240523028653115,4,2.386022679145565,12,7.158068037436696,1,0.5965056697863913,19,11.333607725941436,67.13853705215455,40.0485180127739,52.0,31.01829482889235,78.0,46.52744224333852,37.0,22.07070978209648,105.0,62.63309532757109,5.0,69.0,False,False,False
2021-06-01,9.374232,5.591782610281371,4,2.386022679145565,13,7.754573707223088,1,0.5965056697863913,23,13.719630405087,7.669878,4.575125785777345,4,2.386022679145565,11,6.561562367650305,1,0.5965056697863913,19,11.333607725941436,63.53346131896973,37.89806989791982,48.0,28.632272149746782,74.0,44.14141956419296,35.0,20.877698442523698,103.0,61.4400839879983,14.0,79.0,False,False,False
2021-06-02,12.43119,7.4152747401967645,6,3.579034018718348,17,10.140596386368651,2,1.1930113395727826,31,18.491675763378133,7.279092,4.342019383329898,3,1.789517009359174,10,5.965056697863913,1,0.5965056697863913,17,10.140596386368651,60.163390830993656,35.88780374426231,45.0,26.842755140387606,71.0,42.351902554833785,34.0,20.281192772737302,97.0,57.861049969279954,9.0,78.0,False,False,False
2021-06-03,10.825302,6.457354174926877,5,2.9825283489319565,15,8.947585046795869,2,1.1930113395727826,26,15.509147414446176,6.91296,4.123619874008,3,1.789517009359174,10,5.965056697863913,1,0.5965056697863913,18,10.737102056155043,57.01132357597351,34.007577755094765,42.0,25.053238131028436,67.0,39.965879875688216,31.0,18.491675763378133,95.0,56.668038629707176,0.0,60.0,False,False,False
2021-06-04,7.4390025,4.437407187651843,3,1.789517009359174,10,5.965056697863913,1,0.5965056697863913,20,11.930113395727826,6.5697393,3.9188867958728224,3,1.789517009359174,9,5.368551028077522,1,0.5965056697863913,17,10.140596386368651,54.0615879573822,32.24804373423417,40.0,23.860226791455652,65.0,38.77286853611544,29.0,17.29866442380535,92.0,54.878521620348,8.0,55.0,False,False,False
2021-06-05,7.027203,4.191766493022442,3,1.789517009359174,9,5.368551028077522,1,0.5965056697863913,18,10.737102056155043,6.247825,3.72686299670022,3,1.789517009359174,8,4.77204535829113,1,0.5965056697863913,16,9.54409071658226,51.29973256874084,30.60058133577951,38.0,22.66721545188287,62.0,36.983351526756266,26.0,15.509147414446176,89.0,53.08900461098883,7.0,52.0,False,False,False
2021-06-06,2.443416,1.4575115528714377,1,0.5965056697863913,4,2.386022679145565,0,0.0,8,4.77204535829113,5.9457445,3.54667026840616,3,1.789517009359174,9,5.368551028077522,0,0.0,17,10.140596386368651,48.71242695236206,29.057238866139393,36.0,21.474204112310087,59.0,35.193834517397086,24.0,14.316136074873391,87.0,51.89599327141604,12.0,55.0,True,False,False
2021-06-07,3.948801,2.3554821382276714,1,0.5965056697863913,5,2.9825283489319565,0,0.0,11,6.561562367650305,5.6621184,3.3774857001844794,2,1.1930113395727826,8,4.77204535829113,0,0.0,15,8.947585046795869,46.287365571975705,27.61067600315892,33.0,19.684687102950914,57.0,34.00082317782431,23.0,13.719630405087,85.0,50.70298193184326,1.0,51.0,True,False,False
2021-06-08,6.716771,4.006591916549951,2,1.1930113395727826,9,5.368551028077522,0,0.0,18,10.737102056155043,5.395698,3.2185645977733657,2,1.1930113395727826,7,4.175539688504739,0,0.0,13,7.754573707223088,44.013186806678775,26.254115475551487,30.0,17.895170093591737,53.0,31.61480049867874,20.0,11.930113395727826,81.0,48.31695925269769,6.0,43.0,True,False,False
2021-06-09,8.537732,5.092805440654047,4,2.386022679145565,11,6.561562367650305,1,0.5965056697863913,23,13.719630405087,5.145301,3.0692011932842433,2,1.1930113395727826,7,4.175539688504739,0,0.0,14,8.351079377009478,41.879393261909485,24.981295527943,28.0,16.702158754018956,52.0,31.01829482889235,18.0,10.737102056155043,77.0,45.93093657355213,10.0,44.0,True,False,False
2021-06-10,7.62035,4.5455817598849535,3,1.789517009359174,10,5.965056697863913,0,0.0,21,12.526619065514218,4.909852,2.928754656750243,2,1.1930113395727826,7,4.175539688504739,0,0.0,14,8.351079377009478,39.87628326416016,23.786429057079722,27.0,16.105653084232568,50.0,29.825283489319563,16.0,9.54409071658226,75.0,44.737925233979354,1.0,45.0,True,False,False
2021-06-11,5.4540544,3.253374234191142,2,1.1930113395727826,8,4.77204535829113,0,0.0,15,8.947585046795869,4.688337,2.7966194465989247,2,1.1930113395727826,6,3.579034018718348,0,0.0,13,7.754573707223088,37.99488657188415,22.664165263019722,25.0,14.912641744659782,47.0,28.035766479960394,15.0,8.947585046795869,76.0,45.33443090376574,,,False,False,True
2021-06-12,5.3395834,3.1850919185671955,2,1.1930113395727826,7,4.175539688504739,0,0.0,15,8.947585046795869,4.479843,2.672251866897568,2,1.1930113395727826,6,3.579034018718348,0,0.0,12,7.158068037436696,36.22690348529816,21.609553327784734,23.0,13.719630405087,45.0,26.842755140387606,13.0,7.754573707223088,70.0,41.755396885047396,,,False,False,True
2021-06-13,1.867916,1.1142225048388354,0,0.0,3,1.789517009359174,0,0.0,6,3.579034018718348,4.2834888,2.555125320213847,2,1.1930113395727826,6,3.579034018718348,0,0.0,12,7.158068037436696,34.56465329790115,20.618011666398928,22.0,13.12312473530061,43.0,25.649743800814825,12.0,7.158068037436696,67.0,39.965879875688216,,,False,False,True
2021-06-14,2.957151,1.7639573343330994,1,0.5965056697863913,4,2.386022679145565,0,0.0,9,5.368551028077522,4.098493,2.4447743271593936,1,0.5965056697863913,6,3.579034018718348,0,0.0,11,6.561562367650305,33.00102396678925,19.685297904946374,20.0,11.930113395727826,42.0,25.053238131028436,11.0,6.561562367650305,66.0,39.36937420590183,,,False,False,True
2021-06-15,5.0941935,3.0387152946786955,2,1.1930113395727826,7,4.175539688504739,0,0.0,13,7.754573707223088,3.924102,2.3407490516547114,1,0.5965056697863913,5,2.9825283489319565,0,0.0,12,7.158068037436696,31.529427017211916,18.807481980883136,19.0,11.333607725941436,40.0,23.860226791455652,10.0,5.965056697863913,66.0,39.36937420590183,,,False,False,True
