,Unnamed: 0,Raw Prediction Mean,Raw Prediction Mean 100k,Raw Prediction Q25,Raw Prediction Q25 100k,Raw Prediction Q75,Raw Prediction Q75 100k,Raw Prediction Q5,Raw Prediction Q5 100k,Raw Prediction Q95,Raw Prediction Q95 100k,Trend Prediction Mean,Trend Prediction Mean 100k,Trend Prediction Q25,Trend Prediction Q25 100k,Trend Prediction Q75,Trend Prediction Q75 100k,Trend Prediction Q5,Trend Prediction Q5 100k,Trend Prediction Q95,Trend Prediction Q95 100k,Trend 7Day Prediction Mean,Trend 7Day Prediction Mean 100k,Trend 7Day Prediction Q25,Trend 7Day Prediction Q25 100k,Trend 7Day Prediction Q75,Trend 7Day Prediction Q75 100k,Trend 7Day Prediction Q5,Trend 7Day Prediction Q5 100k,Trend 7Day Prediction Q95,Trend 7Day Prediction Q95 100k,RKI Meldedaten,RKI 7Day Incidence,is_nowcast,is_high,is_prediction
0,2020-03-06,0.30214188,0.2579256715762312,0,0.0,0,0.0,0,0.0,2,1.707314991079279,0.114132196,0.0974298018263652,0,0.0,0,0.0,0,0.0,1,0.8536574955396395,,,,,,,,,,,0.0,,False,False,False
1,2020-03-07,0.2185819,0.1865940816969669,0,0.0,0,0.0,0,0.0,1,0.8536574955396395,0.13501173,0.1152537720372492,0,0.0,0,0.0,0,0.0,1,0.8536574955396395,,,,,,,,,,,0.0,,False,False,False
2,2020-03-08,0.24167067,0.2063039801214472,0,0.0,0,0.0,0,0.0,1,0.8536574955396395,0.16053364,0.1370407403555873,0,0.0,0,0.0,0,0.0,1,0.8536574955396395,,,,,,,,,,,0.0,,False,False,False
3,2020-03-09,0.35005558,0.2988275582538335,0,0.0,0,0.0,0,0.0,2,1.707314991079279,0.19181229,0.1637420041333825,0,0.0,0,0.0,0,0.0,1,0.8536574955396395,,,,,,,,,,,1.0,,False,False,False
4,2020-03-10,0.5006703,0.4274009825167013,0,0.0,1,0.8536574955396395,0,0.0,2,1.707314991079279,0.23025067,0.1965552200999809,0,0.0,0,0.0,0,0.0,1,0.8536574955396395,,,,,,,,,,,0.0,,False,False,False
5,2020-03-11,0.6909856,0.5898650670133065,0,0.0,1,0.8536574955396395,0,0.0,3,2.560972486618919,0.27761894,0.2369914909650106,0,0.0,0,0.0,0,0.0,1,0.8536574955396395,,,,,,,,,,,2.0,,False,True,False
6,2020-03-12,0.69778377,0.5956683253316442,0,0.0,1,0.8536574955396395,0,0.0,3,2.560972486618919,0.3361573,0.2869631998692057,0,0.0,1,0.8536574955396395,0,0.0,2,1.707314991079279,1.4455171922296286,1.2339765860782366,0.0,0.0,2.0,1.707314991079279,0.0,0.0,5.0,4.268287477698198,0.0,3.0,False,False,False
7,2020-03-13,0.9507604,0.8116237950162031,0,0.0,1,0.8536574955396395,0,0.0,3,2.560972486618919,0.40870956,0.3488979700705386,0,0.0,1,0.8536574955396395,0,0.0,2,1.707314991079279,1.740094588756561,1.4854447886400053,0.0,0.0,2.0,1.707314991079279,0.0,0.0,5.0,4.268287477698198,0.0,3.0,False,False,False
8,2020-03-14,0.63702893,0.5438045263872482,0,0.0,1,0.8536574955396395,0,0.0,2,1.707314991079279,0.49889678,0.425886992161395,0,0.0,1,0.8536574955396395,0,0.0,2,1.707314991079279,2.103979707330465,1.7960780476259488,1.0,0.8536574955396395,3.0,2.560972486618919,0.0,0.0,6.0,5.121944973237838,0.0,3.0,False,False,False
9,2020-03-15,0.71702075,0.6120901161921211,0,0.0,1,0.8536574955396395,0,0.0,3,2.560972486618919,0.611343,0.5218775640969398,0,0.0,1,0.8536574955396395,0,0.0,2,1.707314991079279,2.554788904994726,2.180914698270256,1.0,0.8536574955396395,4.0,3.414629982158558,0.0,0.0,6.0,5.121944973237838,1.0,4.0,False,False,False
10,2020-03-16,0.91021097,0.7770084266667254,0,0.0,1,0.8536574955396395,0,0.0,3,2.560972486618919,0.7519715,0.641926089883782,0,0.0,1,0.8536574955396395,0,0.0,3,2.560972486618919,3.1149474062919618,2.6590982015928923,1.0,0.8536574955396395,4.0,3.414629982158558,0.0,0.0,7.0,5.975602468777477,0.0,3.0,False,False,False
11,2020-03-17,1.3252071,1.1312729839119129,0,0.0,2,1.707314991079279,0,0.0,4,3.414629982158558,0.92839307,0.7925296813482419,0,0.0,1,0.8536574955396395,0,0.0,3,2.560972486618919,3.813089757084847,3.255072652300903,2.0,1.707314991079279,5.0,4.268287477698198,0.0,0.0,9.0,7.682917459856756,1.0,4.0,False,False,False
12,2020-03-18,1.8440341,1.5741734387120232,0,0.0,3,2.560972486618919,0,0.0,6,5.121944973237838,1.1504232,0.9820673767535482,0,0.0,2,1.707314991079279,0,0.0,4,3.414629982158558,4.685894452571869,4.000148922745592,2.0,1.707314991079279,6.0,5.121944973237838,1.0,0.8536574955396395,11.0,9.390232450936034,5.0,7.0,False,True,False
13,2020-03-19,1.9796944,1.689980854280293,0,0.0,3,2.560972486618919,0,0.0,7,5.975602468777477,1.4307563,1.2213758964207957,0,0.0,2,1.707314991079279,0,0.0,5,4.268287477698198,5.78049444937706,4.93456241463601,3.0,2.560972486618919,8.0,6.829259964317116,1.0,0.8536574955396395,12.0,10.243889946475676,0.0,7.0,False,False,False
14,2020-03-20,2.0073402,1.713580968498718,0,0.0,3,2.560972486618919,0,0.0,7,5.975602468777477,1.7858737,1.5245243957906496,0,0.0,3,2.560972486618919,0,0.0,6,5.121944973237838,7.157657707929611,6.1101881528811886,4.0,3.414629982158558,10.0,8.536574955396397,2.0,1.707314991079279,14.0,11.951204937554952,5.0,12.0,False,False,False
15,2020-03-21,1.4005743,1.1956107300648,0,0.0,2,1.707314991079279,0,0.0,5,4.268287477698198,2.2372327,1.909830461954698,0,0.0,3,2.560972486618919,0,0.0,7,5.975602468777477,8.89599323940277,7.594131309086133,5.0,4.268287477698198,12.0,10.243889946475676,3.0,2.560972486618919,19.0,16.219492415253153,3.0,15.0,False,False,False
16,2020-03-22,1.3800968,1.1781299690483138,0,0.0,2,1.707314991079279,0,0.0,5,4.268287477698198,2.8128893,2.4012440917431377,1,0.8536574955396395,4,3.414629982158558,0,0.0,9,7.682917459856756,11.097538907051089,9.47349727004694,7.0,5.975602468777477,15.0,12.804862433094591,3.0,2.560972486618919,23.0,19.634122397411712,0.0,14.0,False,False,False
17,2020-03-23,1.6588409,1.4160819773678668,0,0.0,2,1.707314991079279,0,0.0,6,5.121944973237838,3.5496385,3.0301755032269284,1,0.8536574955396395,5,4.268287477698198,0,0.0,11,9.390232450936034,13.89520751476288,11.86174804705606,9.0,7.682917459856756,18.0,15.365834919713512,4.0,3.414629982158558,29.0,24.75606737064955,0.0,14.0,False,False,False
18,2020-03-24,3.2389975,2.7649944968288764,1,0.8536574955396395,4,3.414629982158558,0,0.0,11,9.390232450936034,4.4959335,3.83798724215012,1,0.8536574955396395,6,5.121944973237838,0,0.0,15,12.804862433094591,17.4627468252182,14.90720472005856,11.0,9.390232450936034,23.0,19.634122397411712,5.0,4.268287477698198,37.0,31.585327334966664,7.0,20.0,False,False,False
19,2020-03-25,6.2312346,5.319340198184364,2,1.707314991079279,9,7.682917459856756,0,0.0,21,17.92680740633243,5.7157936,4.879329935647547,2,1.707314991079279,8,6.829259964317116,0,0.0,18,15.365834919713512,22.02811449670792,18.804465052720108,14.0,11.951204937554952,29.0,24.75606737064955,7.0,5.975602468777477,48.0,40.9755597859027,3.0,18.0,False,False,False
20,2020-03-26,7.1893773,6.137265881989151,2,1.707314991079279,9,7.682917459856756,0,0.0,22,18.78046490187207,7.2941413,6.226698315003887,2,1.707314991079279,9,7.682917459856756,0,0.0,21,17.92680740633243,27.891495809555053,23.80978445963912,16.0,13.658519928634233,35.0,29.878012343887388,9.0,7.682917459856756,59.0,50.36579223683873,1.0,19.0,False,False,False
21,2020-03-27,11.428465,9.75599468802102,3,2.560972486618919,15,12.804862433094591,0,0.0,36,30.731669839427024,9.344046,7.976614870131016,2,1.707314991079279,12,10.243889946475676,0,0.0,28,23.902409875109907,35.449672941684724,30.26187902109791,20.0,17.073149910792793,45.0,38.41458729928378,11.0,9.390232450936034,75.0,64.02431216547296,4.0,18.0,True,False,False
22,2020-03-28,6.6047945,5.638232323690318,1,0.8536574955396395,9,7.682917459856756,0,0.0,23,19.634122397411712,12.016695,10.258141992380844,3,2.560972486618919,15,12.804862433094591,0,0.0,37,31.585327334966664,45.22912875080109,38.61018477484876,24.0,20.48777989295135,56.0,47.80481975021981,12.0,10.243889946475676,98.0,83.65843456288468,5.0,20.0,True,False,False
23,2020-03-29,6.751004,5.763045191997662,2,1.707314991079279,9,7.682917459856756,0,0.0,21,17.92680740633243,15.514871,13.24438489973545,4,3.414629982158558,19,16.219492415253153,1,0.8536574955396395,51,43.53653227252162,57.93112208890915,49.45333659621927,30.0,25.609724866189183,71.0,60.60968218331442,15.0,12.804862433094591,133.0,113.53644690677208,0.0,20.0,True,False,False
24,2020-03-30,9.84201,8.401705417782068,2,1.707314991079279,12,10.243889946475676,0,0.0,33,28.17069735280811,20.11193,17.168700287584215,6,5.121944973237838,25,21.341437388490988,1,0.8536574955396395,65,55.487737210076574,74.493413813591,63.59186107030808,36.0,30.731669839427024,94.0,80.24380458072612,17.0,14.512177424173874,179.0,152.8046917015955,2.0,22.0,True,False,False
25,2020-03-31,15.665949,13.373354158829898,3,2.560972486618919,19,16.219492415253153,0,0.0,55,46.95116225468018,26.177473,22.34659623354673,6,5.121944973237838,31,26.463382361728826,1,0.8536574955396395,91,77.6828320941072,96.17495159721376,82.10046831412355,44.0,37.56092980374414,120.0,102.43889946475674,21.0,17.92680740633243,239.0,204.02414143397385,3.0,18.0,True,False,False
26,2020-04-01,23.840677,20.351773127913475,5,4.268287477698198,27,23.04875237957027,1,0.8536574955396395,88,75.12185960748828,34.213524,29.20663100667298,8,6.829259964317116,37,31.585327334966664,1,0.8536574955396395,125,106.70718694245494,124.67269419145585,106.42777988565756,54.0,46.09750475914054,148.0,126.34130933986664,25.0,21.341437388490988,351.0,299.6337809344135,,,False,False,True
27,2020-04-02,25.28421,21.58405550289899,5,4.268287477698198,30,25.609724866189183,1,0.8536574955396395,79,67.43894214763152,44.904686,38.33322261925787,9,7.682917459856756,51,43.53653227252162,2,1.707314991079279,154,131.4632543131045,162.28325594186782,138.53431783535322,67.0,57.19505220115585,193.0,164.75589663915045,29.0,24.75606737064955,463.0,395.24342043485314,,,False,False,True
28,2020-04-03,41.3947,35.33689596224576,8,6.829259964317116,40,34.146299821585586,1,0.8536574955396395,143,122.07302186216845,59.188095,50.52636261098087,11,9.390232450936034,62,52.92676472345765,2,1.707314991079279,228,194.63390898303783,212.1273490858078,181.08410155605355,83.0,70.8535721297901,250.0,213.41437388490988,33.0,28.17069735280811,650.0,554.8773721007657,,,False,False,True
29,2020-04-04,33.33873,28.45985582098365,5,4.268287477698198,34,29.02435484834775,1,0.8536574955396395,114,97.31695449151891,78.352234,66.88596913591027,14,11.951204937554952,86,73.414544616409,2,1.707314991079279,294,250.97530368865404,278.4629704551697,237.7120019592888,96.0,81.9511195718054,325.0,277.43868605038284,40.0,34.146299821585586,816.0,696.5845163603459,,,False,False,True
30,2020-04-05,40.448956,34.529552794992924,6,5.121944973237838,44,37.56092980374414,1,0.8536574955396395,152,129.75593932202523,104.17538,88.93008925952017,16,13.658519928634233,98,83.65843456288468,3,2.560972486618919,368,314.1459583585874,367.1234840004444,313.39771390560634,114.0,97.31695449151891,414.0,353.4142031534108,45.0,38.41458729928378,1088.0,928.779355147128,,,False,False,True
