,Unnamed: 0,Raw Prediction Mean,Raw Prediction Mean 100k,Raw Prediction Q25,Raw Prediction Q25 100k,Raw Prediction Q75,Raw Prediction Q75 100k,Raw Prediction Q5,Raw Prediction Q5 100k,Raw Prediction Q95,Raw Prediction Q95 100k,Trend Prediction Mean,Trend Prediction Mean 100k,Trend Prediction Q25,Trend Prediction Q25 100k,Trend Prediction Q75,Trend Prediction Q75 100k,Trend Prediction Q5,Trend Prediction Q5 100k,Trend Prediction Q95,Trend Prediction Q95 100k,Trend 7Day Prediction Mean,Trend 7Day Prediction Mean 100k,Trend 7Day Prediction Q25,Trend 7Day Prediction Q25 100k,Trend 7Day Prediction Q75,Trend 7Day Prediction Q75 100k,Trend 7Day Prediction Q5,Trend 7Day Prediction Q5 100k,Trend 7Day Prediction Q95,Trend 7Day Prediction Q95 100k,RKI Meldedaten,RKI 7Day Incidence,is_nowcast,is_high,is_prediction
0,2020-03-06,0.4327626,0.2021187810896663,0,0.0,1,0.4670431034080135,0,0.0,2,0.934086206816027,0.28964004,0.1352743879579065,0,0.0,0,0.0,0,0.0,1,0.4670431034080135,,,,,,,,,,,0.0,,False,False,False
1,2020-03-07,0.29590946,0.1382024720442132,0,0.0,0,0.0,0,0.0,2,0.934086206816027,0.323772,0.1512154881311289,0,0.0,0,0.0,0,0.0,1,0.4670431034080135,,,,,,,,,,,0.0,,False,False,False
2,2020-03-08,0.30471638,0.1423156845703488,0,0.0,0,0.0,0,0.0,2,0.934086206816027,0.36297628,0.1695255718914268,0,0.0,0,0.0,0,0.0,2,0.934086206816027,,,,,,,,,,,0.0,,False,False,False
3,2020-03-09,0.4080859,0.1905937097035348,0,0.0,1,0.4670431034080135,0,0.0,2,0.934086206816027,0.40812153,0.1906103420878935,0,0.0,1,0.4670431034080135,0,0.0,2,0.934086206816027,,,,,,,,,,,0.0,,False,False,False
4,2020-03-10,0.5939002,0.2773769892883138,0,0.0,1,0.4670431034080135,0,0.0,3,1.4011293102240403,0.46024203,0.214952865462692,0,0.0,1,0.4670431034080135,0,0.0,2,0.934086206816027,,,,,,,,,,,0.0,,False,False,False
5,2020-03-11,0.7760495,0.362448554369621,0,0.0,1,0.4670431034080135,0,0.0,3,1.4011293102240403,0.52057326,0.2431301481919945,0,0.0,1,0.4670431034080135,0,0.0,2,0.934086206816027,,,,,,,,,,,0.0,,False,False,False
6,2020-03-12,0.70739686,0.3303848188807023,0,0.0,1,0.4670431034080135,0,0.0,3,1.4011293102240403,0.5905922,0.2758320079010445,0,0.0,1,0.4670431034080135,0,0.0,2,0.934086206816027,2.9559170188307764,1.380540657891289,1.0,0.4670431034080135,4.0,1.868172413632054,0.0,0.0,8.0,3.736344827264108,0.0,0.0,False,False,False
7,2020-03-13,0.9838555,0.4595029167830944,0,0.0,1,0.4670431034080135,0,0.0,4,1.868172413632054,0.67207116,0.3138861984552932,0,0.0,1,0.4670431034080135,0,0.0,3,1.4011293102240403,3.3383484066426754,1.5591526000955924,1.0,0.4670431034080135,5.0,2.335215517040068,0.0,0.0,9.0,4.203387930672122,1.0,1.0,False,False,False
8,2020-03-14,0.6811061,0.3181059128110064,0,0.0,1,0.4670431034080135,0,0.0,3,1.4011293102240403,0.7671417,0.3582882300179335,0,0.0,1,0.4670431034080135,0,0.0,3,1.4011293102240403,3.781718677937985,1.7662256275602062,2.0,0.934086206816027,5.0,2.335215517040068,0.0,0.0,9.0,4.203387930672122,0.0,1.0,False,False,False
9,2020-03-15,0.7016282,0.3276906227256404,0,0.0,1,0.4670431034080135,0,0.0,3,1.4011293102240403,0.87837267,0.4102379079995444,0,0.0,1,0.4670431034080135,0,0.0,3,1.4011293102240403,4.297115948915482,2.006938368485557,2.0,0.934086206816027,6.0,2.802258620448081,0.0,0.0,10.0,4.670431034080136,1.0,2.0,False,False,False
10,2020-03-16,0.9538615,0.4454944246390369,0,0.0,1,0.4670431034080135,0,0.0,3,1.4011293102240403,1.0088702,0.4711858764494536,0,0.0,1,0.4670431034080135,0,0.0,4,1.868172413632054,4.897864727497101,2.2875139424028905,3.0,1.4011293102240403,7.0,3.269301723856094,1.0,0.4670431034080135,11.0,5.137474137488149,0.0,2.0,False,False,False
11,2020-03-17,1.4090893,0.6581054549315013,0,0.0,2,0.934086206816027,0,0.0,5,2.335215517040068,1.1623948,0.5428884378488874,0,0.0,2,0.934086206816027,0,0.0,4,1.868172413632054,5.600017016172409,2.6154493263708463,3.0,1.4011293102240403,8.0,3.736344827264108,1.0,0.4670431034080135,12.0,5.604517240896162,8.0,10.0,False,True,False
12,2020-03-18,1.8298826,0.8546340723114554,0,0.0,3,1.4011293102240403,0,0.0,6,2.802258620448081,1.3435167,0.6274802217376418,0,0.0,2,0.934086206816027,0,0.0,4,1.868172413632054,6.42296076965332,2.99979953092681,4.0,1.868172413632054,9.0,4.203387930672122,1.0,0.4670431034080135,14.0,6.538603447712189,5.0,15.0,False,True,False
13,2020-03-19,1.73769,0.8115761374938302,0,0.0,3,1.4011293102240403,0,0.0,6,2.802258620448081,1.5578065,0.7275627922354033,0,0.0,2,0.934086206816027,0,0.0,5,2.335215517040068,7.390174085140228,3.4515298394493694,4.0,1.868172413632054,10.0,4.670431034080136,2.0,0.934086206816027,15.0,7.005646551120202,3.0,18.0,False,False,False
14,2020-03-20,2.388437,1.1155030733789315,0,0.0,3,1.4011293102240403,0,0.0,7,3.269301723856094,1.8120631,0.8463115591439418,0,0.0,3,1.4011293102240403,0,0.0,6,2.802258620448081,8.530165277481078,3.9839548637780418,5.0,2.335215517040068,11.0,5.137474137488149,2.0,0.934086206816027,17.0,7.9397327579362305,4.0,21.0,False,False,False
15,2020-03-21,1.5870286,0.7412107606796781,0,0.0,3,1.4011293102240403,0,0.0,5,2.335215517040068,2.1146207,0.9876190233626404,0,0.0,3,1.4011293102240403,0,0.0,7,3.269301723856094,9.877644296646118,4.613285646666068,6.0,2.802258620448081,13.0,6.071560344304175,3.0,1.4011293102240403,20.0,9.340862068160272,2.0,23.0,False,False,False
16,2020-03-22,1.7186531,0.8026850991882384,0,0.0,2,0.934086206816027,0,0.0,5,2.335215517040068,2.4757185,1.1562672625586856,1,0.4670431034080135,3,1.4011293102240403,0,0.0,8,3.736344827264108,11.47499069261551,5.359315264657218,7.0,3.269301723856094,15.0,7.005646551120202,4.0,1.868172413632054,23.0,10.741991378384313,0.0,22.0,False,False,False
17,2020-03-23,2.2874722,1.06834813777823,0,0.0,3,1.4011293102240403,0,0.0,7,3.269301723856094,2.907976,1.358150075247977,1,0.4670431034080135,4,1.868172413632054,0,0.0,9,4.203387930672122,13.37409715461731,6.246279840372751,8.0,3.736344827264108,17.0,7.9397327579362305,4.0,1.868172413632054,26.0,12.14312068860835,0.0,22.0,False,False,False
18,2020-03-24,3.5273907,1.6474434232804924,1,0.4670431034080135,5,2.335215517040068,0,0.0,10,4.670431034080136,3.4269884,1.600551331648603,1,0.4670431034080135,5,2.335215517040068,0,0.0,10,4.670431034080136,15.638691966056824,7.303943229069147,10.0,4.670431034080136,19.0,8.873818964752257,5.0,2.335215517040068,32.0,14.945379309056433,3.0,17.0,False,False,False
19,2020-03-25,5.1314545,2.396610398136545,1,0.4670431034080135,7,3.269301723856094,0,0.0,16,7.472689654528216,4.052104,1.892507316370029,1,0.4670431034080135,5,2.335215517040068,0,0.0,12,5.604517240896162,18.347278983592982,8.568970115589892,11.0,5.137474137488149,23.0,10.741991378384313,6.0,2.802258620448081,38.0,17.747637929504513,1.0,13.0,False,False,False
20,2020-03-26,4.9491215,2.311453135916963,1,0.4670431034080135,7,3.269301723856094,0,0.0,17,7.9397327579362305,4.8073926,2.2452595658251084,1,0.4670431034080135,6,2.802258620448081,0,0.0,14,6.538603447712189,21.596864924430847,10.086666818189856,13.0,6.071560344304175,26.0,12.14312068860835,7.0,3.269301723856094,46.0,21.483982756768626,1.0,11.0,False,False,False
21,2020-03-27,7.3058925,3.4121665521524847,2,0.934086206816027,9,4.203387930672122,0,0.0,21,9.807905171568285,5.7229085,2.672844857443124,2,0.934086206816027,8,3.736344827264108,0,0.0,18,8.406775861344244,25.50770909643173,11.913199617226294,15.0,7.005646551120202,32.0,14.945379309056433,8.0,3.736344827264108,54.0,25.22032758403273,3.0,10.0,True,False,False
22,2020-03-28,5.0632596,2.364760439377278,1,0.4670431034080135,7,3.269301723856094,0,0.0,17,7.9397327579362305,6.83632,3.1928560929372907,2,0.934086206816027,9,4.203387930672122,0,0.0,23,10.741991378384313,30.22940475320816,14.118435010115292,17.0,7.9397327579362305,38.0,17.747637929504513,8.0,3.736344827264108,67.0,31.29188792833691,5.0,13.0,True,False,False
23,2020-03-29,5.1855917,2.421894896542653,1,0.4670431034080135,6,2.802258620448081,0,0.0,18,8.406775861344244,8.194993,3.827414911938831,2,0.934086206816027,10,4.670431034080136,0,0.0,28,13.07720689542438,35.94867261648178,16.789579622200325,19.0,8.873818964752257,45.0,21.01693965336061,10.0,4.670431034080136,88.0,41.09979309990519,0.0,13.0,True,False,False
24,2020-03-30,7.6738634,3.584025034797378,2,0.934086206816027,10,4.670431034080136,0,0.0,28,13.07720689542438,9.858752,4.604462083079852,2,0.934086206816027,13,6.071560344304175,0,0.0,33,15.412422412464446,42.899436316013336,20.03588587148531,21.0,9.807905171568285,55.0,25.687370687440744,11.0,5.137474137488149,107.0,49.97361206465745,2.0,15.0,True,False,False
25,2020-03-31,12.126778,5.663728006766178,3,1.4011293102240403,14,6.538603447712189,0,0.0,38,17.747637929504513,11.903401,5.559401688515209,3,1.4011293102240403,14,6.538603447712189,0,0.0,45,21.01693965336061,51.37584329652786,23.99473329341416,24.0,11.209034481792324,64.0,29.890758618112866,11.0,5.137474137488149,140.0,65.3860344771219,4.0,16.0,True,False,False
26,2020-04-01,16.78428,7.838982855901122,3,1.4011293102240403,20,9.340862068160272,0,0.0,53,24.75328448062472,14.425505,6.737332296324894,3,1.4011293102240403,17,7.9397327579362305,0,0.0,52,24.2862413772167,61.74923583126069,28.839554735705292,28.0,13.07720689542438,78.0,36.42936206582505,12.0,5.604517240896162,176.0,82.19958619981038,,,False,False,True
27,2020-04-02,16.487806,7.700516289332882,3,1.4011293102240403,18,8.406775861344244,0,0.0,49,22.88511206699266,17.54849,8.195901318686083,3,1.4011293102240403,20,9.340862068160272,0,0.0,67,31.29188792833691,74.49033257865906,34.79019610143198,31.0,14.478336205648418,91.0,42.50092241012924,13.0,6.071560344304175,213.0,99.48018102590687,,,False,False,True
28,2020-04-03,25.006605,11.679162707878277,4,1.868172413632054,28,13.07720689542438,1,0.4670431034080135,91,42.50092241012924,21.430895,10.009151446865872,4,1.868172413632054,24,11.209034481792324,1,0.4670431034080135,77,35.962318962417044,90.19833376073838,42.12650972184705,34.0,15.87946551587246,111.0,51.8417844782895,14.0,6.538603447712189,265.0,123.7664224031236,,,False,False,True
29,2020-04-04,18.725214,8.745482045924291,3,1.4011293102240403,22,10.274948274976298,0,0.0,63,29.423715514704853,26.27738,12.272669118829072,4,1.868172413632054,28,13.07720689542438,0,0.0,97,45.30318103057731,109.63939742088318,51.20632442723384,37.0,17.2805948260965,135.0,63.05081896008182,15.0,7.005646551120202,340.0,158.7946551587246,,,False,False,True
30,2020-04-05,21.099615,9.854429663391784,4,1.868172413632054,21,9.807905171568285,0,0.0,79,36.89640516923307,32.353237,15.110356616787612,5,2.335215517040068,33,15.412422412464446,1,0.4670431034080135,118,55.1110862021456,133.79762684440612,62.489258870038775,43.0,20.082853446544583,158.0,73.79281033846614,16.0,7.472689654528216,437.0,204.09783618930192,,,False,False,True
