,Unnamed: 0,Raw Prediction Mean,Raw Prediction Mean 100k,Raw Prediction Q25,Raw Prediction Q25 100k,Raw Prediction Q75,Raw Prediction Q75 100k,Raw Prediction Q5,Raw Prediction Q5 100k,Raw Prediction Q95,Raw Prediction Q95 100k,Trend Prediction Mean,Trend Prediction Mean 100k,Trend Prediction Q25,Trend Prediction Q25 100k,Trend Prediction Q75,Trend Prediction Q75 100k,Trend Prediction Q5,Trend Prediction Q5 100k,Trend Prediction Q95,Trend Prediction Q95 100k,Trend 7Day Prediction Mean,Trend 7Day Prediction Mean 100k,Trend 7Day Prediction Q25,Trend 7Day Prediction Q25 100k,Trend 7Day Prediction Q75,Trend 7Day Prediction Q75 100k,Trend 7Day Prediction Q5,Trend 7Day Prediction Q5 100k,Trend 7Day Prediction Q95,Trend 7Day Prediction Q95 100k,RKI Meldedaten,RKI 7Day Incidence,is_nowcast,is_high,is_prediction
0,2020-09-09,0.14229989,0.052629980018537,0,0.0,0,0.0,0,0.0,1,0.3698525767629023,0.11461512,0.0423906982405242,0,0.0,0,0.0,0,0.0,1,0.3698525767629023,,,,,,,,,,,0.0,,False,False,False
1,2020-09-10,0.17690209,0.0654276902878336,0,0.0,0,0.0,0,0.0,1,0.3698525767629023,0.13333829,0.0493155084768659,0,0.0,0,0.0,0,0.0,1,0.3698525767629023,,,,,,,,,,,0.0,,False,False,False
2,2020-09-11,0.16236763,0.0600520877469534,0,0.0,0,0.0,0,0.0,1,0.3698525767629023,0.15558654,0.0575440822103701,0,0.0,0,0.0,0,0.0,1,0.3698525767629023,,,,,,,,,,,0.0,,False,False,False
3,2020-09-12,0.13384345,0.0495023471103195,0,0.0,0,0.0,0,0.0,1,0.3698525767629023,0.18209957,0.067349992605159,0,0.0,0,0.0,0,0.0,1,0.3698525767629023,,,,,,,,,,,0.0,,False,False,False
4,2020-09-13,0.12901793,0.047717617235321,0,0.0,0,0.0,0,0.0,1,0.3698525767629023,0.213787,0.0790696731201023,0,0.0,0,0.0,0,0.0,1,0.3698525767629023,,,,,,,,,,,0.0,,False,False,False
5,2020-09-14,0.1748754,0.0646781131763418,0,0.0,0,0.0,0,0.0,1,0.3698525767629023,0.25176975,0.0931176884932938,0,0.0,0,0.0,0,0.0,1,0.3698525767629023,,,,,,,,,,,0.0,,False,False,False
6,2020-09-15,0.35405543,0.1309483195655048,0,0.0,1,0.3698525767629023,0,0.0,2,0.7397051535258046,0.29743415,0.1100067834158835,0,0.0,0,0.0,0,0.0,2,0.7397051535258046,1.3486303594708442,0.4987944135509709,0.0,0.0,2.0,0.7397051535258046,0.0,0.0,4.0,1.4794103070516091,1.0,1.0,False,False,False
7,2020-09-16,0.45190004,0.1671363975219719,0,0.0,1,0.3698525767629023,0,0.0,2,0.7397051535258046,0.3524994,0.1303728140555904,0,0.0,1,0.3698525767629023,0,0.0,2,0.7397051535258046,1.5865147935599089,0.5867765844705963,0.0,0.0,2.0,0.7397051535258046,0.0,0.0,5.0,1.8492628838145115,0.0,1.0,False,False,False
8,2020-09-17,0.60257465,0.2228637868029181,0,0.0,1,0.3698525767629023,0,0.0,2,0.7397051535258046,0.41910356,0.155006534896529,0,0.0,1,0.3698525767629023,0,0.0,2,0.7397051535258046,1.8722801379114389,0.6924676334285478,1.0,0.3698525767629023,3.0,1.109557730288707,0.0,0.0,6.0,2.219115460577414,0.0,1.0,False,False,False
9,2020-09-18,0.5236689,0.1936802846103091,0,0.0,1,0.3698525767629023,0,0.0,2,0.7397051535258046,0.49991295,0.1848940883064642,0,0.0,1,0.3698525767629023,0,0.0,2,0.7397051535258046,2.216606759250164,0.8198177215787394,1.0,0.3698525767629023,3.0,1.109557730288707,0.0,0.0,6.0,2.219115460577414,2.0,3.0,False,False,False
10,2020-09-19,0.43945307,0.162532853664743,0,0.0,1,0.3698525767629023,0,0.0,2,0.7397051535258046,0.5982655,0.2212700564996339,0,0.0,1,0.3698525767629023,0,0.0,3,1.109557730288707,2.6327724079489707,0.9737376591101978,1.0,0.3698525767629023,4.0,1.4794103070516091,0.0,0.0,7.0,2.588968037340316,0.0,3.0,False,False,False
11,2020-09-20,0.44602478,0.1649634100431285,0,0.0,1,0.3698525767629023,0,0.0,2,0.7397051535258046,0.71834844,0.2656830247360631,0,0.0,1,0.3698525767629023,0,0.0,3,1.109557730288707,3.137333670973778,1.1603509423746674,1.0,0.3698525767629023,4.0,1.4794103070516091,0.0,0.0,8.0,2.9588206141032183,0.0,3.0,False,False,False
12,2020-09-21,0.6352795,0.2349597480133525,0,0.0,1,0.3698525767629023,0,0.0,2,0.7397051535258046,0.86543596,0.3200837227268494,0,0.0,1,0.3698525767629023,0,0.0,3,1.109557730288707,3.750999478161335,1.3873168224342718,2.0,0.7397051535258046,5.0,1.8492628838145115,0.0,0.0,9.0,3.328673190866121,0.0,3.0,False,False,False
13,2020-09-22,1.272015,0.4704580078396247,0,0.0,2,0.7397051535258046,0,0.0,4,1.4794103070516091,1.046189,0.3869356987706851,0,0.0,2,0.7397051535258046,0,0.0,4,1.4794103070516091,4.499753791451454,1.6642455345669591,2.0,0.7397051535258046,6.0,2.219115460577414,1.0,0.3698525767629023,10.0,3.698525767629023,3.0,5.0,False,False,False
14,2020-09-23,1.6004599,0.591934212934575,0,0.0,2,0.7397051535258046,0,0.0,5,1.8492628838145115,1.2690502,0.4693615210271673,0,0.0,2,0.7397051535258046,0,0.0,4,1.4794103070516091,5.4163049038648605,2.0032343252279623,3.0,1.109557730288707,7.0,2.588968037340316,1.0,0.3698525767629023,12.0,4.438230921154828,1.0,6.0,False,False,False
15,2020-09-24,2.246901,0.8310221346619073,1,0.3698525767629023,3,1.109557730288707,0,0.0,7,2.588968037340316,1.5447582,0.5713327936973656,0,0.0,2,0.7397051535258046,0,0.0,5,1.8492628838145115,6.541959581136704,2.419560608162167,4.0,1.4794103070516091,9.0,3.328673190866121,2.0,0.7397051535258046,14.0,5.177936074680632,3.0,9.0,False,False,False
16,2020-09-25,2.0401742,0.7545636890426977,0,0.0,3,1.109557730288707,0,0.0,6,2.219115460577414,1.8870122,0.6979163572395919,0,0.0,3,1.109557730288707,0,0.0,6,2.219115460577414,7.929059181928634,2.932582969741856,5.0,1.8492628838145115,10.0,3.698525767629023,2.0,0.7397051535258046,16.0,5.917641228206437,6.0,13.0,False,False,False
17,2020-09-26,1.7405252,0.6437377578549786,0,0.0,2,0.7397051535258046,0,0.0,6,2.219115460577414,2.3133597,0.8556020475225523,1,0.3698525767629023,3,1.109557730288707,0,0.0,7,2.588968037340316,9.644155027389528,3.5669155875809158,6.0,2.219115460577414,12.0,4.438230921154828,3.0,1.109557730288707,19.0,7.027198958495144,1.0,14.0,False,False,False
18,2020-09-27,1.818502,0.6725776529492578,0,0.0,3,1.109557730288707,0,0.0,5,1.8492628838145115,2.8463578,1.05273275039508,1,0.3698525767629023,4,1.4794103070516091,0,0.0,8,2.9588206141032183,11.772164074420928,4.353965217000247,8.0,2.9588206141032183,15.0,5.547788651443534,4.0,1.4794103070516091,23.0,8.506609265546754,0.0,14.0,False,False,False
19,2020-09-28,2.6413236,0.9769003554538358,1,0.3698525767629023,4,1.4794103070516091,0,0.0,8,2.9588206141032183,3.5151017,1.300069379794877,1,0.3698525767629023,5,1.8492628838145115,0,0.0,12,4.438230921154828,14.42183189535141,5.33395168813713,9.0,3.328673190866121,18.0,6.657346381732242,5.0,1.8492628838145115,30.0,11.095577302887069,0.0,14.0,False,False,False
20,2020-09-29,5.2996464,1.9600878658820875,2,0.7397051535258046,7,2.588968037340316,0,0.0,16,5.917641228206437,4.357293,1.6115560356411152,1,0.3698525767629023,6,2.219115460577414,0,0.0,12,4.438230921154828,17.73293459558487,6.558571553745079,11.0,4.068378344391926,22.0,8.136756688783851,6.0,2.219115460577414,36.0,13.314692763464484,5.0,16.0,False,False,False
21,2020-09-30,6.963739,2.575556754891295,2,0.7397051535258046,9,3.328673190866121,0,0.0,22,8.136756688783851,5.4219356,2.005316855502315,2,0.7397051535258046,7,2.588968037340316,0,0.0,16,5.917641228206437,21.88582231903076,8.094527779268565,13.0,4.80808349791773,28.0,10.355872149361264,7.0,2.588968037340316,45.0,16.643365954330605,4.0,19.0,True,False,False
22,2020-10-01,9.7065935,3.5900087823392823,3,1.109557730288707,13,4.80808349791773,1,0.3698525767629023,26,9.61616699583546,6.773062,2.505034535715822,2,0.7397051535258046,9,3.328673190866121,0,0.0,21,7.766904112020948,27.11412392568588,10.028228600583583,16.0,5.917641228206437,33.0,12.205135033175775,8.0,2.9588206141032183,60.0,22.191154605774138,1.0,17.0,True,False,False
23,2020-10-02,9.2028675,3.4037042496493086,3,1.109557730288707,12,4.438230921154828,0,0.0,29,10.725724726124168,8.494599,3.1417494028573856,3,1.109557730288707,11,4.068378344391926,0,0.0,30,11.095577302887069,33.7217082157135,12.472060676428372,19.0,7.027198958495144,42.0,15.533808224041897,9.0,3.328673190866121,77.0,28.47864841074348,1.0,12.0,True,False,False
24,2020-10-03,8.199803,3.032718450413085,2,0.7397051535258046,10,3.698525767629023,0,0.0,26,9.61616699583546,10.697138,3.956364162149839,3,1.109557730288707,13,4.80808349791773,1,0.3698525767629023,32,11.835282456412871,42.10548909187317,15.572823636491568,23.0,8.506609265546754,51.0,18.862481414908014,12.0,4.438230921154828,100.0,36.98525767629023,1.0,12.0,True,False,False
25,2020-10-04,8.337108,3.083500632783398,2,0.7397051535258046,10,3.698525767629023,0,0.0,26,9.61616699583546,13.527022,5.003004116588272,4,1.4794103070516091,16,5.917641228206437,1,0.3698525767629023,40,14.794103070516092,52.7861533446312,19.523094831913543,27.0,9.986019572598362,64.0,23.670564912825743,14.0,5.177936074680632,128.0,47.34112982565149,1.0,13.0,True,False,False
26,2020-10-05,12.994545,4.806065771845169,3,1.109557730288707,16,5.917641228206437,0,0.0,43,15.9036608008048,17.17881,6.353627395583317,4,1.4794103070516091,20,7.397051535258046,1,0.3698525767629023,54,19.972039145196725,66.44986280345917,24.57665298340071,31.0,11.465429879649973,79.0,29.21835356426928,16.0,5.917641228206437,168.0,62.13523289616759,,,False,False,True
27,2020-10-06,29.020739,10.73339517461136,7,2.588968037340316,33,12.205135033175775,2,0.7397051535258046,94,34.76614221571282,21.91251,8.10439814813435,5,1.8492628838145115,26,9.61616699583546,1,0.3698525767629023,74,27.36909068045477,84.00507431125641,31.069493195177277,36.0,13.314692763464484,102.0,37.72496282981604,18.0,6.657346381732242,218.0,80.6278617343127,,,False,False,True
28,2020-10-07,39.172844,14.488177839666603,10,3.698525767629023,46,17.013218531093507,2,0.7397051535258046,133,49.19039270946601,28.07719,10.384421329945326,6,2.219115460577414,31,11.465429879649973,1,0.3698525767629023,95,35.135994792475714,106.66032246875764,39.44859510343209,43.0,15.9036608008048,125.0,46.23157209536279,20.0,7.397051535258046,280.0,103.55872149361264,,,False,False,True
29,2020-10-08,56.544838,20.91325441142544,13,4.80808349791773,65,24.04041748958865,3,1.109557730288707,218,80.6278617343127,36.14417,13.368013605941089,8,2.9588206141032183,43,15.9036608008048,2,0.7397051535258046,122,45.12201436507409,136.03143073034286,50.31157517636156,50.0,18.49262883814512,162.0,59.916117435590174,22.0,8.136756688783851,387.0,143.1329472072432,,,False,False,True
30,2020-10-09,53.48466,19.781439914368093,10,3.698525767629023,57,21.08159687548543,3,1.109557730288707,174,64.35434835674499,46.75303,17.29172799969092,9,3.328673190866121,52,19.23233399167092,2,0.7397051535258046,161,59.546264858827264,174.28981960058212,64.46153888281668,60.0,22.191154605774138,205.0,75.81977823639497,25.0,9.246314419072558,511.0,188.99466672584308,,,False,False,True
