,Unnamed: 0,Raw Prediction Mean,Raw Prediction Mean 100k,Raw Prediction Q25,Raw Prediction Q25 100k,Raw Prediction Q75,Raw Prediction Q75 100k,Raw Prediction Q5,Raw Prediction Q5 100k,Raw Prediction Q95,Raw Prediction Q95 100k,Trend Prediction Mean,Trend Prediction Mean 100k,Trend Prediction Q25,Trend Prediction Q25 100k,Trend Prediction Q75,Trend Prediction Q75 100k,Trend Prediction Q5,Trend Prediction Q5 100k,Trend Prediction Q95,Trend Prediction Q95 100k,Trend 7Day Prediction Mean,Trend 7Day Prediction Mean 100k,Trend 7Day Prediction Q25,Trend 7Day Prediction Q25 100k,Trend 7Day Prediction Q75,Trend 7Day Prediction Q75 100k,Trend 7Day Prediction Q5,Trend 7Day Prediction Q5 100k,Trend 7Day Prediction Q95,Trend 7Day Prediction Q95 100k,RKI Meldedaten,RKI 7Day Incidence,is_nowcast,is_high,is_prediction
0,2020-03-27,11.826738,5.066568337497301,6,2.570396740736933,16,6.854391308631821,2,0.8567989135789776,30,12.851983703684663,11.753501,5.0351933168713,5,2.141997283947444,16,6.854391308631821,1,0.4283994567894888,29,12.423584246895174,,,,,,,,,,,13.0,,False,False,False
1,2020-03-28,7.6317496,3.2694373658159748,3,1.2851983703684664,11,4.712394024684377,1,0.4283994567894888,19,8.139589679000286,10.469689,4.485209137783386,5,2.141997283947444,14,5.997592395052843,1,0.4283994567894888,28,11.995184790105686,,,,,,,,,,,4.0,,False,False,False
2,2020-03-29,5.1991754,2.2273239665082656,2,0.8567989135789776,7,2.998796197526421,0,0.0,14,5.997592395052843,9.335432,3.999294131062925,4,1.7135978271579553,12,5.140793481473866,1,0.4283994567894888,22,9.424788049368754,,,,,,,,,,,4.0,,False,False,False
3,2020-03-30,6.0988283,2.612734715512488,3,1.2851983703684664,8,3.4271956543159106,1,0.4283994567894888,16,6.854391308631821,8.332361,3.5695789847522974,4,1.7135978271579553,11,4.712394024684377,1,0.4283994567894888,21,8.996388592579265,,,,,,,,,,,5.0,,False,False,False
4,2020-03-31,8.442782,3.6168832593830302,4,1.7135978271579553,11,4.712394024684377,1,0.4283994567894888,21,8.996388592579265,7.444504,3.1892213883111253,3,1.2851983703684664,10,4.283994567894888,1,0.4283994567894888,17,7.28279076542131,,,,,,,,,,,14.0,,False,False,False
5,2020-04-01,10.457941,4.480176357901655,5,2.141997283947444,14,5.997592395052843,2,0.8567989135789776,25,10.70998641973722,6.6578913,2.852237048500683,3,1.2851983703684664,9,3.855595111105399,0,0.0,16,6.854391308631821,,,,,,,,,,,7.0,,False,False,False
6,2020-04-02,9.341269,4.001794513897039,5,2.141997283947444,12,5.140793481473866,1,0.4283994567894888,22,9.424788049368754,5.960345,2.5534085580147803,3,1.2851983703684664,9,3.855595111105399,1,0.4283994567894888,15,6.425991851842332,59.95371596336365,25.68413935121629,44.0,18.849576098737508,73.0,31.27316034563268,29.0,12.423584246895174,103.0,44.12514404931734,5.0,52.0,False,False,False
7,2020-04-03,7.069037,3.028371611435432,3,1.2851983703684664,10,4.283994567894888,1,0.4283994567894888,18,7.711190222210797,5.3412166,2.2881742552272044,2,0.8567989135789776,7,2.998796197526421,0,0.0,14,5.997592395052843,53.54143733406067,22.937122669640043,39.0,16.707578814790065,66.0,28.27436414810626,26.0,11.138385876526709,91.0,38.98435056784348,10.0,49.0,False,False,False
8,2020-04-04,4.441802,1.9028655515285209,2,0.8567989135789776,6,2.570396740736933,0,0.0,11,4.712394024684377,4.791177,2.0525374566204846,2,0.8567989135789776,7,2.998796197526421,0,0.0,12,5.140793481473866,47.862925457000735,20.50445126613491,35.0,14.993980987632106,57.0,24.41876903700086,23.0,9.853187506158244,79.0,33.843557086369614,5.0,50.0,False,False,False
9,2020-04-05,3.1982305,1.370120207866421,1,0.4283994567894888,5,2.141997283947444,0,0.0,9,3.855595111105399,4.3020926,1.843014069891069,2,0.8567989135789776,6,2.570396740736933,0,0.0,10,4.283994567894888,42.82958480644226,18.348170865599208,32.0,13.708782617263642,51.0,21.84837229626393,20.0,8.567989135789777,70.0,29.987961975264213,1.0,47.0,False,False,False
10,2020-04-06,3.1898592,1.36653388835839,1,0.4283994567894888,5,2.141997283947444,0,0.0,9,3.855595111105399,3.8667924,1.656531821936369,1,0.4283994567894888,5,2.141997283947444,0,0.0,10,4.283994567894888,38.36401470184326,16.435123058533613,29.0,12.423584246895174,46.0,19.706375012316485,19.0,8.139589679000286,63.0,26.9891657777378,3.0,45.0,False,False,False
11,2020-04-07,4.034063,1.728190363792237,2,0.8567989135789776,6,2.570396740736933,0,0.0,11,4.712394024684377,3.4790235,1.490411796112312,1,0.4283994567894888,5,2.141997283947444,0,0.0,9,3.855595111105399,34.398536920547485,14.736314531115717,25.0,10.70998641973722,41.0,17.564377728369042,17.0,7.28279076542131,58.0,24.84716849379035,7.0,38.0,False,False,False
12,2020-04-08,4.812941,2.0618614144041203,2,0.8567989135789776,7,2.998796197526421,0,0.0,12,5.140793481473866,3.13328,1.3422954907582607,1,0.4283994567894888,4,1.7135978271579553,0,0.0,8,3.4271956543159106,30.873925230026245,13.226372797502536,23.0,9.853187506158244,37.0,15.850779901211084,15.0,6.425991851842332,50.0,21.41997283947444,12.0,43.0,False,True,False
13,2020-04-09,4.1946445,1.796983451640699,2,0.8567989135789776,6,2.570396740736933,0,0.0,11,4.712394024684377,2.8247273,1.2101116226403974,1,0.4283994567894888,4,1.7135978271579553,0,0.0,7,2.998796197526421,27.7383065738678,11.883075468505272,20.0,8.567989135789777,33.0,14.13718207405313,14.0,5.997592395052843,46.0,19.706375012316485,2.0,40.0,False,False,False
14,2020-04-10,3.2318068,1.3845042303728403,1,0.4283994567894888,5,2.141997283947444,0,0.0,9,3.855595111105399,2.5491135,1.0920388376689516,1,0.4283994567894888,4,1.7135978271579553,0,0.0,7,2.998796197526421,24.946208158493043,10.686942024055933,18.0,7.711190222210797,29.0,12.423584246895174,12.0,5.140793481473866,41.0,17.564377728369042,4.0,34.0,False,False,False
15,2020-04-11,2.0029671,0.8580700523452833,1,0.4283994567894888,3,1.2851983703684664,0,0.0,6,2.570396740736933,2.3027112,0.9864802450465504,1,0.4283994567894888,3,1.2851983703684664,0,0.0,7,2.998796197526421,22.457737196922302,9.620882415882612,16.0,6.854391308631821,27.0,11.566785333316195,11.0,4.712394024684377,37.0,15.850779901211084,0.0,29.0,False,False,False
16,2020-04-12,1.4829596,0.6352991022140486,0,0.0,2,0.8567989135789776,0,0.0,5,2.141997283947444,2.0822172,0.8920207619667053,0,0.0,3,1.2851983703684664,0,0.0,6,2.570396740736933,20.23786477851868,8.66989027769653,14.0,5.997592395052843,25.0,10.70998641973722,9.0,3.855595111105399,33.0,14.13718207405313,0.0,28.0,False,False,False
17,2020-04-13,1.4568487,0.6241132268769434,0,0.0,2,0.8567989135789776,0,0.0,5,2.141997283947444,1.884738,0.8074207471508998,1,0.4283994567894888,3,1.2851983703684664,0,0.0,6,2.570396740736933,18.2558087015152,7.820778530981932,13.0,5.569192938263354,22.0,9.424788049368754,8.0,3.4271956543159106,32.0,13.708782617263642,1.0,26.0,False,False,False
18,2020-04-14,1.7670665,0.757010320739937,0,0.0,3,1.2851983703684664,0,0.0,5,2.141997283947444,1.7077096,0.7315818493225379,0,0.0,2,0.8567989135789776,0,0.0,5,2.141997283947444,16.484495434761048,7.0619488897004405,11.0,4.712394024684377,20.0,8.567989135789777,6.0,2.570396740736933,30.0,12.851983703684663,1.0,20.0,False,False,False
19,2020-04-15,2.2012446,0.9430119462194853,1,0.4283994567894888,3,1.2851983703684664,0,0.0,7,2.998796197526421,1.5488766,0.6635379122599261,0,0.0,2,0.8567989135789776,0,0.0,5,2.141997283947444,14.900093386173248,6.3831919127492736,10.0,4.283994567894888,18.0,7.711190222210797,6.0,2.570396740736933,29.0,12.423584246895174,3.0,11.0,False,False,False
20,2020-04-16,1.9794289,0.8479863026877865,0,0.0,3,1.2851983703684664,0,0.0,7,2.998796197526421,1.406239,0.6024320555297891,0,0.0,2,0.8567989135789776,0,0.0,5,2.141997283947444,13.481607714176178,5.7755134214020565,9.0,3.855595111105399,17.0,7.28279076542131,5.0,2.141997283947444,26.0,11.138385876526709,2.0,11.0,False,False,False
21,2020-04-17,1.454906,0.623280948275351,0,0.0,2,0.8567989135789776,0,0.0,5,2.141997283947444,1.2780349,0.5475094894791255,0,0.0,2,0.8567989135789776,0,0.0,4,1.7135978271579553,12.210528100967409,5.230983605567225,8.0,3.4271956543159106,16.0,6.854391308631821,4.0,1.7135978271579553,25.0,10.70998641973722,2.0,9.0,True,False,False
22,2020-04-18,0.91056246,0.3900844603776932,0,0.0,1,0.4283994567894888,0,0.0,3,1.2851983703684664,1.1627018,0.4981008260074304,0,0.0,2,0.8567989135789776,0,0.0,4,1.7135978271579553,11.070519867181778,4.742604697477917,7.0,2.998796197526421,14.0,5.997592395052843,4.0,1.7135978271579553,23.0,9.853187506158244,2.0,11.0,True,False,False
23,2020-04-19,0.72400945,0.3101652509940322,0,0.0,1,0.4283994567894888,0,0.0,3,1.2851983703684664,1.0588567,0.4536136657407041,0,0.0,2,0.8567989135789776,0,0.0,3,1.2851983703684664,10.04715809583664,4.304197070534531,6.0,2.570396740736933,13.0,5.569192938263354,3.0,1.2851983703684664,21.0,8.996388592579265,0.0,11.0,True,False,False
24,2020-04-20,0.7238267,0.3100869662375771,0,0.0,1,0.4283994567894888,0,0.0,3,1.2851983703684664,0.96527237,0.4135221388423815,0,0.0,1,0.4283994567894888,0,0.0,3,1.2851983703684664,9.127692479133604,3.9102984998023382,5.0,2.141997283947444,12.0,5.140793481473866,2.0,0.8567989135789776,19.0,8.139589679000286,1.0,11.0,True,False,False
25,2020-04-21,0.8950833,0.3834531980828615,0,0.0,1,0.4283994567894888,0,0.0,3,1.2851983703684664,0.8808631,0.3773612661461811,0,0.0,1,0.4283994567894888,0,0.0,4,1.7135978271579553,8.300844702124596,3.5560773612840832,4.0,1.7135978271579553,11.0,4.712394024684377,2.0,0.8567989135789776,18.0,7.711190222210797,3.0,13.0,True,False,False
26,2020-04-22,1.1208253,0.4801609520654892,0,0.0,2,0.8567989135789776,0,0.0,4,1.7135978271579553,0.80466163,0.3447166136538726,0,0.0,1,0.4283994567894888,0,0.0,3,1.2851983703684664,7.556630487680435,3.237256396081188,4.0,1.7135978271579553,10.0,4.283994567894888,2.0,0.8567989135789776,17.0,7.28279076542131,,,False,False,True
27,2020-04-23,1.0358863,0.4437731149664614,0,0.0,1,0.4283994567894888,0,0.0,4,1.7135978271579553,0.73581254,0.3152217004753765,0,0.0,1,0.4283994567894888,0,0.0,3,1.2851983703684664,6.886203181266785,2.95004570219674,4.0,1.7135978271579553,9.0,3.855595111105399,1.0,0.4283994567894888,16.0,6.854391308631821,,,False,False,True
28,2020-04-24,0.766685,0.3284474360043532,0,0.0,1,0.4283994567894888,0,0.0,3,1.2851983703684664,0.67355084,0.2885488129322766,0,0.0,1,0.4283994567894888,0,0.0,2,0.8567989135789776,6.281718426108361,2.6910847614493445,3.0,1.2851983703684664,8.0,3.4271956543159106,1.0,0.4283994567894888,15.0,6.425991851842332,,,False,False,True
29,2020-04-25,0.46581492,0.1995548473132657,0,0.0,1,0.4283994567894888,0,0.0,2,0.8567989135789776,0.61719924,0.2644078222147072,0,0.0,1,0.4283994567894888,0,0.0,3,1.2851983703684664,5.736215161085129,2.457391459036499,3.0,1.2851983703684664,8.0,3.4271956543159106,1.0,0.4283994567894888,15.0,6.425991851842332,,,False,False,True
30,2020-04-26,0.35484102,0.1520137061561399,0,0.0,1,0.4283994567894888,0,0.0,2,0.8567989135789776,0.5661524,0.2425393859084579,0,0.0,1,0.4283994567894888,0,0.0,2,0.8567989135789776,5.243510649621487,2.2463171139677445,2.0,0.8567989135789776,7.0,2.998796197526421,0.0,0.0,15.0,6.425991851842332,,,False,False,True
