,Unnamed: 0,Raw Prediction Mean,Raw Prediction Mean 100k,Raw Prediction Q25,Raw Prediction Q25 100k,Raw Prediction Q75,Raw Prediction Q75 100k,Raw Prediction Q5,Raw Prediction Q5 100k,Raw Prediction Q95,Raw Prediction Q95 100k,Trend Prediction Mean,Trend Prediction Mean 100k,Trend Prediction Q25,Trend Prediction Q25 100k,Trend Prediction Q75,Trend Prediction Q75 100k,Trend Prediction Q5,Trend Prediction Q5 100k,Trend Prediction Q95,Trend Prediction Q95 100k,Trend 7Day Prediction Mean,Trend 7Day Prediction Mean 100k,Trend 7Day Prediction Q25,Trend 7Day Prediction Q25 100k,Trend 7Day Prediction Q75,Trend 7Day Prediction Q75 100k,Trend 7Day Prediction Q5,Trend 7Day Prediction Q5 100k,Trend 7Day Prediction Q95,Trend 7Day Prediction Q95 100k,RKI Meldedaten,RKI 7Day Incidence,is_nowcast,is_high,is_prediction
0,2020-03-27,12.914132,9.656509064370766,6,4.486484465547538,17,12.711705985718025,2,1.4954948218491797,33,24.67566456051146,11.801914,8.82485110196285,6,4.486484465547538,15,11.216211163868843,2,1.4954948218491797,28,20.936927505888512,,,,,,,,,,,11.0,,False,False,False
1,2020-03-28,8.24048,6.1617982282768935,4,2.990989643698359,11,8.225221520170487,1,0.7477474109245897,20,14.954948218491792,11.096627,8.297474414575845,5,3.738737054622949,15,11.216211163868843,2,1.4954948218491797,28,20.936927505888512,,,,,,,,,,,3.0,,False,False,False
2,2020-03-29,6.195846,4.632927812053822,3,2.243242232773769,9,6.729726698321308,0,0.0,15,11.216211163868843,10.440782,7.807067595422268,5,3.738737054622949,14,10.468463752944256,1,0.7477474109245897,25,18.693685273114745,,,,,,,,,,,15.0,,False,False,False
3,2020-03-30,7.067441,5.284660801407881,3,2.243242232773769,10,7.477474109245897,1,0.7477474109245897,18,13.459453396642616,9.830552,7.350769737968221,5,3.738737054622949,14,10.468463752944256,1,0.7477474109245897,24,17.945937862190153,,,,,,,,,,,4.0,,False,False,False
4,2020-03-31,10.2617655,7.67320889281109,5,3.738737054622949,14,10.468463752944256,1,0.7477474109245897,24,17.945937862190153,9.262467,6.925986235728487,4,2.990989643698359,12,8.972968931095076,1,0.7477474109245897,20,14.954948218491792,,,,,,,,,,,8.0,,False,False,False
5,2020-04-01,13.392122,10.013924475060776,7,5.234231876472128,18,13.459453396642616,2,1.4954948218491797,31,23.18016973866228,8.733294,6.53029783279635,4,2.990989643698359,12,8.972968931095076,1,0.7477474109245897,21,15.702695629416384,,,,,,,,,,,12.0,,False,False,False
6,2020-04-02,12.571563,9.400353155797347,7,5.234231876472128,17,12.711705985718025,2,1.4954948218491797,30,22.43242232773769,8.240076,6.161495548440144,4,2.990989643698359,11,8.225221520170487,1,0.7477474109245897,19,14.207200807567204,69.40571892929077,51.89794663273696,51.0,38.13511795715407,83.0,62.06303510674095,35.0,26.171159382360635,113.0,84.49545743447864,10.0,63.0,False,False,False
7,2020-04-03,9.935459,7.429214019794017,5,3.738737054622949,14,10.468463752944256,2,1.4954948218491797,24,17.945937862190153,7.7801204,5.817565033794381,4,2.990989643698359,11,8.225221520170487,1,0.7477474109245897,19,14.207200807567204,65.3839206199646,48.89065735967743,50.0,37.38737054622949,78.0,58.324298052118,35.0,26.171159382360635,108.0,80.75672037985568,12.0,64.0,False,False,False
8,2020-04-04,6.4614964,4.831567275687121,3,2.243242232773769,9,6.729726698321308,1,0.7477474109245897,16,11.963958574793436,7.350954,5.4966567404335365,3,2.243242232773769,10,7.477474109245897,1,0.7477474109245897,18,13.459453396642616,61.63824202156067,46.08983588556524,48.0,35.891875724380306,73.0,54.58556099749504,32.0,23.92791714958687,96.0,71.78375144876061,10.0,71.0,False,False,False
9,2020-04-05,5.243734,3.9209884562296793,2,1.4954948218491797,7,5.234231876472128,0,0.0,13,9.720716342019664,6.9502726,5.1970484491903335,3,2.243242232773769,10,7.477474109245897,1,0.7477474109245897,17,12.711705985718025,58.1477315120697,43.4798156892883,45.0,33.64863349160654,69.0,51.59457135379669,30.0,22.43242232773769,91.0,68.04501439413765,2.0,58.0,False,False,False
10,2020-04-06,5.305707,3.967328666476533,2,1.4954948218491797,7,5.234231876472128,0,0.0,13,9.720716342019664,6.5759845,4.917175465379842,3,2.243242232773769,9,6.729726698321308,1,0.7477474109245897,16,11.963958574793436,54.89315755462646,41.04621643894752,42.0,31.40539125883277,65.0,48.60358171009833,30.0,22.43242232773769,85.0,63.55852992859012,4.0,58.0,False,False,False
11,2020-04-07,6.9391937,5.188764043850824,3,2.243242232773769,10,7.477474109245897,1,0.7477474109245897,17,12.711705985718025,6.226167,4.655600423575379,3,2.243242232773769,8,5.981979287396718,1,0.7477474109245897,15,11.216211163868843,51.856857139587405,38.7758306648128,39.0,29.162149026059,62.0,46.36033947732456,28.0,20.936927505888512,81.0,60.56754028489176,7.0,57.0,False,False,False
12,2020-04-08,8.965509,6.703936378471553,4,2.990989643698359,12,8.972968931095076,1,0.7477474109245897,23,17.19819045126556,5.899031,4.410985275171697,2,1.4954948218491797,8,5.981979287396718,1,0.7477474109245897,14,10.468463752944256,49.022600660324095,36.65652272054742,38.0,28.414401615134405,58.0,43.3693498336262,26.0,19.44143268403933,77.0,57.57655064119341,3.0,48.0,False,False,False
13,2020-04-09,8.347852,6.2420847825706005,4,2.990989643698359,12,8.972968931095076,1,0.7477474109245897,21,15.702695629416384,5.592935,4.182102566119283,3,2.243242232773769,8,5.981979287396718,1,0.7477474109245897,14,10.468463752944256,46.3754664478302,34.67713496678521,36.0,26.91890679328523,55.0,41.12610760085243,25.0,18.693685273114745,74.0,55.33330840841963,17.0,55.0,False,True,False
14,2020-04-10,6.363157,4.758033901453018,3,2.243242232773769,9,6.729726698321308,1,0.7477474109245897,15,11.216211163868843,5.3063817,3.967833254137077,2,1.4954948218491797,7,5.234231876472128,1,0.7477474109245897,13,9.720716342019664,43.90172828102112,32.82740365724838,33.0,24.67566456051146,53.0,39.63061277900325,24.0,17.945937862190153,70.0,52.34231876472127,3.0,46.0,False,False,False
15,2020-04-11,4.2522287,3.1795931136002764,2,1.4954948218491797,6,4.486484465547538,0,0.0,11,8.225221520170487,5.0379777,3.767134694498964,2,1.4954948218491797,7,5.234231876472128,0,0.0,12,8.972968931095076,41.58875374794006,31.097882938602503,32.0,23.92791714958687,50.0,37.38737054622949,23.0,17.19819045126556,66.0,49.35132912102292,1.0,37.0,False,False,False
16,2020-04-12,3.4251034,2.5611121600377373,1,0.7477474109245897,5,3.738737054622949,0,0.0,9,6.729726698321308,4.7864285,3.5790395486401394,2,1.4954948218491797,7,5.234231876472128,0,0.0,12,8.972968931095076,39.42490950584411,29.47987400893118,30.0,22.43242232773769,47.0,35.14412831345572,21.0,15.702695629416384,63.0,47.10808688824915,4.0,39.0,False,False,False
17,2020-04-13,3.6040895,2.694948670978192,1,0.7477474109245897,5,3.738737054622949,0,0.0,10,7.477474109245897,4.550561,3.402670336072333,2,1.4954948218491797,7,5.234231876472128,0,0.0,13,9.720716342019664,37.39947932243347,27.965363833277355,28.0,20.936927505888512,45.0,33.64863349160654,19.0,14.207200807567204,62.0,46.36033947732456,9.0,44.0,False,False,False
18,2020-04-14,4.4142056,3.300710886833258,2,1.4954948218491797,6,4.486484465547538,0,0.0,11,8.225221520170487,4.3292727,3.237202326999977,2,1.4954948218491797,6,4.486484465547538,0,0.0,12,8.972968931095076,35.502583915710446,26.54696520410547,26.0,19.44143268403933,43.0,32.153138669757354,18.0,13.459453396642616,60.0,44.86484465547538,2.0,39.0,False,False,False
19,2020-04-15,5.790299,4.329681178205647,3,2.243242232773769,8,5.981979287396718,1,0.7477474109245897,14,10.468463752944256,4.1215577,3.081884278799407,2,1.4954948218491797,6,4.486484465547538,0,0.0,11,8.225221520170487,33.725111848831176,25.217865068105716,25.0,18.693685273114745,42.0,31.40539125883277,17.0,12.711705985718025,60.0,44.86484465547538,7.0,43.0,False,False,False
20,2020-04-16,5.5282674,4.133747643209063,2,1.4954948218491797,7,5.234231876472128,0,0.0,14,10.468463752944256,3.926482,2.93601679004496,2,1.4954948218491797,6,4.486484465547538,0,0.0,10,7.477474109245897,32.05865618228913,23.971777158028285,24.0,17.945937862190153,40.0,29.909896436983587,15.0,11.216211163868843,56.0,41.87385501177703,3.0,29.0,False,False,False
21,2020-04-17,4.2648587,3.189036942785606,2,1.4954948218491797,6,4.486484465547538,0,0.0,11,8.225221520170487,3.743181,2.7989539375994354,1,0.7477474109245897,6,4.486484465547538,0,0.0,11,8.225221520170487,30.495455891609197,22.8028981879158,23.0,17.19819045126556,38.0,28.414401615134405,15.0,11.216211163868843,55.0,41.12610760085243,3.0,29.0,True,False,False
22,2020-04-18,2.71597,2.030859650403727,1,0.7477474109245897,4,2.990989643698359,0,0.0,7,5.234231876472128,3.5708616,2.6701025490183383,1,0.7477474109245897,5,3.738737054622949,0,0.0,10,7.477474109245897,29.028341708183287,21.705867355728333,21.0,15.702695629416384,36.0,26.91890679328523,12.0,8.972968931095076,53.0,39.63061277900325,3.0,31.0,True,False,False
23,2020-04-19,2.23397,1.6704452718840912,1,0.7477474109245897,3,2.243242232773769,0,0.0,6,4.486484465547538,3.408772,2.548900374677032,1,0.7477474109245897,5,3.738737054622949,0,0.0,9,6.729726698321308,27.650688908576964,20.67573104166969,20.0,14.954948218491792,35.0,26.171159382360635,11.0,8.225221520170487,51.0,38.13511795715407,0.0,27.0,True,False,False
24,2020-04-20,2.4177887,1.80789520527469,1,0.7477474109245897,4,2.990989643698359,0,0.0,7,5.234231876472128,3.2562406,2.434845555399079,1,0.7477474109245897,4,2.990989643698359,0,0.0,10,7.477474109245897,26.356371835708615,19.707908801516894,18.0,13.459453396642616,33.0,24.67566456051146,11.0,8.225221520170487,49.0,36.639623135304895,0.0,18.0,True,False,False
25,2020-04-21,3.228502,2.414103983028326,1,0.7477474109245897,4,2.990989643698359,0,0.0,9,6.729726698321308,3.112622,2.327455149497837,1,0.7477474109245897,4,2.990989643698359,0,0.0,9,6.729726698321308,25.139724058151245,18.79816357584121,17.0,12.711705985718025,32.0,23.92791714958687,9.0,6.729726698321308,49.0,36.639623135304895,2.0,18.0,True,False,False
26,2020-04-22,4.3260508,3.234793257433921,2,1.4954948218491797,6,4.486484465547538,0,0.0,13,9.720716342019664,2.9773357,2.22629496420268,1,0.7477474109245897,5,3.738737054622949,0,0.0,9,6.729726698321308,23.995501613140107,17.94257420506233,16.0,11.963958574793436,31.0,23.18016973866228,9.0,6.729726698321308,47.0,35.14412831345572,,,False,False,True
27,2020-04-23,4.1814156,3.126642695860937,1,0.7477474109245897,6,4.486484465547538,0,0.0,12,8.972968931095076,2.8498273,2.1309509975253604,1,0.7477474109245897,4,2.990989643698359,0,0.0,9,6.729726698321308,22.91884840106964,17.137509553273,15.0,11.216211163868843,29.0,21.6846749168131,9.0,6.729726698321308,46.0,34.39638090253112,,,False,False,True
28,2020-04-24,3.2415257,2.42384248849703,1,0.7477474109245897,4,2.990989643698359,0,0.0,10,7.477474109245897,2.7296011,2.041052175627556,1,0.7477474109245897,4,2.990989643698359,0,0.0,9,6.729726698321308,21.905265448093413,16.37960552442772,14.0,10.468463752944256,28.0,20.936927505888512,7.0,5.234231876472128,48.0,35.891875724380306,,,False,False,True
29,2020-04-25,2.061174,1.5412375432788394,0,0.0,3,2.243242232773769,0,0.0,7,5.234231876472128,2.6161788,1.9562408851925284,1,0.7477474109245897,4,2.990989643698359,0,0.0,8,5.981979287396718,20.950583546638487,15.665744604358238,13.0,9.720716342019664,27.0,20.18918009496392,7.0,5.234231876472128,46.0,34.39638090253112,,,False,False,True
30,2020-04-26,1.640781,1.226889798999764,0,0.0,2,1.4954948218491797,0,0.0,5,3.738737054622949,2.509126,1.8761924366117453,1,0.7477474109245897,4,2.990989643698359,0,0.0,8,5.981979287396718,20.05093585920334,14.99303537533431,12.0,8.972968931095076,26.0,19.44143268403933,6.0,4.486484465547538,45.0,33.64863349160654,,,False,False,True
