,Unnamed: 0,Raw Prediction Mean,Raw Prediction Mean 100k,Raw Prediction Q25,Raw Prediction Q25 100k,Raw Prediction Q75,Raw Prediction Q75 100k,Raw Prediction Q5,Raw Prediction Q5 100k,Raw Prediction Q95,Raw Prediction Q95 100k,Trend Prediction Mean,Trend Prediction Mean 100k,Trend Prediction Q25,Trend Prediction Q25 100k,Trend Prediction Q75,Trend Prediction Q75 100k,Trend Prediction Q5,Trend Prediction Q5 100k,Trend Prediction Q95,Trend Prediction Q95 100k,Trend 7Day Prediction Mean,Trend 7Day Prediction Mean 100k,Trend 7Day Prediction Q25,Trend 7Day Prediction Q25 100k,Trend 7Day Prediction Q75,Trend 7Day Prediction Q75 100k,Trend 7Day Prediction Q5,Trend 7Day Prediction Q5 100k,Trend 7Day Prediction Q95,Trend 7Day Prediction Q95 100k,RKI Meldedaten,RKI 7Day Incidence,is_nowcast,is_high,is_prediction
0,2020-08-12,5.973581,4.380582322482951,2,1.4666520001466652,8,5.866608000586661,0,0.0,18,13.199868001319986,8.602391,6.308357114903629,3,2.199978000219998,13,9.533238000953324,1,0.7333260000733326,25,18.333150001833317,,,,,,,,,,,7.0,,False,False,False
1,2020-08-13,6.6239953,4.857547901337966,3,2.199978000219998,9,6.599934000659993,0,0.0,18,13.199868001319986,7.428624,5.447603325592354,3,2.199978000219998,10,7.333260000733325,0,0.0,22,16.133172001613318,,,,,,,,,,,12.0,,False,False,False
2,2020-08-14,5.0665503,3.715433194884099,2,1.4666520001466652,7,5.133282000513328,0,0.0,14,10.266564001026657,6.425819,4.712220106739551,2,1.4666520001466652,8,5.866608000586661,0,0.0,17,12.466542001246657,,,,,,,,,,,4.0,,False,False,False
3,2020-08-15,4.05628,2.9745757274213247,1,0.7333260000733326,6,4.399956000439996,0,0.0,12,8.799912000879992,5.5677037,4.082941813976504,2,1.4666520001466652,8,5.866608000586661,0,0.0,14,10.266564001026657,,,,,,,,,,,2.0,,False,False,False
4,2020-08-16,4.419157,3.240682781324722,2,1.4666520001466652,6,4.399956000439996,0,0.0,13,9.533238000953324,4.832208,3.543583807186224,2,1.4666520001466652,7,5.133282000513328,0,0.0,12,8.799912000879992,,,,,,,,,,,0.0,,False,False,False
5,2020-08-17,4.57346,3.3538373827468604,2,1.4666520001466652,7,5.133282000513328,0,0.0,12,8.799912000879992,4.2008114,3.0805640562903136,1,0.7333260000733326,6,4.399956000439996,0,0.0,12,8.799912000879992,,,,,,,,,,,4.0,,False,False,False
6,2020-08-18,5.8051686,4.257080945535563,2,1.4666520001466652,8,5.866608000586661,0,0.0,15,10.999890001099988,3.6579258,2.682452213775832,1,0.7333260000733326,5,3.666630000366663,0,0.0,10,7.333260000733325,40.7154767036438,29.857717672162064,28.0,20.533128002053317,51.0,37.39962600373996,17.0,12.466542001246657,78.0,57.199428005719945,2.0,31.0,False,False,False
7,2020-08-19,4.607685,3.3789354347391054,2,1.4666520001466652,7,5.133282000513328,0,0.0,13,9.533238000953324,3.1903992,2.3396027245325968,1,0.7333260000733326,4,2.9333040002933304,0,0.0,9,6.599934000659993,35.30347882843017,25.88895891792628,24.0,17.599824001759984,44.0,32.266344003226635,15.0,10.999890001099988,64.0,46.932864004693286,8.0,32.0,False,False,False
8,2020-08-20,4.312925,3.1627798307454214,1,0.7333260000733326,6,4.399956000439996,0,0.0,12,8.799912000879992,2.7871442,2.0438852516235784,1,0.7333260000733326,4,2.9333040002933304,0,0.0,8,5.866608000586661,30.662000755310057,22.48524236813703,21.0,15.399846001539984,38.0,27.86638800278664,12.0,8.799912000879992,53.0,38.86627800388663,2.0,22.0,False,False,False
9,2020-08-21,2.964673,2.174071778426878,1,0.7333260000733326,4,2.9333040002933304,0,0.0,8,5.866608000586661,2.438785,1.7884245608001947,1,0.7333260000733326,3,2.199978000219998,0,0.0,7,5.133282000513328,26.67496630001068,19.56144633887778,19.0,13.93319400139332,33.0,24.199758002419976,12.0,8.799912000879992,46.0,33.7329960033733,6.0,24.0,False,False,False
10,2020-08-22,1.7826504,1.3072638466837816,0,0.0,2,1.4666520001466652,0,0.0,6,4.399956000439996,2.1373773,1.567394247103948,1,0.7333260000733326,3,2.199978000219998,0,0.0,6,4.399956000439996,23.24464706707001,17.04590405681077,16.0,11.733216001173322,28.0,20.533128002053317,11.0,8.066586000806659,42.0,30.79969200307997,0.0,22.0,False,False,False
11,2020-08-23,1.4455701,1.0600741916277912,0,0.0,2,1.4666520001466652,0,0.0,5,3.666630000366663,1.8761954,1.3758628483628854,0,0.0,3,2.199978000219998,0,0.0,6,4.399956000439996,20.288637852668764,14.878185643433993,14.0,10.266564001026657,25.0,18.333150001833317,9.0,6.599934000659993,36.0,26.399736002639973,0.0,22.0,False,False,False
12,2020-08-24,1.5576494,1.1422647730796598,0,0.0,2,1.4666520001466652,0,0.0,5,3.666630000366663,1.6495236,1.2096385944460053,0,0.0,3,2.199978000219998,0,0.0,6,4.399956000439996,17.737349886894226,13.00725984445732,12.0,8.799912000879992,22.0,16.133172001613318,7.0,5.133282000513328,32.0,23.466432002346643,3.0,21.0,False,False,False
13,2020-08-25,2.1046448,1.543390681035817,0,0.0,3,2.199978000219998,0,0.0,7,5.133282000513328,1.4525034,1.0651585398591124,0,0.0,2,1.4666520001466652,0,0.0,5,3.666630000366663,15.531930171966552,11.38996822642654,11.0,8.066586000806659,19.0,13.93319400139332,6.0,4.399956000439996,29.0,21.266454002126643,0.0,19.0,False,False,False
14,2020-08-26,1.6205362,1.1883813385793474,0,0.0,2,1.4666520001466652,0,0.0,5,3.666630000366663,1.2810005,0.9393909749633168,0,0.0,2,1.4666520001466652,0,0.0,4,2.9333040002933304,13.622530039787293,9.989755464956032,9.0,6.599934000659993,17.0,12.466542001246657,5.0,3.666630000366663,25.0,18.333150001833317,4.0,15.0,False,False,False
15,2020-08-27,1.5428998,1.1314486073388252,0,0.0,2,1.4666520001466652,0,0.0,5,3.666630000366663,1.1314819,0.829745113151148,0,0.0,2,1.4666520001466652,0,0.0,4,2.9333040002933304,11.966866734027862,8.775614515475278,8.0,5.866608000586661,15.0,10.999890001099988,4.0,2.9333040002933304,22.0,16.133172001613318,2.0,15.0,False,False,False
16,2020-08-28,0.98381734,0.7214588549686596,0,0.0,2,1.4666520001466652,0,0.0,4,2.9333040002933304,1.0009388,0.7340144293266349,0,0.0,1,0.7333260000733326,0,0.0,3,2.199978000219998,10.529021468162536,7.721205197933881,7.0,5.133282000513328,13.0,9.533238000953324,3.0,2.199978000219998,20.0,14.666520001466653,2.0,11.0,False,False,False
17,2020-08-29,0.5943151,0.4358267233328661,0,0.0,1,0.7333260000733326,0,0.0,2,1.4666520001466652,0.88679266,0.6503081294795265,0,0.0,1,0.7333260000733326,0,0.0,4,2.9333040002933304,9.27843793797493,6.804119779983815,6.0,4.399956000439996,12.0,8.799912000879992,3.0,2.199978000219998,18.0,13.199868001319986,0.0,11.0,False,False,False
18,2020-08-30,0.47965825,0.3517458708302001,0,0.0,1,0.7333260000733326,0,0.0,2,1.4666520001466652,0.7868413,0.5770111783931497,0,0.0,1,0.7333260000733326,0,0.0,3,2.199978000219998,8.189083755731582,6.005268034856145,5.0,3.666630000366663,11.0,8.066586000806659,2.0,1.4666520001466652,16.0,11.733216001173322,0.0,11.0,False,False,False
19,2020-08-31,0.5521408,0.4048991741001373,0,0.0,1,0.7333260000733326,0,0.0,2,1.4666520001466652,0.6991885,0.5127330950926989,0,0.0,1,0.7333260000733326,0,0.0,3,2.199978000219998,7.238748714327812,5.308362640213994,4.0,2.9333040002933304,9.0,6.599934000659993,2.0,1.4666520001466652,15.0,10.999890001099988,1.0,9.0,False,False,False
20,2020-09-01,0.75404036,0.5529574082174804,0,0.0,1,0.7333260000733326,0,0.0,3,2.199978000219998,0.6222128,0.4562848516798112,0,0.0,1,0.7333260000733326,0,0.0,3,2.199978000219998,6.408456515192985,4.69948778293036,4.0,2.9333040002933304,8.0,5.866608000586661,1.0,0.7333260000733326,14.0,10.266564001026657,0.0,9.0,False,False,False
21,2020-09-02,0.657638,0.482263067169697,0,0.0,1,0.7333260000733326,0,0.0,3,2.199978000219998,0.55451477,0.4066400833835359,0,0.0,1,0.7333260000733326,0,0.0,2,1.4666520001466652,5.681971469640732,4.166737410362432,3.0,2.199978000219998,8.0,5.866608000586661,1.0,0.7333260000733326,13.0,9.533238000953324,1.0,6.0,True,False,False
22,2020-09-03,0.5957922,0.4369098860479425,0,0.0,1,0.7333260000733326,0,0.0,2,1.4666520001466652,0.49489313,0.3629180127973086,0,0.0,1,0.7333260000733326,0,0.0,2,1.4666520001466652,5.045382416367531,3.6999101062351274,3.0,2.199978000219998,7.0,5.133282000513328,1.0,0.7333260000733326,12.0,8.799912000879992,1.0,5.0,True,False,False
23,2020-09-04,0.36672813,0.2689312623260775,0,0.0,1,0.7333260000733326,0,0.0,2,1.4666520001466652,0.4423103,0.3243576429667882,0,0.0,1,0.7333260000733326,0,0.0,2,1.4666520001466652,4.486753753632307,3.2902531834651905,2.0,1.4666520001466652,6.0,4.399956000439996,0.0,0.0,12.0,8.799912000879992,2.0,5.0,True,False,False
24,2020-09-05,0.24849026,0.1822243689275637,0,0.0,0,0.0,0,0.0,1,0.7333260000733326,0.39587015,0.2903018639699439,0,0.0,1,0.7333260000733326,0,0.0,2,1.4666520001466652,3.995830206334591,2.9302461821835446,2.0,1.4666520001466652,6.0,4.399956000439996,0.0,0.0,10.0,7.333260000733325,3.0,8.0,True,True,False
25,2020-09-06,0.22323285,0.1637024524825392,0,0.0,0,0.0,0,0.0,1,0.7333260000733326,0.35479906,0.2601833784865448,0,0.0,0,0.0,0,0.0,2,1.4666520001466652,3.563788343131542,2.613418650776623,1.0,0.7333260000733326,5.0,3.666630000366663,0.0,0.0,9.0,6.599934000659993,0.0,8.0,True,False,False
26,2020-09-07,0.28198713,0.2067884906864492,0,0.0,0,0.0,0,0.0,2,1.4666520001466652,0.31842667,0.2335105591555475,0,0.0,1,0.7333260000733326,0,0.0,2,1.4666520001466652,3.1830262834876777,2.3341959325983046,1.0,0.7333260000733326,4.0,2.9333040002933304,0.0,0.0,9.0,6.599934000659993,,,False,False,True
27,2020-09-08,0.41586944,0.3049678753086482,0,0.0,1,0.7333260000733326,0,0.0,2,1.4666520001466652,0.28617153,0.2098570121233933,0,0.0,0,0.0,0,0.0,1,0.7333260000733326,2.8469854431599377,2.087768447299481,1.0,0.7333260000733326,4.0,2.9333040002933304,0.0,0.0,8.0,5.866608000586661,,,False,False,True
28,2020-09-09,0.36565754,0.2681461864995071,0,0.0,1,0.7333260000733326,0,0.0,2,1.4666520001466652,0.25752905,0.1888527435767173,0,0.0,0,0.0,0,0.0,1,0.7333260000733326,2.5499998209849,1.8699811689105712,1.0,0.7333260000733326,3.0,2.199978000219998,0.0,0.0,8.0,5.866608000586661,,,False,False,True
29,2020-09-10,0.34463367,0.2527288188503007,0,0.0,0,0.0,0,0.0,2,1.4666520001466652,0.23206118,0.1701764972494857,0,0.0,0,0.0,0,0.0,1,0.7333260000733326,2.2871679612770675,1.6772397325391908,1.0,0.7333260000733326,3.0,2.199978000219998,0.0,0.0,7.0,5.133282000513328,,,False,False,True
30,2020-09-11,0.20106383,0.1474453370065021,0,0.0,0,0.0,0,0.0,1,0.7333260000733326,0.2093862,0.1535483420411765,0,0.0,0,0.0,0,0.0,1,0.7333260000733326,2.0542439402490853,1.5064304918777438,0.0,0.0,3.0,2.199978000219998,0.0,0.0,6.0,4.399956000439996,,,False,False,True
