,Raw Prediction Mean,Raw Prediction Mean 100k,Raw Prediction Q25,Raw Prediction Q25 100k,Raw Prediction Q75,Raw Prediction Q75 100k,Raw Prediction Q5,Raw Prediction Q5 100k,Raw Prediction Q95,Raw Prediction Q95 100k,Trend Prediction Mean,Trend Prediction Mean 100k,Trend Prediction Q25,Trend Prediction Q25 100k,Trend Prediction Q75,Trend Prediction Q75 100k,Trend Prediction Q5,Trend Prediction Q5 100k,Trend Prediction Q95,Trend Prediction Q95 100k,Trend 7Day Prediction Mean,Trend 7Day Prediction Mean 100k,Trend 7Day Prediction Q25,Trend 7Day Prediction Q25 100k,Trend 7Day Prediction Q75,Trend 7Day Prediction Q75 100k,Trend 7Day Prediction Q5,Trend 7Day Prediction Q5 100k,Trend 7Day Prediction Q95,Trend 7Day Prediction Q95 100k,RKI Meldedaten,RKI 7Day Incidence,is_nowcast,is_high,is_prediction
2021-05-20,18.384308,8.120528218569234,9,3.975387931605659,25,11.042744254460166,3,1.3251293105352198,49,21.643778738741922,13.0601015,5.76877428102307,6,2.6502586210704395,17,7.509066093032912,2,0.8834195403568131,31,13.693002875530603,,,,,,,,,,,16.0,,False,False,False
2021-05-21,17.712406,7.8237426350824535,8,3.5336781614272526,22,9.717614943924945,3,1.3251293105352198,40,17.668390807136262,12.348438,5.454425991047174,6,2.6502586210704395,17,7.509066093032912,2,0.8834195403568131,31,13.693002875530603,,,,,,,,,,,12.0,,False,False,False
2021-05-22,9.718809,4.292892845114693,4,1.7668390807136263,13,5.742227012319286,1,0.44170977017840657,23,10.15932471410335,11.684949,5.161356239113957,5,2.208548850892033,16,7.067356322854505,2,0.8834195403568131,28,12.367873564995385,,,,,,,,,,,13.0,,False,False,False
2021-05-23,6.049006,2.671904985618312,3,1.3251293105352198,8,3.5336781614272526,0,0.0,16,7.067356322854505,11.065975,4.88794939883519,5,2.208548850892033,15,6.625646552676099,1,0.44170977017840657,25,11.042744254460166,,,,,,,,,,,5.0,,False,False,False
2021-05-24,6.6310983,2.9290209567989223,3,1.3251293105352198,9,3.975387931605659,1,0.44170977017840657,16,7.067356322854505,10.488191,4.632736454368569,5,2.208548850892033,14,6.1839367824976925,2,0.8834195403568131,27,11.926163794816977,,,,,,,,,,,8.0,,False,False,False
2021-05-25,10.697057,4.724994505522773,5,2.208548850892033,14,6.1839367824976925,1,0.44170977017840657,25,11.042744254460166,9.948522,4.394359348225407,4,1.7668390807136263,14,6.1839367824976925,1,0.44170977017840657,26,11.484454024638572,,,,,,,,,,,6.0,,False,False,False
2021-05-26,14.329518,6.32948795100674,7,3.0919683912488463,19,8.392485633389724,2,0.8834195403568131,36,15.901551726422635,9.444156,4.171575710643083,5,2.208548850892033,13,5.742227012319286,2,0.8834195403568131,22,9.717614943924945,78.0403409461975,34.47118106398939,59.0,26.060876440525984,94.0,41.52071839677022,40.0,17.668390807136262,127.0,56.097140812657635,14.0,74.0,False,False,False
2021-05-27,12.118609,5.3529081924352795,6,2.6502586210704395,17,7.509066093032912,2,0.8834195403568131,28,12.367873564995385,8.972537,3.9632574043935165,4,1.7668390807136263,12,5.300517242140879,1,0.44170977017840657,21,9.275905173746539,73.9527650642395,32.66565886058292,55.0,24.29403735981236,89.0,39.312169545878184,39.0,17.226681036957856,119.0,52.56346265123038,5.0,63.0,False,False,False
2021-05-28,10.898424,4.813940540771,6,2.6502586210704395,15,6.625646552676099,2,0.8834195403568131,26,11.484454024638572,8.531254,3.7683381378883496,4,1.7668390807136263,12,5.300517242140879,1,0.44170977017840657,21,9.275905173746539,70.13557004165649,30.979566524431625,53.0,23.41061781945555,85.0,37.54533046516456,37.0,16.343261496601045,114.0,50.35491380033835,22.0,73.0,False,True,False
2021-05-29,5.7450123,2.5376280973432586,2,0.8834195403568131,8,3.5336781614272526,0,0.0,14,6.1839367824976925,8.11813,3.5858571209246293,4,1.7668390807136263,11,4.858807471962472,1,0.44170977017840657,20,8.834195403568131,66.56876000595092,29.404071683290084,50.0,22.08548850892033,81.0,35.77849138445093,36.0,15.901551726422635,107.0,47.262945409089504,3.0,63.0,False,False,False
2021-05-30,4.091864,1.8074162653647363,2,0.8834195403568131,6,2.6502586210704395,0,0.0,11,4.858807471962472,7.731194,3.4149437851738185,4,1.7668390807136263,11,4.858807471962472,1,0.44170977017840657,18,7.950775863211318,63.23397309494018,27.931063723233574,49.0,21.643778738741922,76.0,33.569942533558894,35.0,15.459841956244231,102.0,45.05439655819747,6.0,64.0,False,False,False
2021-05-31,4.8161836,2.1273554011713713,2,0.8834195403568131,7,3.0919683912488463,0,0.0,12,5.300517242140879,7.368546,3.254758848925121,3,1.3251293105352198,10,4.417097701784066,1,0.44170977017840657,18,7.950775863211318,60.11433877944946,26.553090766697494,47.0,20.76035919838511,72.0,31.80310345284527,34.0,15.018132186065824,96.0,42.40413793712703,5.0,61.0,False,False,False
2021-06-01,8.00068,3.5339784517418593,4,1.7668390807136263,11,4.858807471962472,1,0.44170977017840657,20,8.834195403568131,7.028523,3.1045674404595047,3,1.3251293105352198,9,3.975387931605659,1,0.44170977017840657,17,7.509066093032912,57.19434519195557,25.26330107024315,45.0,19.8769396580283,68.0,30.036264372131647,32.0,14.13471264570901,91.0,40.195589086234996,15.0,70.0,False,False,False
2021-06-02,10.464109,4.6220993681345135,5,2.208548850892033,14,6.1839367824976925,2,0.8834195403568131,24,10.601034484281758,6.709536,2.963667611766141,3,1.3251293105352198,9,3.975387931605659,1,0.44170977017840657,16,7.067356322854505,54.45972189712524,24.055391243159125,43.0,18.993520117671483,65.0,28.711135061596426,30.0,13.251293105352199,85.0,37.54533046516456,9.0,65.0,False,False,False
2021-06-03,8.368843,3.696599742397666,4,1.7668390807136263,11,4.858807471962472,1,0.44170977017840657,21,9.275905173746539,6.410139,2.8314210794633254,3,1.3251293105352198,9,3.975387931605659,1,0.44170977017840657,15,6.625646552676099,51.89733053588867,22.923557943880187,40.0,17.668390807136262,61.0,26.9442959808828,30.0,13.251293105352199,81.0,35.77849138445093,3.0,63.0,False,False,False
2021-06-04,7.5179296,3.320743053336628,3,1.3251293105352198,10,4.417097701784066,1,0.44170977017840657,19,8.392485633389724,6.128982,2.7072312150266953,3,1.3251293105352198,8,3.5336781614272526,1,0.44170977017840657,16,7.067356322854505,49.49506880187988,21.862455465442782,38.0,16.784971266779447,58.0,25.61916667034758,28.0,12.367873564995385,79.0,34.89507184409412,2.0,43.0,False,False,False
2021-06-05,4.33058,1.9128596250084229,2,0.8834195403568131,6,2.6502586210704395,0,0.0,10,4.417097701784066,5.86485,2.5905615984811448,2,0.8834195403568131,8,3.5336781614272526,0,0.0,15,6.625646552676099,47.24178063964844,20.867156069157808,36.0,15.901551726422635,56.0,24.73574712999077,26.0,11.484454024638572,77.0,34.01165230373731,3.0,43.0,False,False,False
2021-06-06,3.2704813,1.4446035493165255,1,0.44170977017840657,5,2.208548850892033,0,0.0,9,3.975387931605659,5.6165867,2.480901275703218,2,0.8834195403568131,7,3.0919683912488463,0,0.0,14,6.1839367824976925,45.12717764854431,19.933115267938632,33.0,14.576422415887416,54.0,23.852327589633955,23.0,10.15932471410335,75.0,33.128232763380495,4.0,41.0,False,False,False
2021-06-07,3.9396646,1.7401884178980254,1,0.44170977017840657,5,2.208548850892033,0,0.0,11,4.858807471962472,5.3831444,2.3777874957886524,2,0.8834195403568131,7,3.0919683912488463,0,0.0,14,6.1839367824976925,43.141764448165894,19.056138859490307,32.0,14.13471264570901,51.0,22.527198279098734,21.0,9.275905173746539,73.0,32.244813223023684,2.0,38.0,False,False,False
2021-06-08,6.473832,2.859554842871148,3,1.3251293105352198,9,3.975387931605659,1,0.44170977017840657,17,7.509066093032912,5.1635303,2.280781882291194,2,0.8834195403568131,7,3.0919683912488463,0,0.0,13,5.742227012319286,41.27677272605896,18.23235379453382,29.0,12.80958333517379,49.0,21.643778738741922,19.0,8.392485633389724,70.0,30.919683912488463,12.0,35.0,False,False,False
2021-06-09,8.015843,3.540676334523596,3,1.3251293105352198,11,4.858807471962472,1,0.44170977017840657,21,9.275905173746539,4.956869,2.1894975361647084,2,0.8834195403568131,7,3.0919683912488463,0,0.0,12,5.300517242140879,39.52410044384003,17.458181323556836,28.0,12.367873564995385,47.0,20.76035919838511,18.0,7.950775863211318,68.0,30.036264372131647,5.0,31.0,False,False,False
2021-06-10,6.405474,2.8293605282669887,3,1.3251293105352198,9,3.975387931605659,1,0.44170977017840657,17,7.509066093032912,4.762292,2.103550832543988,2,0.8834195403568131,7,3.0919683912488463,0,0.0,13,5.742227012319286,37.87625852680206,16.73031344909165,26.0,11.484454024638572,45.0,19.8769396580283,17.0,7.509066093032912,68.0,30.036264372131647,2.0,30.0,True,False,False
2021-06-11,5.889662,2.601521191536449,2,0.8834195403568131,8,3.5336781614272526,0,0.0,16,7.067356322854505,4.579047,2.022609805862885,1,0.44170977017840657,6,2.6502586210704395,0,0.0,12,5.300517242140879,36.3263183889389,16.045689747005827,24.0,10.601034484281758,43.0,18.993520117671483,16.0,7.067356322854505,66.0,29.152844831774832,8.0,36.0,True,False,False
2021-06-12,3.3952422,1.4997116522863507,1,0.44170977017840657,5,2.208548850892033,0,0.0,9,3.975387931605659,4.406399,1.9463494027149864,1,0.44170977017840657,6,2.6502586210704395,0,0.0,11,4.858807471962472,34.86786833381653,15.401478108341042,23.0,10.15932471410335,41.0,18.110100577314668,13.0,5.742227012319286,63.0,27.827715521239618,4.0,37.0,True,False,False
2021-06-13,2.4247017,1.0710144124459475,1,0.44170977017840657,3,1.3251293105352198,0,0.0,7,3.0919683912488463,4.243688,1.8744785847957246,1,0.44170977017840657,6,2.6502586210704395,0,0.0,11,4.858807471962472,33.49496996021271,14.795055483258187,22.0,9.717614943924945,40.0,17.668390807136262,13.0,5.742227012319286,61.0,26.9442959808828,0.0,33.0,True,False,False
2021-06-14,2.9583678,1.3067399777355604,1,0.44170977017840657,4,1.7668390807136263,0,0.0,9,3.975387931605659,4.0902925,1.8067221390083432,1,0.44170977017840657,6,2.6502586210704395,0,0.0,12,5.300517242140879,32.20212154006958,14.223991704721248,21.0,9.275905173746539,39.0,17.226681036957856,12.0,5.300517242140879,61.0,26.9442959808828,1.0,32.0,True,False,False
2021-06-15,4.8478107,2.141325421689544,2,0.8834195403568131,6,2.6502586210704395,0,0.0,14,6.1839367824976925,3.9456372,1.742826498229988,1,0.44170977017840657,5,2.208548850892033,0,0.0,11,4.858807471962472,30.98422341775894,13.686034205014703,19.0,8.392485633389724,38.0,16.784971266779447,11.0,4.858807471962472,58.0,25.61916667034758,,,False,False,True
2021-06-16,6.042684,2.6691126549849287,2,0.8834195403568131,8,3.5336781614272526,0,0.0,16,7.067356322854505,3.8091862,1.682554830040317,1,0.44170977017840657,5,2.208548850892033,0,0.0,11,4.858807471962472,29.8365448346138,13.179093361814987,18.0,7.950775863211318,37.0,16.343261496601045,10.0,4.417097701784066,60.0,26.502586210704397,,,False,False,True
2021-06-17,4.850811,2.142650555470027,2,0.8834195403568131,6,2.6502586210704395,0,0.0,14,6.1839367824976925,3.6804442,1.6256881281151436,1,0.44170977017840657,5,2.208548850892033,0,0.0,11,4.858807471962472,28.754695801258087,12.701230073923703,17.0,7.509066093032912,36.0,15.901551726422635,9.0,3.975387931605659,59.0,26.060876440525984,,,False,False,True
2021-06-18,4.55691,2.012831646425184,2,0.8834195403568131,6,2.6502586210704395,0,0.0,14,6.1839367824976925,3.5589516,1.5720237570349127,1,0.44170977017840657,5,2.208548850892033,0,0.0,12,5.300517242140879,27.734601100444795,12.250644278067252,16.0,7.067356322854505,35.0,15.459841956244231,9.0,3.975387931605659,60.0,26.502586210704397,,,False,False,True
2021-06-19,2.7193532,1.201164832309587,1,0.44170977017840657,4,1.7668390807136263,0,0.0,8,3.5336781614272526,3.4442735,1.5213692677207291,1,0.44170977017840657,5,2.208548850892033,0,0.0,10,4.417097701784066,26.77247479891777,11.82566369053715,15.0,6.625646552676099,33.0,14.576422415887416,8.0,3.5336781614272526,59.0,26.060876440525984,,,False,False,True
