,Raw Prediction Mean,Raw Prediction Mean 100k,Raw Prediction Q25,Raw Prediction Q25 100k,Raw Prediction Q75,Raw Prediction Q75 100k,Raw Prediction Q5,Raw Prediction Q5 100k,Raw Prediction Q95,Raw Prediction Q95 100k,Trend Prediction Mean,Trend Prediction Mean 100k,Trend Prediction Q25,Trend Prediction Q25 100k,Trend Prediction Q75,Trend Prediction Q75 100k,Trend Prediction Q5,Trend Prediction Q5 100k,Trend Prediction Q95,Trend Prediction Q95 100k,Trend 7Day Prediction Mean,Trend 7Day Prediction Mean 100k,Trend 7Day Prediction Q25,Trend 7Day Prediction Q25 100k,Trend 7Day Prediction Q75,Trend 7Day Prediction Q75 100k,Trend 7Day Prediction Q5,Trend 7Day Prediction Q5 100k,Trend 7Day Prediction Q95,Trend 7Day Prediction Q95 100k,RKI Meldedaten,RKI 7Day Incidence,is_nowcast,is_high,is_prediction
2021-07-01,1.6918813,0.5295602022670209,0,0.0,3,0.9390024038461539,0,0.0,5,1.5650040064102562,1.1872255,0.3716025275934953,0,0.0,2,0.6260016025641025,0,0.0,4,1.252003205128205,,,,,,,,,,,1.0,,False,False,False
2021-07-02,1.5641627,0.4895841811958235,0,0.0,2,0.6260016025641025,0,0.0,4,1.252003205128205,1.3090206,0.4097244982403936,0,0.0,2,0.6260016025641025,0,0.0,4,1.252003205128205,,,,,,,,,,,1.0,,False,False,False
2021-07-03,0.93750024,0.29343832466111053,0,0.0,1,0.31300080128205127,0,0.0,3,0.9390024038461539,1.4448599,0.45224228415463585,0,0.0,2,0.6260016025641025,0,0.0,4,1.252003205128205,,,,,,,,,,,0.0,,False,False,False
2021-07-04,0.8325617,0.2605924692034023,0,0.0,1,0.31300080128205127,0,0.0,3,0.9390024038461539,1.5965058,0.4997075848223176,0,0.0,2,0.6260016025641025,0,0.0,5,1.5650040064102562,,,,,,,,,,,1.0,,False,False,False
2021-07-05,1.3217179,0.41369876271346584,0,0.0,2,0.6260016025641025,0,0.0,4,1.252003205128205,1.7659483,0.5527432222152129,0,0.0,3,0.9390024038461539,0,0.0,5,1.5650040064102562,,,,,,,,,,,0.0,,False,False,False
2021-07-06,2.6864758,0.8408690518990625,1,0.31300080128205127,4,1.252003205128205,0,0.0,8,2.50400641025641,1.9554551,0.6120590114733204,0,0.0,3,0.9390024038461539,0,0.0,5,1.5650040064102562,,,,,,,,,,,5.0,,False,False,False
2021-07-07,3.1228402,0.9774515092431102,1,0.31300080128205127,4,1.252003205128205,0,0.0,8,2.50400641025641,2.167596,0.6784593097108882,1,0.31300080128205127,3,0.9390024038461539,0,0.0,6,1.8780048076923077,11.426609869003295,3.5765380449354267,7.0,2.191005608974359,14.0,4.382011217948718,4.0,1.252003205128205,22.0,6.886017628205128,3.0,11.0,False,False,False
2021-07-08,3.3797235,1.0578562068985775,1,0.31300080128205127,5,1.5650040064102562,0,0.0,9,2.8170072115384617,2.4052987,0.7528604328399524,1,0.31300080128205127,4,1.252003205128205,0,0.0,7,2.191005608974359,12.644683518409728,3.9577960732201922,8.0,2.50400641025641,16.0,5.00801282051282,4.0,1.252003205128205,23.0,7.19901842948718,2.0,12.0,False,False,False
2021-07-09,3.2055037,1.0033252692664973,1,0.31300080128205127,5,1.5650040064102562,0,0.0,9,2.8170072115384617,2.6718915,0.836304207041394,1,0.31300080128205127,4,1.252003205128205,0,0.0,7,2.191005608974359,14.007553835391999,4.384375574479167,9.0,2.8170072115384617,18.0,5.634014423076923,5.0,1.5650040064102562,25.0,7.825020032051283,8.0,19.0,False,True,False
2021-07-10,1.9951029,0.6244687938306015,1,0.31300080128205127,3,0.9390024038461539,0,0.0,6,1.8780048076923077,2.9711618,0.9299760677095037,1,0.31300080128205127,4,1.252003205128205,0,0.0,8,2.50400641025641,15.53385632276535,4.862109476025814,11.0,3.443008814102564,19.0,5.9470152243589745,6.0,1.8780048076923077,28.0,8.764022435897436,1.0,20.0,False,False,False
2021-07-11,1.7873222,0.5594332833425142,0,0.0,3,0.9390024038461539,0,0.0,5,1.5650040064102562,3.307438,1.0352307072025724,1,0.31300080128205127,4,1.252003205128205,0,0.0,8,2.50400641025641,17.2447912607193,5.397633482546856,12.0,3.7560096153846154,21.0,6.573016826923077,7.0,2.191005608974359,30.0,9.390024038461538,1.0,20.0,False,False,False
2021-07-12,2.7767467,0.8691239600011613,1,0.31300080128205127,4,1.252003205128205,0,0.0,8,2.50400641025641,3.685656,1.153613266069442,2,0.6260016025641025,5,1.5650040064102562,0,0.0,9,2.8170072115384617,19.16449707698822,5.998502941264842,14.0,4.382011217948718,23.0,7.19901842948718,8.0,2.50400641025641,33.0,10.329026442307692,5.0,25.0,False,False,False
2021-07-13,5.6327686,1.7630611182539724,3,0.9390024038461539,8,2.50400641025641,1,0.31300080128205127,14,4.382011217948718,4.1114373,1.2868831618106924,2,0.6260016025641025,6,1.8780048076923077,0,0.0,10,3.1300080128205123,21.32048157978058,6.673327818190537,15.0,4.695012019230769,26.0,8.138020833333332,10.0,3.1300080128205123,36.0,11.268028846153847,4.0,24.0,False,False,False
2021-07-14,6.6430964,2.0792944269487634,3,0.9390024038461539,9,2.8170072115384617,1,0.31300080128205127,16,5.00801282051282,4.591232,1.4370591998158488,2,0.6260016025641025,6,1.8780048076923077,0,0.0,11,3.443008814102564,23.744120121002197,7.431928623610965,17.0,5.321013621794872,28.0,8.764022435897436,11.0,3.443008814102564,38.0,11.894030448717949,4.0,25.0,False,False,False
2021-07-15,7.1471725,2.2370706574292853,3,0.9390024038461539,10,3.1300080128205123,1,0.31300080128205127,18,5.634014423076923,5.1324134,1.6064495866885409,2,0.6260016025641025,7,2.191005608974359,0,0.0,13,4.069010416666666,26.471234009742737,8.285517455974164,20.0,6.260016025641025,32.0,10.01602564102564,13.0,4.069010416666666,43.0,13.459034455128206,12.0,35.0,False,False,False
2021-07-16,6.672112,2.0883764591417275,3,0.9390024038461539,9,2.8170072115384617,1,0.31300080128205127,17,5.321013621794872,5.7434072,1.7976910385186784,2,0.6260016025641025,8,2.50400641025641,1,0.31300080128205127,14,4.382011217948718,29.54275336074829,9.246905473992229,22.0,6.886017628205128,35.0,10.955028044871796,15.0,4.695012019230769,47.0,14.711037660256409,8.0,35.0,False,False,False
2021-07-17,4.3521824,1.362236616841983,2,0.6260016025641025,6,1.8780048076923077,0,0.0,11,3.443008814102564,6.4339,2.0138159015914425,3,0.9390024038461539,9,2.8170072115384617,1,0.31300080128205127,16,5.00801282051282,33.00549134063721,10.330745236327251,25.0,7.825020032051283,39.0,12.20703125,16.0,5.00801282051282,53.0,16.58904246794872,1.0,35.0,False,False,False
2021-07-18,3.9910855,1.2492129826568998,2,0.6260016025641025,6,1.8780048076923077,0,0.0,10,3.1300080128205123,7.2149816,2.258294989587739,3,0.9390024038461539,10,3.1300080128205123,1,0.31300080128205127,18,5.634014423076923,36.913036012649535,11.55380984971252,27.0,8.451021634615385,44.0,13.772035256410255,18.0,5.634014423076923,61.0,19.093048878205128,1.0,35.0,False,False,False
2021-07-19,6.3573885,1.9898676328011788,3,0.9390024038461539,8,2.50400641025641,1,0.31300080128205127,16,5.00801282051282,8.099407,2.5351209842483513,4,1.252003205128205,11,3.443008814102564,1,0.31300080128205127,21,6.573016826923077,41.326787029266356,12.935317454573054,30.0,9.390024038461538,50.0,15.650040064102566,20.0,6.260016025641025,69.0,21.597055288461537,8.0,38.0,False,False,False
2021-07-20,13.243165,4.145121420151554,6,1.8780048076923077,17,5.321013621794872,2,0.6260016025641025,32,10.01602564102564,9.101812,2.8488746465882286,4,1.252003205128205,12,3.7560096153846154,1,0.31300080128205127,22,6.886017628205128,46.3171624660492,14.497308964984349,33.0,10.329026442307692,56.0,17.528044871794872,22.0,6.886017628205128,78.0,24.4140625,20.0,54.0,False,False,False
2021-07-21,14.370263,4.497903864830732,7,2.191005608974359,19,5.9470152243589745,2,0.6260016025641025,35,10.955028044871796,10.239066,3.2048359571490437,5,1.5650040064102562,14,4.382011217948718,2,0.6260016025641025,26,8.138020833333332,51.96499472808838,16.265084988509233,37.0,11.581029647435898,63.0,19.71905048076923,25.0,7.825020032051283,88.0,27.54407051282051,4.0,54.0,False,False,False
2021-07-22,16.016699,5.013239569962025,7,2.191005608974359,22,6.886017628205128,3,0.9390024038461539,40,12.52003205128205,11.530582,3.609081613831222,5,1.5650040064102562,15,4.695012019230769,2,0.6260016025641025,31,9.70302483974359,58.36315308761597,18.267713681770825,41.0,12.833032852564102,72.0,22.536057692307693,27.0,8.451021634615385,104.0,32.55208333333333,5.0,47.0,True,False,False
2021-07-23,14.589772,4.566610368783586,7,2.191005608974359,20,6.260016025641025,2,0.6260016025641025,37,11.581029647435898,12.998706,4.068605267093517,6,1.8780048076923077,17,5.321013621794872,2,0.6260016025641025,33,10.329026442307692,65.61844638442993,20.538626297209888,45.0,14.085036057692307,80.0,25.0400641025641,31.0,9.70302483974359,123.0,38.49909855769231,12.0,51.0,True,False,False
2021-07-24,9.724325,3.0437215173151344,4,1.252003205128205,13,4.069010416666666,1,0.31300080128205127,25,7.825020032051283,14.6692705,4.591493416228332,6,1.8780048076923077,19,5.9470152243589745,2,0.6260016025641025,36,11.268028846153847,73.85381273269654,23.116302563068576,49.0,15.337039262820513,91.0,28.483072916666668,32.0,10.01602564102564,137.0,42.88110977564102,3.0,53.0,True,False,False
2021-07-25,8.8698015,2.776254950731527,4,1.252003205128205,12,3.7560096153846154,1,0.31300080128205127,23,7.19901842948718,16.572067,5.187070200918242,7,2.191005608974359,22,6.886017628205128,3,0.9390024038461539,47,14.711037660256409,83.21090641212463,26.045080382400787,54.0,16.90204326923077,103.0,32.239082532051285,35.0,10.955028044871796,162.0,50.706129807692314,0.0,52.0,True,False,False
2021-07-26,14.401439,4.5076620153849944,6,1.8780048076923077,18,5.634014423076923,2,0.6260016025641025,35,10.955028044871796,18.741594,5.866133869858459,8,2.50400641025641,24,7.512019230769231,3,0.9390024038461539,49,15.337039262820513,93.85308172035218,29.376089781260074,60.0,18.780048076923077,116.0,36.30809294871795,37.0,11.581029647435898,191.0,59.7831530448718,0.0,44.0,True,False,False
2021-07-27,30.629786,9.587147360434756,12,3.7560096153846154,40,12.52003205128205,4,1.252003205128205,84,26.292067307692307,21.21764,6.641138315899298,9,2.8170072115384617,27,8.451021634615385,3,0.9390024038461539,56,17.528044871794872,105.96890543937683,33.168352313506865,65.0,20.345052083333336,133.0,41.62910657051282,41.0,12.833032852564102,219.0,68.54717548076923,,,False,False,True
2021-07-28,37.793972,11.829543655039743,15,4.695012019230769,50,15.650040064102566,6,1.8780048076923077,110,34.43008814102564,24.046421,7.526548870373517,10,3.1300080128205123,30,9.390024038461538,3,0.9390024038461539,69,21.597055288461537,119.77625726127624,37.49006449734458,73.0,22.849058493589745,147.0,46.01111778846154,43.0,13.459034455128206,257.0,80.44120592948718,,,False,False,True
2021-07-29,42.227966,13.217386731412262,17,5.321013621794872,54,16.90204326923077,6,1.8780048076923077,117,36.62109375,27.281418,8.53910532896407,11,3.443008814102564,35,10.955028044871796,4,1.252003205128205,77,24.10106169871795,135.52710586929322,42.42009273252617,80.0,25.0400641025641,169.0,52.897135416666664,47.0,14.711037660256409,288.0,90.14423076923077,,,False,False,True
2021-07-30,40.198723,12.58223201148212,15,4.695012019230769,52,16.276041666666664,5,1.5650040064102562,113,35.369090544871796,30.984715,9.698240319266915,12,3.7560096153846154,39,12.20703125,4,1.252003205128205,89,27.857071314102562,153.5131345844269,48.04973413224499,88.0,27.54407051282051,190.0,59.47015224358974,51.0,15.963040865384615,337.0,105.48127003205127,,,False,False,True
2021-07-31,25.435495,7.961330265970901,9,2.8170072115384617,31,9.70302483974359,3,0.9390024038461539,72,22.536057692307693,35.22845,11.02653332054615,13,4.069010416666666,44,13.772035256410255,5,1.5650040064102562,102,31.92608173076923,174.0723034000397,54.48477044522476,98.0,30.674078525641026,216.0,67.60817307692308,55.0,17.21504407051282,398.0,124.5743189102564,,,False,False,True
