,Raw Prediction Mean,Raw Prediction Mean 100k,Raw Prediction Q25,Raw Prediction Q25 100k,Raw Prediction Q75,Raw Prediction Q75 100k,Raw Prediction Q5,Raw Prediction Q5 100k,Raw Prediction Q95,Raw Prediction Q95 100k,Trend Prediction Mean,Trend Prediction Mean 100k,Trend Prediction Q25,Trend Prediction Q25 100k,Trend Prediction Q75,Trend Prediction Q75 100k,Trend Prediction Q5,Trend Prediction Q5 100k,Trend Prediction Q95,Trend Prediction Q95 100k,Trend 7Day Prediction Mean,Trend 7Day Prediction Mean 100k,Trend 7Day Prediction Q25,Trend 7Day Prediction Q25 100k,Trend 7Day Prediction Q75,Trend 7Day Prediction Q75 100k,Trend 7Day Prediction Q5,Trend 7Day Prediction Q5 100k,Trend 7Day Prediction Q95,Trend 7Day Prediction Q95 100k,RKI Meldedaten,RKI 7Day Incidence,is_nowcast,is_high,is_prediction
2021-05-10,5.643238,5.817771307192743,2,2.0618556701030926,8,8.24742268041237,1,1.0309278350515463,14,14.43298969072165,11.208146,11.55478967120871,5,5.154639175257732,16,16.49484536082474,2,2.0618556701030926,28,28.8659793814433,,,,,,,,,,,6.0,,False,False,False
2021-05-11,15.743001,16.229898028541356,8,8.24742268041237,21,21.649484536082472,3,3.0927835051546393,38,39.175257731958766,10.545225,10.871366248466074,5,5.154639175257732,14,14.43298969072165,2,2.0618556701030926,27,27.835051546391757,,,,,,,,,,,17.0,,False,False,False
2021-05-12,18.314297,18.880718562286347,9,9.278350515463917,24,24.742268041237114,3,3.0927835051546393,45,46.391752577319586,9.92941,10.236505477223545,5,5.154639175257732,13,13.402061855670102,1,1.0309278350515463,24,24.742268041237114,,,,,,,,,,,11.0,,False,False,False
2021-05-13,11.235158,11.582636943785474,5,5.154639175257732,15,15.463917525773194,2,2.0618556701030926,29,29.896907216494846,9.356968,9.646358375903219,4,4.123711340206185,12,12.371134020618557,1,1.0309278350515463,21,21.649484536082472,,,,,,,,,,,19.0,,False,False,False
2021-05-14,8.735263,9.005425818031654,4,4.123711340206185,12,12.371134020618557,1,1.0309278350515463,22,22.68041237113402,8.824482,9.097404108615592,4,4.123711340206185,12,12.371134020618557,1,1.0309278350515463,22,22.68041237113402,,,,,,,,,,,0.0,,False,False,False
2021-05-15,9.396698,9.687317651696503,5,5.154639175257732,13,13.402061855670102,1,1.0309278350515463,24,24.742268041237114,8.328891,8.58648563735187,4,4.123711340206185,11,11.34020618556701,1,1.0309278350515463,21,21.649484536082472,,,,,,,,,,,10.0,,False,False,False
2021-05-16,4.4237256,4.560541856335476,2,2.0618556701030926,6,6.185567010309279,0,0.0,12,12.371134020618557,7.867309,8.110627823043615,4,4.123711340206185,10,10.309278350515465,1,1.0309278350515463,19,19.587628865979383,66.0604305114746,68.10353660976763,50.0,51.54639175257732,80.0,82.47422680412372,32.0,32.98969072164948,112.0,115.4639175257732,2.0,65.0,False,False,False
2021-05-17,3.6615908,3.774835931835696,2,2.0618556701030926,5,5.154639175257732,0,0.0,10,10.309278350515465,7.4371586,7.667173485970125,4,4.123711340206185,10,10.309278350515465,1,1.0309278350515463,19,19.587628865979383,62.28945157623291,64.21592946003393,47.0,48.45360824742268,75.0,77.31958762886597,31.0,31.95876288659794,104.0,107.21649484536081,0.0,59.0,False,False,False
2021-05-18,10.094145,10.406335059087723,5,5.154639175257732,14,14.43298969072165,2,2.0618556701030926,24,24.742268041237114,7.036031,7.253640069393441,3,3.0927835051546393,9,9.278350515463917,1,1.0309278350515463,18,18.556701030927833,58.780249362945554,60.598195219531505,44.0,45.36082474226804,70.0,72.16494845360825,31.0,31.95876288659794,96.0,98.96907216494846,12.0,54.0,False,False,False
2021-05-19,13.900089,14.329988334793597,7,7.216494845360825,18,18.556701030927833,3,3.0927835051546393,31,31.95876288659794,6.6617494,6.8677829403895885,3,3.0927835051546393,9,9.278350515463917,1,1.0309278350515463,16,16.49484536082474,55.51258483314514,57.22946890014963,42.0,43.298969072164944,66.0,68.04123711340206,30.0,30.92783505154639,90.0,92.78350515463917,15.0,58.0,False,False,False
2021-05-20,8.830877,9.103997581405565,4,4.123711340206185,12,12.371134020618557,1,1.0309278350515463,21,21.649484536082472,6.312301,6.507526995847002,3,3.0927835051546393,8,8.24742268041237,1,1.0309278350515463,15,15.463917525773194,52.46792226600647,54.090641511346874,40.0,41.23711340206186,63.0,64.94845360824742,28.0,28.8659793814433,85.0,87.62886597938144,12.0,51.0,False,False,False
2021-05-21,6.83093,7.042196375550702,3,3.0927835051546393,9,9.278350515463917,1,1.0309278350515463,17,17.52577319587629,5.9858475,6.170976848807186,3,3.0927835051546393,8,8.24742268041237,1,1.0309278350515463,14,14.43298969072165,49.62927702713013,51.16420312075271,39.0,40.20618556701031,59.0,60.82474226804124,27.0,27.835051546391757,79.0,81.44329896907216,12.0,63.0,False,False,False
2021-05-22,6.14427,6.334298814181238,3,3.0927835051546393,9,9.278350515463917,1,1.0309278350515463,15,15.463917525773194,5.6806846,5.8563757193041965,2,2.0618556701030926,9,9.278350515463917,1,1.0309278350515463,15,15.463917525773194,46.9810750541687,48.43409799398835,37.0,38.144329896907216,55.0,56.70103092783505,27.0,27.835051546391757,76.0,78.35051546391753,15.0,68.0,False,False,False
2021-05-23,2.4701703,2.5465673388680443,1,1.0309278350515463,4,4.123711340206185,0,0.0,7,7.216494845360825,5.395266,5.562129808822647,2,2.0618556701030926,8,8.24742268041237,0,0.0,14,14.43298969072165,44.50902970886231,45.88559763800238,35.0,36.08247422680412,52.0,53.60824742268041,26.0,26.804123711340203,71.0,73.1958762886598,1.0,67.0,False,False,False
2021-05-24,2.4845064,2.5613468096707948,1,1.0309278350515463,4,4.123711340206185,0,0.0,7,7.216494845360825,5.1281486,5.286751184030436,2,2.0618556701030926,7,7.216494845360825,0,0.0,13,13.402061855670102,42.20002458190918,43.50517998134967,33.0,34.02061855670103,50.0,51.54639175257732,25.0,25.77319587628866,66.0,68.04123711340206,1.0,68.0,False,False,False
2021-05-25,6.9585733,7.173787162173539,3,3.0927835051546393,10,10.309278350515465,1,1.0309278350515463,17,17.52577319587629,4.878021,5.028887244407088,2,2.0618556701030926,6,6.185567010309279,0,0.0,12,12.371134020618557,40.042013597488406,41.2804263891633,32.0,32.98969072164948,47.0,48.45360824742268,23.0,23.711340206185568,63.0,64.94845360824742,2.0,58.0,False,False,False
2021-05-26,8.639588,8.906792209018022,4,4.123711340206185,12,12.371134020618557,1,1.0309278350515463,20,20.61855670103093,4.6436605,4.787278885487467,2,2.0618556701030926,7,7.216494845360825,0,0.0,12,12.371134020618557,38.023926126480106,39.199923841732065,30.0,30.92783505154639,45.0,46.391752577319586,21.0,21.649484536082472,60.0,61.85567010309278,7.0,50.0,False,False,False
2021-05-27,7.5073967,7.7395845437422395,3,3.0927835051546393,9,9.278350515463917,1,1.0309278350515463,18,18.556701030927833,4.4239616,4.5607852371176705,2,2.0618556701030926,6,6.185567010309279,0,0.0,12,12.371134020618557,36.13558276367188,37.253178106878224,28.0,28.8659793814433,43.0,44.329896907216494,18.0,18.556701030927833,58.0,59.79381443298969,8.0,46.0,False,False,False
2021-05-28,5.4155765,5.583068559644744,2,2.0618556701030926,8,8.24742268041237,0,0.0,14,14.43298969072165,4.217882,4.348332004155964,2,2.0618556701030926,6,6.185567010309279,0,0.0,11,11.34020618556701,34.36761748504639,35.43053348973854,26.0,26.804123711340203,41.0,42.2680412371134,17.0,17.52577319587629,56.0,57.7319587628866,4.0,38.0,False,False,False
2021-05-29,3.8166325,3.9346727135125548,2,2.0618556701030926,6,6.185567010309279,0,0.0,10,10.309278350515465,4.024476,4.148944208282046,2,2.0618556701030926,6,6.185567010309279,0,0.0,10,10.309278350515465,32.71140805435181,33.723101086960625,23.0,23.711340206185568,39.0,40.20618556701031,15.0,15.463917525773194,56.0,57.7319587628866,5.0,28.0,False,False,False
2021-05-30,1.7153207,1.7683718397165649,0,0.0,2,2.0618556701030926,0,0.0,5,5.154639175257732,3.8428726,3.961724360124208,2,2.0618556701030926,6,6.185567010309279,0,0.0,11,11.34020618556701,31.15901263999939,32.12269344329834,22.0,22.68041237113402,38.0,39.175257731958766,14.0,14.43298969072165,55.0,56.70103092783505,1.0,28.0,False,False,False
2021-05-31,1.8562378,1.9136472474201582,0,0.0,3,3.0927835051546393,0,0.0,6,6.185567010309279,3.6722496,3.7858244468225166,1,1.0309278350515463,5,5.154639175257732,0,0.0,10,10.309278350515465,29.70311281681061,30.621765790526403,21.0,21.649484536082472,37.0,38.144329896907216,13.0,13.402061855670102,53.0,54.639175257731964,0.0,27.0,True,False,False
2021-06-01,4.7248645,4.870994234806858,2,2.0618556701030926,7,7.216494845360825,0,0.0,13,13.402061855670102,3.511865,3.6204794014338404,1,1.0309278350515463,5,5.154639175257732,0,0.0,10,10.309278350515465,28.33695956802368,29.213360379405856,20.0,20.61855670103093,35.0,36.08247422680412,11.0,11.34020618556701,52.0,53.60824742268041,8.0,33.0,True,False,False
2021-06-02,5.8560348,6.037149069015868,2,2.0618556701030926,8,8.24742268041237,0,0.0,15,15.463917525773194,3.3610282,3.464977635303512,1,1.0309278350515463,5,5.154639175257732,0,0.0,9,9.278350515463917,27.05432633495331,27.891058077271452,18.0,18.556701030927833,34.0,35.05154639175258,11.0,11.34020618556701,49.0,50.51546391752577,5.0,31.0,True,False,False
2021-06-03,5.528144,5.6991175370058045,2,2.0618556701030926,8,8.24742268041237,0,0.0,15,15.463917525773194,3.219098,3.318657763884403,1,1.0309278350515463,5,5.154639175257732,0,0.0,9,9.278350515463917,25.84946546936035,26.64893347356737,17.0,17.52577319587629,32.0,32.98969072164948,10.0,10.309278350515465,49.0,50.51546391752577,7.0,30.0,True,False,False
2021-06-04,4.109275,4.236365930410102,1,1.0309278350515463,6,6.185567010309279,0,0.0,10,10.309278350515465,3.0854855,3.1809129723114893,1,1.0309278350515463,4,4.123711340206185,0,0.0,8,8.24742268041237,24.7170680809021,25.481513485466085,16.0,16.49484536082474,31.0,31.95876288659794,10.0,10.309278350515465,46.0,47.422680412371136,0.0,26.0,True,False,False
2021-06-05,2.8209882,2.9082351829856634,1,1.0309278350515463,4,4.123711340206185,0,0.0,9,9.278350515463917,2.9596384,3.051173553103581,1,1.0309278350515463,4,4.123711340206185,0,0.0,8,8.24742268041237,23.652228748321534,24.383740977651065,15.0,15.463917525773194,30.0,30.92783505154639,9.0,9.278350515463917,45.0,46.391752577319586,,,False,False,True
2021-06-06,1.1381739,1.173375221696915,0,0.0,2,2.0618556701030926,0,0.0,4,4.123711340206185,2.8410532,2.9289209123817272,1,1.0309278350515463,4,4.123711340206185,0,0.0,8,8.24742268041237,22.650410863399507,23.350939034432482,14.0,14.43298969072165,29.0,29.896907216494846,7.0,7.216494845360825,44.0,45.36082474226804,,,False,False,True
2021-06-07,1.236456,1.2746969332511071,0,0.0,2,2.0618556701030926,0,0.0,4,4.123711340206185,2.7292542,2.813664104905911,1,1.0309278350515463,4,4.123711340206185,0,0.0,8,8.24742268041237,21.70741863489151,22.3787820978263,13.0,13.402061855670102,28.0,28.8659793814433,6.0,6.185567010309279,43.0,44.329896907216494,,,False,False,True
2021-06-08,3.0900955,3.185665627825074,1,1.0309278350515463,4,4.123711340206185,0,0.0,9,9.278350515463917,2.623815,2.7049640266341157,1,1.0309278350515463,4,4.123711340206185,0,0.0,8,8.24742268041237,20.81936822986603,21.46326621635673,12.0,12.371134020618557,27.0,27.835051546391757,6.0,6.185567010309279,43.0,44.329896907216494,,,False,False,True
2021-06-09,3.6643562,3.777687015826814,1,1.0309278350515463,5,5.154639175257732,0,0.0,12,12.371134020618557,2.5243225,2.602394306450151,1,1.0309278350515463,3,3.0927835051546393,0,0.0,7,7.216494845360825,19.982662620544435,20.600683113963335,11.0,11.34020618556701,26.0,26.804123711340203,5.0,5.154639175257732,43.0,44.329896907216494,,,False,False,True
