,Unnamed: 0,Raw Prediction Mean,Raw Prediction Mean 100k,Raw Prediction Q25,Raw Prediction Q25 100k,Raw Prediction Q75,Raw Prediction Q75 100k,Raw Prediction Q5,Raw Prediction Q5 100k,Raw Prediction Q95,Raw Prediction Q95 100k,Trend Prediction Mean,Trend Prediction Mean 100k,Trend Prediction Q25,Trend Prediction Q25 100k,Trend Prediction Q75,Trend Prediction Q75 100k,Trend Prediction Q5,Trend Prediction Q5 100k,Trend Prediction Q95,Trend Prediction Q95 100k,Trend 7Day Prediction Mean,Trend 7Day Prediction Mean 100k,Trend 7Day Prediction Q25,Trend 7Day Prediction Q25 100k,Trend 7Day Prediction Q75,Trend 7Day Prediction Q75 100k,Trend 7Day Prediction Q5,Trend 7Day Prediction Q5 100k,Trend 7Day Prediction Q95,Trend 7Day Prediction Q95 100k,RKI Meldedaten,RKI 7Day Incidence,is_nowcast,is_high,is_prediction
0,2020-07-31,0.9981712,0.4070164322911296,0,0.0,1,0.407762160487031,0,0.0,4,1.6310486419481245,0.9288899,0.3787661398746422,0,0.0,1,0.407762160487031,0,0.0,3,1.2232864814610935,,,,,,,,,,,0.0,,False,False,False
1,2020-08-01,0.45523816,0.1856288918133941,0,0.0,1,0.407762160487031,0,0.0,2,0.8155243209740621,1.0138844,0.4134236860409146,0,0.0,1,0.407762160487031,0,0.0,4,1.6310486419481245,,,,,,,,,,,1.0,,False,False,False
2,2020-08-02,0.46635512,0.1901619725686032,0,0.0,1,0.407762160487031,0,0.0,2,0.8155243209740621,1.1086167,0.4520519269135548,0,0.0,2,0.8155243209740621,0,0.0,4,1.6310486419481245,,,,,,,,,,,0.0,,False,False,False
3,2020-08-03,0.9183684,0.374475871467439,0,0.0,1,0.407762160487031,0,0.0,3,1.2232864814610935,1.2143556,0.4951682512910338,0,0.0,2,0.8155243209740621,0,0.0,4,1.6310486419481245,,,,,,,,,,,1.0,,False,False,False
4,2020-08-04,1.6347637,0.66659476942732,0,0.0,2,0.8155243209740621,0,0.0,6,2.446572962922187,1.3325509,0.5433638307295041,0,0.0,2,0.8155243209740621,0,0.0,5,2.038810802435156,,,,,,,,,,,0.0,,False,False,False
5,2020-08-05,2.0597157,0.8398741556447931,0,0.0,3,1.2232864814610935,0,0.0,7,2.854335123409218,1.4648632,0.5973157840344356,0,0.0,2,0.8155243209740621,0,0.0,5,2.038810802435156,,,,,,,,,,,6.0,,False,True,False
6,2020-08-06,1.9641024,0.8008866643649526,0,0.0,3,1.2232864814610935,0,0.0,6,2.446572962922187,1.6132045,0.6578037300641881,0,0.0,2,0.8155243209740621,0,0.0,6,2.446572962922187,8.676366752505302,3.537894052179408,5.0,2.038810802435156,11.0,4.485383765357343,2.0,0.8155243209740621,19.0,7.747481049253592,2.0,10.0,False,False,False
7,2020-08-07,2.092761,0.8533487743989099,0,0.0,3,1.2232864814610935,0,0.0,7,2.854335123409218,1.7797683,0.7257222023326904,0,0.0,3,1.2232864814610935,0,0.0,5,2.038810802435156,9.527243925094604,3.8848495663835183,5.0,2.038810802435156,12.0,4.893145925844374,2.0,0.8155243209740621,20.0,8.155243209740624,0.0,10.0,False,False,False
8,2020-08-08,1.1882924,0.4845406692766119,0,0.0,2,0.8155243209740621,0,0.0,4,1.6310486419481245,1.9670771,0.8020996574487071,0,0.0,3,1.2232864814610935,0,0.0,6,2.446572962922187,10.480437773704528,4.273525949455649,6.0,2.446572962922187,13.0,5.300908086331405,3.0,1.2232864814610935,21.0,8.563005370227653,1.0,10.0,False,False,False
9,2020-08-09,1.3550714,0.5525468623091001,0,0.0,2,0.8155243209740621,0,0.0,4,1.6310486419481245,2.1780517,0.8881270332494751,1,0.407762160487031,3,1.2232864814610935,0,0.0,7,2.854335123409218,11.549873604297638,4.709601414240538,7.0,2.854335123409218,15.0,6.116432407305467,4.0,1.6310486419481245,22.0,8.970767530714685,1.0,11.0,False,False,False
10,2020-08-10,2.4341354,0.9925483027473092,1,0.407762160487031,3,1.2232864814610935,0,0.0,8,3.2620972838962485,2.41606,0.9851778486336116,1,0.407762160487031,4,1.6310486419481245,0,0.0,7,2.854335123409218,12.751577572345736,5.199610820517668,8.0,3.2620972838962485,16.0,6.524194567792497,4.0,1.6310486419481245,24.0,9.786291851688748,0.0,10.0,False,False,False
11,2020-08-11,3.7250428,1.5189315490715671,1,0.407762160487031,6,2.446572962922187,0,0.0,11,4.485383765357343,2.6849957,1.0948396266030611,1,0.407762160487031,4,1.6310486419481245,0,0.0,8,3.2620972838962485,14.104023438453677,5.751087068823596,9.0,3.66985944438328,18.0,7.33971888876656,5.0,2.038810802435156,26.0,10.60181617266281,2.0,12.0,False,False,False
12,2020-08-12,4.407152,1.7970698536373677,2,0.8155243209740621,6,2.446572962922187,0,0.0,13,5.300908086331405,2.9893818,1.2189568224130198,1,0.407762160487031,4,1.6310486419481245,0,0.0,8,3.2620972838962485,15.62854193496704,6.372728024664327,10.0,4.077621604870312,20.0,8.155243209740624,6.0,2.446572962922187,29.0,11.825102654123905,2.0,8.0,False,False,False
13,2020-08-13,3.9570396,1.6135310943354852,1,0.407762160487031,6,2.446572962922187,0,0.0,11,4.485383765357343,3.334464,1.3596682947536465,1,0.407762160487031,5,2.038810802435156,0,0.0,10,4.077621604870312,17.349804488182066,7.074593762128709,12.0,4.893145925844374,21.0,8.563005370227653,7.0,2.854335123409218,32.0,13.048389135584994,9.0,15.0,False,False,False
14,2020-08-14,4.351991,1.7745773220667616,1,0.407762160487031,6,2.446572962922187,0,0.0,12,4.893145925844374,3.7263594,1.5194683328445535,1,0.407762160487031,5,2.038810802435156,0,0.0,11,4.485383765357343,19.296397662162786,7.868340800340392,13.0,5.300908086331405,24.0,9.786291851688748,8.0,3.2620972838962485,36.0,14.67943777753312,4.0,19.0,False,False,False
15,2020-08-15,2.6267755,1.0710996320995037,1,0.407762160487031,4,1.6310486419481245,0,0.0,8,3.2620972838962485,4.17218,1.7012571333907545,1,0.407762160487031,6,2.446572962922187,0,0.0,13,5.300908086331405,21.50150219154358,8.767498987340446,15.0,6.116432407305467,27.0,11.00957833314984,9.0,3.66985944438328,40.0,16.310486419481247,9.0,27.0,False,False,False
16,2020-08-16,3.619801,1.476017860113643,1,0.407762160487031,5,2.038810802435156,0,0.0,11,4.485383765357343,4.6802506,1.9084291125182065,1,0.407762160487031,6,2.446572962922187,0,0.0,14,5.708670246818436,24.00370287322998,9.787801743277011,17.0,6.931956728279529,30.0,12.232864814610934,10.0,4.077621604870312,44.0,17.94153506142937,4.0,30.0,False,False,False
17,2020-08-17,5.971583,2.434985617583152,2,0.8155243209740621,9,3.66985944438328,0,0.0,17,6.931956728279529,5.260313,2.1449566702358425,2,0.8155243209740621,7,2.854335123409218,0,0.0,17,6.931956728279529,26.84795210647583,10.947578955588924,19.0,7.747481049253592,33.0,13.456151296072026,11.0,4.485383765357343,50.0,20.38810802435156,5.0,35.0,False,False,False
18,2020-08-18,7.6032214,3.100305912084877,2,0.8155243209740621,10,4.077621604870312,0,0.0,21,8.563005370227653,5.923766,2.4154876882676035,2,0.8155243209740621,8,3.2620972838962485,0,0.0,17,6.931956728279529,30.086721975326537,12.268226754631783,21.0,8.563005370227653,37.0,15.087199938020152,13.0,5.300908086331405,57.0,23.24244314776077,4.0,37.0,False,False,False
19,2020-08-19,9.089339,3.706288771354593,3,1.2232864814610935,13,5.300908086331405,1,0.407762160487031,26,10.60181617266281,6.684046,2.725500962696969,2,0.8155243209740621,9,3.66985944438328,0,0.0,19,7.747481049253592,33.78138392925263,13.774770095233924,23.0,9.378529691201717,42.0,17.126010740455307,14.0,5.708670246818436,63.0,25.68901611068296,5.0,40.0,False,False,False
20,2020-08-20,10.319828,4.208035534247756,4,1.6310486419481245,15,6.116432407305467,1,0.407762160487031,29,11.825102654123905,7.556944,3.0814357160124928,3,1.2232864814610935,10,4.077621604870312,0,0.0,23,9.378529691201717,38.00386185073853,15.496536815107802,25.0,10.194054012175778,47.0,19.164821542890465,15.0,6.116432407305467,75.0,30.582162036527333,4.0,35.0,False,False,False
21,2020-08-21,10.544856,4.299793363315985,4,1.6310486419481245,14,5.708670246818436,1,0.407762160487031,29,11.825102654123905,8.561113,3.4908982343040407,3,1.2232864814610935,11,4.485383765357343,0,0.0,25,10.194054012175778,42.83861798667908,17.46796742252685,28.0,11.417340493636871,52.0,21.20363234532562,18.0,7.33971888876656,88.0,35.88307012285874,8.0,39.0,True,False,False
22,2020-08-22,5.982171,2.439302988932468,2,0.8155243209740621,8,3.2620972838962485,0,0.0,18,7.33971888876656,9.718616,3.962883783970028,3,1.2232864814610935,12,4.893145925844374,0,0.0,28,11.417340493636871,48.38505579471588,19.72959488613889,31.0,12.640626975097966,59.0,24.057967468734837,18.0,7.33971888876656,104.0,42.40726469065124,4.0,34.0,True,False,False
23,2020-08-23,6.8672338,2.800198126351461,2,0.8155243209740621,10,4.077621604870312,0,0.0,22,8.970767530714685,11.055609,4.508058918872848,4,1.6310486419481245,15,6.116432407305467,0,0.0,36,14.67943777753312,54.76040555000305,22.329221276215254,34.0,13.863913456559056,69.0,28.13558907360515,18.0,7.33971888876656,118.0,48.11593493746967,2.0,32.0,True,False,False
24,2020-08-24,12.394044,5.053821951150894,4,1.6310486419481245,16,6.524194567792497,1,0.407762160487031,37,15.087199938020152,12.603136,5.139081986271776,4,1.6310486419481245,17,6.931956728279529,1,0.407762160487031,38,15.494962098507184,62.10324163341522,25.32335198168953,37.0,15.087199938020152,78.0,31.80544851798843,19.0,7.747481049253592,137.0,55.86341598672326,4.0,31.0,True,False,False
25,2020-08-25,27.226252,11.10183511627838,8,3.2620972838962485,37,15.087199938020152,2,0.8155243209740621,86,35.06754580188468,14.398241,5.871057874173857,4,1.6310486419481245,18,7.33971888876656,1,0.407762160487031,45,18.3492972219164,70.57772184848785,28.77892434319215,40.0,16.310486419481247,88.0,35.88307012285874,21.0,8.563005370227653,161.0,65.64970783841201,2.0,29.0,True,False,False
26,2020-08-26,32.633846,13.306847540661693,10,4.077621604870312,39,15.902724258994215,2,0.8155243209740621,109,44.44607549308639,16.485096,6.721998215653002,4,1.6310486419481245,20,8.155243209740624,1,0.407762160487031,50,20.38810802435156,80.37877436733245,32.77542269332308,43.0,17.53377290094234,103.0,41.99950253016421,23.0,9.378529691201717,181.0,73.80495104815263,,,False,False,True
27,2020-08-27,31.053417,12.662408698815852,9,3.66985944438328,38,15.494962098507184,2,0.8155243209740621,98,39.96069172772905,18.916574,7.71346312831156,5,2.038810802435156,23,9.378529691201717,1,0.407762160487031,66,26.91230259214405,91.7384122467041,37.40745317736598,47.0,19.164821542890465,114.0,46.48488629552155,24.0,9.786291851688748,219.0,89.29991314665982,,,False,False,True
28,2020-08-28,32.121853,13.098075578454882,10,4.077621604870312,41,16.718248579968275,2,0.8155243209740621,102,41.591740369677176,21.756136,8.871329191606492,6,2.446572962922187,25,10.194054012175778,1,0.407762160487031,67,27.320064752631087,104.93343604373932,42.78788458852285,52.0,21.20363234532562,130.0,53.00908086331405,26.0,10.60181617266281,247.0,100.71725364029668,,,False,False,True
29,2020-08-29,17.321482,7.063044904498383,4,1.6310486419481245,21,8.563005370227653,1,0.407762160487031,62,25.28125395019593,25.080082,10.226708400296047,7,2.854335123409218,32,13.048389135584994,1,0.407762160487031,91,37.10635660431983,120.29490898227692,49.05171198220401,56.0,22.834680987273742,151.0,61.5720862335417,28.0,11.417340493636871,321.0,130.891653516337,,,False,False,True
30,2020-08-30,19.130379,7.800644380040467,4,1.6310486419481245,23,9.378529691201717,1,0.407762160487031,66,26.91230259214405,28.980452,11.817131598945709,7,2.854335123409218,36,14.67943777753312,2,0.8155243209740621,104,42.40726469065124,138.21975815200807,56.36078720605774,61.0,24.873491789708897,170.0,69.31956728279529,29.0,11.825102654123905,371.0,151.27976154068855,,,False,False,True
