,Raw Prediction Mean,Raw Prediction Mean 100k,Raw Prediction Q25,Raw Prediction Q25 100k,Raw Prediction Q75,Raw Prediction Q75 100k,Raw Prediction Q5,Raw Prediction Q5 100k,Raw Prediction Q95,Raw Prediction Q95 100k,Trend Prediction Mean,Trend Prediction Mean 100k,Trend Prediction Q25,Trend Prediction Q25 100k,Trend Prediction Q75,Trend Prediction Q75 100k,Trend Prediction Q5,Trend Prediction Q5 100k,Trend Prediction Q95,Trend Prediction Q95 100k,Trend 7Day Prediction Mean,Trend 7Day Prediction Mean 100k,Trend 7Day Prediction Q25,Trend 7Day Prediction Q25 100k,Trend 7Day Prediction Q75,Trend 7Day Prediction Q75 100k,Trend 7Day Prediction Q5,Trend 7Day Prediction Q5 100k,Trend 7Day Prediction Q95,Trend 7Day Prediction Q95 100k,RKI Meldedaten,RKI 7Day Incidence,is_nowcast,is_high,is_prediction
2020-07-31,2.377202,0.6234777174540795,0,0.0,3,0.7868212683034297,0,0.0,7,1.8359162927080028,2.0362563,0.534056607648381,0,0.0,3,0.7868212683034297,0,0.0,7,1.8359162927080028,,,,,,,,,,,8.0,,False,True,False
2020-08-01,1.1412966,0.2993321459143772,0,0.0,2,0.5245475122022865,0,0.0,4,1.049095024404573,2.1843765,0.5729046279157046,0,0.0,3,0.7868212683034297,0,0.0,7,1.8359162927080028,,,,,,,,,,,0.0,,False,False,False
2020-08-02,1.12863,0.2960100346172112,0,0.0,2,0.5245475122022865,0,0.0,4,1.049095024404573,2.345363,0.6151271463750163,1,0.26227375610114323,3,0.7868212683034297,0,0.0,7,1.8359162927080028,,,,,,,,,,,0.0,,False,False,False
2020-08-03,2.1128547,0.5541463451663731,1,0.26227375610114323,3,0.7868212683034297,0,0.0,7,1.8359162927080028,2.5204625,0.6610511718463385,1,0.26227375610114323,4,1.049095024404573,0,0.0,8,2.098190048809146,,,,,,,,,,,2.0,,False,False,False
2020-08-04,3.4527977,0.9055782356881537,1,0.26227375610114323,5,1.3113687805057164,0,0.0,10,2.6227375610114327,2.7110543,0.7110384103725664,1,0.26227375610114323,4,1.049095024404573,0,0.0,9,2.3604638049102893,,,,,,,,,,,4.0,,False,False,False
2020-08-05,4.4264197,1.1609336979745422,1,0.26227375610114323,7,1.8359162927080028,0,0.0,13,3.409558829314862,2.918662,0.765488493925659,1,0.26227375610114323,4,1.049095024404573,0,0.0,9,2.3604638049102893,,,,,,,,,,,5.0,,False,False,False
2020-08-06,4.018758,1.054014683177229,1,0.26227375610114323,6,1.5736425366068594,0,0.0,11,2.8850113171125757,3.144975,0.8248443919001147,1,0.26227375610114323,4,1.049095024404573,0,0.0,9,2.3604638049102893,17.861149169921877,4.684510681078227,12.0,3.1472850732137188,22.0,5.7700226342251515,6.0,1.5736425366068594,34.0,8.917307707438871,6.0,25.0,False,False,False
2020-08-07,4.1116066,1.0783664947666693,2,0.5245475122022865,6,1.5736425366068594,0,0.0,11,2.8850113171125757,3.3918657,0.8895973223843612,1,0.26227375610114323,5,1.3113687805057164,0,0.0,10,2.6227375610114327,19.216759195327757,5.040051614249794,13.0,3.409558829314862,25.0,6.556843902528581,7.0,1.8359162927080028,36.0,9.441855219641157,2.0,19.0,False,False,False
2020-08-08,2.1796105,0.5716546183975879,0,0.0,3,0.7868212683034297,0,0.0,6,1.5736425366068594,3.6614082,0.9602912541595288,1,0.26227375610114323,5,1.3113687805057164,0,0.0,11,2.8850113171125757,20.693790977954865,5.4274382877601735,14.0,3.6718325854160057,26.0,6.819117658629724,8.0,2.098190048809146,39.0,10.228676487944586,6.0,25.0,False,False,False
2020-08-09,2.264287,0.5938630692980951,1,0.26227375610114323,3,0.7868212683034297,0,0.0,7,1.8359162927080028,3.955899,1.0375284546171315,1,0.26227375610114323,6,1.5736425366068594,0,0.0,11,2.8850113171125757,22.304329991340637,5.8498404041482885,15.0,3.9341063415171487,28.0,7.343665170832011,9.0,2.3604638049102893,40.0,10.490950244045731,0.0,25.0,False,False,False
2020-08-10,3.5641425,0.9347810191684403,1,0.26227375610114323,5,1.3113687805057164,0,0.0,10,2.6227375610114327,4.277902,1.1219814950891305,2,0.5245475122022865,6,1.5736425366068594,0,0.0,13,3.409558829314862,24.06176970386505,6.31077071867338,17.0,4.458653853719436,30.0,7.868212683034297,11.0,2.8850113171125757,44.0,11.540045268450303,0.0,23.0,False,False,False
2020-08-11,6.0365524,1.5832292774575762,2,0.5245475122022865,9,2.3604638049102893,0,0.0,17,4.458653853719436,4.6302395,1.2143903404648881,2,0.5245475122022865,6,1.5736425366068594,0,0.0,12,3.1472850732137188,25.98096267414093,6.814124667670545,18.0,4.720927609820579,32.0,8.392760195236583,12.0,3.1472850732137188,47.0,12.326866536753732,6.0,25.0,False,False,False
2020-08-12,7.8926716,2.0700406821561046,3,0.7868212683034297,10,2.6227375610114327,1,0.26227375610114323,20,5.2454751220228655,5.0160875,1.3155880878912285,1,0.26227375610114323,7,1.8359162927080028,0,0.0,13,3.409558829314862,28.078390884399415,7.364225042527536,20.0,5.2454751220228655,35.0,9.179581463540014,13.0,3.409558829314862,50.0,13.113687805057163,6.0,26.0,False,False,False
2020-08-13,7.0066023,1.8376478692516685,3,0.7868212683034297,10,2.6227375610114327,0,0.0,19,4.983201365921722,5.4389453,1.4264925994211808,2,0.5245475122022865,8,2.098190048809146,0,0.0,14,3.6718325854160057,30.372356758117675,7.965872088595465,21.0,5.507748878124008,38.0,9.966402731843443,13.0,3.409558829314862,52.0,13.638235317259449,4.0,24.0,False,False,False
2020-08-14,7.388514,1.9378132492420264,3,0.7868212683034297,11,2.8850113171125757,1,0.26227375610114323,21,5.507748878124008,5.9027085,1.5481255104532465,2,0.5245475122022865,8,2.098190048809146,0,0.0,16,4.196380097618292,32.88320042037964,8.62440048687966,23.0,6.0322963903262945,40.0,10.490950244045731,15.0,3.9341063415171487,56.0,14.687330341664023,9.0,31.0,False,False,False
2020-08-15,3.9433427,1.034235265251482,1,0.26227375610114323,5,1.3113687805057164,0,0.0,11,2.8850113171125757,6.4117484,1.6816333300084807,2,0.5245475122022865,9,2.3604638049102893,0,0.0,18,4.720927609820579,35.633539665222166,9.345742291176892,25.0,6.556843902528581,43.0,11.27777151234916,16.0,4.196380097618292,60.0,15.736425366068595,5.0,30.0,False,False,False
2020-08-16,4.4346266,1.1630861990852281,1,0.26227375610114323,6,1.5736425366068594,0,0.0,12,3.1472850732137188,6.970902,1.8282846212969162,2,0.5245475122022865,10,2.6227375610114327,0,0.0,18,4.720927609820579,38.6485440826416,10.136498824395025,27.0,7.081391414730867,47.0,12.326866536753732,18.0,4.720927609820579,64.0,16.785520390473167,3.0,33.0,False,False,False
2020-08-17,7.1156635,1.8662518414203078,3,0.7868212683034297,9,2.3604638049102893,0,0.0,19,4.983201365921722,7.5856004,1.9895038349204697,3,0.7868212683034297,11,2.8850113171125757,0,0.0,20,5.2454751220228655,41.95624273681641,11.00402137447615,29.0,7.605938926933154,50.0,13.113687805057163,18.0,4.720927609820579,69.0,18.096889170978883,6.0,39.0,False,False,False
2020-08-18,11.074336,2.9045077098999172,4,1.049095024404573,14,3.6718325854160057,1,0.26227375610114323,29,7.605938926933154,8.261877,2.166873491660226,3,0.7868212683034297,11,2.8850113171125757,1,0.26227375610114323,23,6.0322963903262945,45.587869365692136,11.95650173118832,32.0,8.392760195236583,55.0,14.425056585562878,20.0,5.2454751220228655,78.0,20.457352975889172,19.0,52.0,False,False,False
2020-08-19,12.516939,3.2828647817950696,5,1.3113687805057164,17,4.458653853719436,1,0.26227375610114323,35,9.179581463540014,9.006479,2.362163104407955,3,0.7868212683034297,12,3.1472850732137188,1,0.26227375610114323,24,6.2945701464274375,49.57825644683838,13.003075539258022,34.0,8.917307707438871,61.0,15.99869912216974,21.0,5.507748878124008,85.0,22.29326926859718,18.0,64.0,False,False,False
2020-08-20,12.516245,3.2826825190568343,5,1.3113687805057164,17,4.458653853719436,1,0.26227375610114323,34,8.917307707438871,9.8269615,2.5773540983209386,4,1.049095024404573,13,3.409558829314862,1,0.26227375610114323,28,7.343665170832011,53.96627540779114,14.153937753990137,37.0,9.7041289757423,66.0,17.310067902675453,24.0,6.2945701464274375,98.0,25.702828097912036,12.0,72.0,False,False,False
2020-08-21,12.327827,3.2332656701328233,5,1.3113687805057164,17,4.458653853719436,1,0.26227375610114323,35,9.179581463540014,10.731769,2.8146612748969346,4,1.049095024404573,14,3.6718325854160057,1,0.26227375610114323,28,7.343665170832011,58.79533417701721,15.420473135828225,40.0,10.490950244045731,71.0,18.62143668318117,25.0,6.556843902528581,106.0,27.801018146721184,15.0,78.0,True,False,False
2020-08-22,7.379172,1.93536307051545,2,0.5245475122022865,10,2.6227375610114327,0,0.0,20,5.2454751220228655,11.730361,3.07656591758132,4,1.049095024404573,16,4.196380097618292,1,0.26227375610114323,33,8.655033951337726,64.11394709205628,16.815405722303574,43.0,11.27777151234916,78.0,20.457352975889172,26.0,6.819117658629724,123.0,32.259672000440624,6.0,79.0,True,False,False
2020-08-23,8.6884165,2.278743704664521,3,0.7868212683034297,11,2.8850113171125757,0,0.0,23,6.0322963903262945,12.833326,3.3658445317996666,5,1.3113687805057164,16,4.196380097618292,1,0.26227375610114323,34,8.917307707438871,69.97636415863037,18.352963866185405,46.0,12.064592780652589,84.0,22.03099551249603,29.0,7.605938926933154,132.0,34.620135805350905,12.0,88.0,True,False,False
2020-08-24,13.965405,3.662759263534099,5,1.3113687805057164,19,4.983201365921722,1,0.26227375610114323,39,10.228676487944586,14.0525465,3.685614137793891,5,1.3113687805057164,19,4.983201365921722,1,0.26227375610114323,41,10.753224000146874,76.44330591011047,20.049072969833396,50.0,13.113687805057163,92.0,24.129185561305178,31.0,8.13048643913544,147.0,38.55424214686806,8.0,90.0,True,False,False
2020-08-25,28.180182,7.3909221100620925,10,2.6227375610114327,36,9.441855219641157,3,0.7868212683034297,75,19.670531707585745,15.401328,4.039364284835756,5,1.3113687805057164,21,5.507748878124008,1,0.26227375610114323,39,10.228676487944586,83.58277024269104,21.921567096889444,53.0,13.900509073360592,102.0,26.75192312231661,33.0,8.655033951337726,162.0,42.488348488385206,17.0,88.0,True,False,False
2020-08-26,32.979095,8.649551455164328,11,2.8850113171125757,42,11.015497756248015,4,1.049095024404573,90,23.604638049102896,16.894676,4.431030174600892,6,1.5736425366068594,21,5.507748878124008,1,0.26227375610114323,48,12.589140292854875,91.47096707725525,23.99043410955575,57.0,14.949604097765166,111.0,29.112386927226904,35.0,9.179581463540014,180.0,47.20927609820579,,,False,False,True
2020-08-27,30.092318,7.892425492173061,10,2.6227375610114327,38,9.966402731843443,3,0.7868212683034297,94,24.653733073507464,18.549364,4.865011214860715,6,1.5736425366068594,24,6.2945701464274375,1,0.26227375610114323,59,15.474151609967452,100.19337540626526,26.2780929042531,60.0,15.736425366068595,125.0,32.784219512642906,36.0,9.441855219641157,200.0,52.45475122022865,,,False,False,True
2020-08-28,29.76539,7.806680514477193,10,2.6227375610114327,37,9.7041289757423,2,0.5245475122022865,82,21.506448000293748,20.38431,5.3462696087080985,7,1.8359162927080028,26,6.819117658629724,2,0.5245475122022865,59,15.474151609967452,109.84592538261414,28.809703442504123,65.0,17.04779414657431,138.0,36.19377834195777,37.0,9.7041289757423,230.0,60.32296390326295,,,False,False,True
2020-08-29,15.29417,4.0112594433594495,5,1.3113687805057164,19,4.983201365921722,1,0.26227375610114323,48,12.589140292854875,22.420805,5.880388562218286,7,1.8359162927080028,31,8.13048643913544,2,0.5245475122022865,67,17.572341658776597,120.53636859130859,31.613526137234373,70.0,18.35916292708003,147.0,38.55424214686806,39.0,10.228676487944586,261.0,68.4534503423984,,,False,False,True
2020-08-30,16.109003,4.224968870403245,5,1.3113687805057164,21,5.507748878124008,1,0.26227375610114323,49,12.851414048956018,24.68276,6.473639950854704,8,2.098190048809146,32,8.392760195236583,2,0.5245475122022865,75,19.670531707585745,132.38581086730957,34.72132387066483,74.0,19.4082579514846,166.0,43.53744351278978,43.0,11.27777151234916,297.0,77.89530556203954,,,False,False,True
