,Unnamed: 0,Raw Prediction Mean,Raw Prediction Mean 100k,Raw Prediction Q25,Raw Prediction Q25 100k,Raw Prediction Q75,Raw Prediction Q75 100k,Raw Prediction Q5,Raw Prediction Q5 100k,Raw Prediction Q95,Raw Prediction Q95 100k,Trend Prediction Mean,Trend Prediction Mean 100k,Trend Prediction Q25,Trend Prediction Q25 100k,Trend Prediction Q75,Trend Prediction Q75 100k,Trend Prediction Q5,Trend Prediction Q5 100k,Trend Prediction Q95,Trend Prediction Q95 100k,Trend 7Day Prediction Mean,Trend 7Day Prediction Mean 100k,Trend 7Day Prediction Q25,Trend 7Day Prediction Q25 100k,Trend 7Day Prediction Q75,Trend 7Day Prediction Q75 100k,Trend 7Day Prediction Q5,Trend 7Day Prediction Q5 100k,Trend 7Day Prediction Q95,Trend 7Day Prediction Q95 100k,RKI Meldedaten,RKI 7Day Incidence,is_nowcast,is_high,is_prediction
0,2020-07-31,0.24002288,0.1272689587494824,0,0.0,0,0.0,0,0.0,1,0.5302367507091917,0.21429574,0.1136274818236415,0,0.0,0,0.0,0,0.0,1,0.5302367507091917,,,,,,,,,,,0.0,,False,False,False
1,2020-08-01,0.12349413,0.0654811287859047,0,0.0,0,0.0,0,0.0,1,0.5302367507091917,0.24826969,0.1316417183261364,0,0.0,0,0.0,0,0.0,1,0.5302367507091917,,,,,,,,,,,0.0,,False,False,False
2,2020-08-02,0.13822924,0.0732942226022714,0,0.0,0,0.0,0,0.0,1,0.5302367507091917,0.28842506,0.1529335690975131,0,0.0,0,0.0,0,0.0,2,1.0604735014183837,,,,,,,,,,,0.0,,False,False,False
3,2020-08-03,0.26518062,0.1406085061717021,0,0.0,0,0.0,0,0.0,1,0.5302367507091917,0.33600318,0.1781612354534445,0,0.0,0,0.0,0,0.0,2,1.0604735014183837,,,,,,,,,,,0.0,,False,False,False
4,2020-08-04,0.49584103,0.2629131358844461,0,0.0,1,0.5302367507091917,0,0.0,2,1.0604735014183837,0.392521,0.2081290631394949,0,0.0,1,0.5302367507091917,0,0.0,2,1.0604735014183837,,,,,,,,,,,0.0,,False,False,False
5,2020-08-05,0.68911004,0.3653914745882503,0,0.0,1,0.5302367507091917,0,0.0,3,1.5907102521275749,0.4598285,0.2438179762975778,0,0.0,1,0.5302367507091917,0,0.0,2,1.0604735014183837,,,,,,,,,,,0.0,,False,False,False
6,2020-08-06,0.67334354,0.3570314902390237,0,0.0,1,0.5302367507091917,0,0.0,3,1.5907102521275749,0.5401949,0.2864312136807712,0,0.0,1,0.5302367507091917,0,0.0,2,1.0604735014183837,2.4795390579402445,1.3147427333387651,1.0,0.5302367507091917,4.0,2.120947002836767,0.0,0.0,7.0,3.711657254964341,0.0,0.0,False,False,False
7,2020-08-07,0.75029546,0.3978342192567652,0,0.0,1,0.5302367507091917,0,0.0,3,1.5907102521275749,0.63640714,0.337446454068413,0,0.0,1,0.5302367507091917,0,0.0,3,1.5907102521275749,2.9016503311395647,1.5385616432776927,1.0,0.5302367507091917,4.0,2.120947002836767,0.0,0.0,8.0,4.241894005673534,1.0,1.0,False,False,False
8,2020-08-08,0.43456808,0.2304239615114056,0,0.0,1,0.5302367507091917,0,0.0,2,1.0604735014183837,0.7518977,0.3986837782576913,0,0.0,1,0.5302367507091917,0,0.0,3,1.5907102521275749,3.4052777344882488,1.8056034011974065,1.0,0.5302367507091917,5.0,2.651183753545958,0.0,0.0,9.0,4.772130756382725,1.0,2.0,False,False,False
9,2020-08-09,0.511916,0.271436670118419,0,0.0,1,0.5302367507091917,0,0.0,2,1.0604735014183837,0.8909059,0.4723910478787729,0,0.0,1,0.5302367507091917,0,0.0,3,1.5907102521275749,4.007758727610112,2.12506096535439,2.0,1.0604735014183837,6.0,3.1814205042551498,0.0,0.0,10.0,5.302367507091916,2.0,4.0,False,False,False
10,2020-08-10,0.88778615,0.4707368589151883,0,0.0,1,0.5302367507091917,0,0.0,3,1.5907102521275749,1.058685,0.5613536814053077,0,0.0,2,1.0604735014183837,0,0.0,4,2.120947002836767,4.730440048992634,2.508253161002484,2.0,1.0604735014183837,6.0,3.1814205042551498,1.0,0.5302367507091917,11.0,5.832604257801108,0.0,4.0,False,False,False
11,2020-08-11,1.5551205,0.8245820026786532,0,0.0,2,1.0604735014183837,0,0.0,5,2.651183753545958,1.2617571,0.6690299869660521,0,0.0,2,1.0604735014183837,0,0.0,4,2.120947002836767,5.599677099466324,2.9691545902416947,3.0,1.5907102521275749,8.0,4.241894005673534,1.0,0.5302367507091917,12.0,6.3628410085103,2.0,6.0,False,False,False
12,2020-08-12,2.1984348,1.1656909009616356,1,0.5302367507091917,3,1.5907102521275749,0,0.0,7,3.711657254964341,1.5082535,0.7997314241947606,0,0.0,2,1.0604735014183837,0,0.0,5,2.651183753545958,6.648101027727127,3.525067487328469,4.0,2.120947002836767,9.0,4.772130756382725,2.0,1.0604735014183837,14.0,7.423314509928683,0.0,6.0,False,False,False
13,2020-08-13,2.2398083,1.1876287317136305,1,0.5302367507091917,3,1.5907102521275749,0,0.0,6,3.1814205042551498,1.8083225,0.958839063969208,0,0.0,3,1.5907102521275749,0,0.0,6,3.1814205042551498,7.916228216648101,4.197475127467908,5.0,2.651183753545958,10.0,5.302367507091916,2.0,1.0604735014183837,16.0,8.483788011347068,9.0,15.0,False,True,False
14,2020-08-14,2.628343,1.3936441064288374,1,0.5302367507091917,4,2.120947002836767,0,0.0,8,4.241894005673534,2.174692,1.1531015843502246,0,0.0,3,1.5907102521275749,0,0.0,6,3.1814205042551498,9.454513823986051,5.013130689565499,6.0,3.1814205042551498,12.0,6.3628410085103,3.0,1.5907102521275749,18.0,9.54426151276545,3.0,17.0,False,False,False
15,2020-08-15,1.576224,0.8357718797924463,0,0.0,2,1.0604735014183837,0,0.0,5,2.651183753545958,2.6233578,1.3910006600781344,1,0.5302367507091917,3,1.5907102521275749,0,0.0,7,3.711657254964341,11.32597400188446,6.005447653375997,7.0,3.711657254964341,14.0,7.423314509928683,4.0,2.120947002836767,22.0,11.665208515602217,2.0,18.0,False,False,False
16,2020-08-16,1.9476106,1.032694763125619,0,0.0,3,1.5907102521275749,0,0.0,6,3.1814205042551498,3.174482,1.6832271285238676,1,0.5302367507091917,4,2.120947002836767,0,0.0,10,5.302367507091916,13.609550819396972,7.216284005088667,8.0,4.241894005673534,17.0,9.014024762056255,4.0,2.120947002836767,27.0,14.316392269148176,0.0,16.0,False,False,False
17,2020-08-17,3.5830872,1.89988459169399,1,0.5302367507091917,5,2.651183753545958,0,0.0,10,5.302367507091916,3.8535755,2.043307358690072,1,0.5302367507091917,5,2.651183753545958,0,0.0,12,6.3628410085103,16.404438255786896,8.698236037958003,11.0,5.832604257801108,20.0,10.604735014183833,6.0,3.1814205042551498,32.0,16.967576022694136,3.0,19.0,False,False,False
18,2020-08-18,5.8794227,3.1174859032034874,2,1.0604735014183837,8,4.241894005673534,0,0.0,17,9.014024762056255,4.6929817,2.4883913283701986,2,1.0604735014183837,6,3.1814205042551498,0,0.0,14,7.423314509928683,19.835663856506347,10.51759795143368,13.0,6.893077759219492,24.0,12.7256820170206,7.0,3.711657254964341,39.0,20.679233277658472,2.0,19.0,False,False,False
19,2020-08-19,7.802941,4.137405994697474,3,1.5907102521275749,11,5.832604257801108,0,0.0,23,12.195445266311408,5.733903,3.040326009795536,2,1.0604735014183837,8,4.241894005673534,0,0.0,17,9.014024762056255,24.061314826011657,12.758193391135322,15.0,7.953551260637875,30.0,15.90710252127575,9.0,4.772130756382725,49.0,25.98160078475039,7.0,26.0,False,False,False
20,2020-08-20,9.408609,4.988790533388965,3,1.5907102521275749,13,6.893077759219492,0,0.0,26,13.786155518438983,7.028919,3.72699141735211,2,1.0604735014183837,10,5.302367507091916,0,0.0,20,10.604735014183833,29.2819114112854,15.52634556127437,19.0,10.07449826347464,36.0,19.0885230255309,11.0,5.832604257801108,60.0,31.8142050425515,5.0,22.0,False,False,False
21,2020-08-21,10.451001,5.541505015571602,3,1.5907102521275749,13,6.893077759219492,0,0.0,29,15.376865770566557,8.645394,4.5841057726647705,3,1.5907102521275749,12,6.3628410085103,0,0.0,25,13.255918767729792,35.752612654685976,18.957349163385015,22.0,11.665208515602217,45.0,23.860653781913623,13.0,6.893077759219492,77.0,40.82822980460776,4.0,23.0,True,False,False
22,2020-08-22,7.383697,3.915107663488016,2,1.0604735014183837,10,5.302367507091916,0,0.0,23,12.195445266311408,10.669919,5.657583096763119,3,1.5907102521275749,14,7.423314509928683,1,0.5302367507091917,34,18.028049524112514,43.79917260551453,23.223930966099065,26.0,13.786155518438983,55.0,29.163021289005545,15.0,7.953551260637875,96.0,50.9027280680824,3.0,24.0,True,False,False
23,2020-08-23,9.530549,5.053447239333764,3,1.5907102521275749,12,6.3628410085103,0,0.0,31,16.437339271984943,13.214127,7.006615487625822,4,2.120947002836767,17,9.014024762056255,1,0.5302367507091917,42,22.26994352978605,53.838812975883485,28.547317254372324,31.0,16.437339271984943,68.0,36.05609904822503,18.0,9.54426151276545,127.0,67.34006734006735,2.0,26.0,True,False,False
24,2020-08-24,17.304264,9.175356535706667,5,2.651183753545958,22,11.665208515602217,1,0.5302367507091917,54,28.632784538296352,16.422459,8.707791130291298,5,2.651183753545958,22,11.665208515602217,1,0.5302367507091917,53,28.10254778758716,66.4077031621933,35.21180474678189,36.0,19.0885230255309,85.0,45.070123810281295,21.0,11.134971764893026,159.0,84.30764336276147,4.0,27.0,True,False,False
25,2020-08-25,37.99544,20.14657948166132,12,6.3628410085103,47,24.921127283332005,3,1.5907102521275749,117,62.03769983297542,20.482414,10.860528709599748,6,3.1814205042551498,26,13.786155518438983,1,0.5302367507091917,72,38.1770460510618,82.19712394142151,43.583935916340046,43.0,22.80018028049524,103.0,54.61438532304674,24.0,12.7256820170206,213.0,112.94042790105782,7.0,32.0,True,False,False
26,2020-08-26,51.713966,27.420645346865054,14,7.423314509928683,63,33.40491529467908,3,1.5907102521275749,175,92.79143137410854,25.638136,13.594281335826963,7,3.711657254964341,32,16.967576022694136,2,1.0604735014183837,81,42.94917680744452,102.10134750938415,54.13788674640587,50.0,26.511837535459584,128.0,67.87030409077654,26.0,13.786155518438983,268.0,142.10344919006334,,,False,False,True
27,2020-08-27,53.890984,28.574978932738304,14,7.423314509928683,61,32.34444179326069,4,2.120947002836767,174,92.26119462339936,32.20868,17.078225209843367,8,4.241894005673534,36,19.0885230255309,2,1.0604735014183837,103,54.61438532304674,127.28113301086424,67.4891343942651,58.0,30.753731541133117,157.0,83.24716986134308,31.0,16.437339271984943,359.0,190.3549935045998,,,False,False,True
28,2020-08-28,61.26428,32.48457214795053,14,7.423314509928683,67,35.52586229751584,4,2.120947002836767,217,115.0613749038946,40.61237,21.53417153749615,10,5.302367507091916,44,23.330417031204437,2,1.0604735014183837,126,66.80983058935816,159.2481277141571,84.43920979567703,68.0,36.05609904822503,190.0,100.7449826347464,34.0,18.028049524112514,440.0,233.3041703120444,,,False,False,True
29,2020-08-29,36.206425,19.19797650771216,8,4.241894005673534,40,21.209470028367665,1,0.5302367507091917,138,73.17267159786844,51.399418,27.25386002566665,11,5.832604257801108,57,30.223494790423924,2,1.0604735014183837,170,90.1402476205626,199.9776227226257,106.03548488699369,79.0,41.88870330602614,237.0,125.66610991807843,38.0,20.148996526949283,592.0,313.9001564198415,,,False,False,True
30,2020-08-30,44.0255,23.34393939236179,9,4.772130756382725,44,23.330417031204437,2,1.0604735014183837,158,83.77740661205227,65.295815,34.622239763848484,13,6.893077759219492,73,38.707282801770994,2,1.0604735014183837,245,129.90800392375195,252.05929202461243,133.65109998918976,94.0,49.84225456666401,294.0,155.88960470850236,40.0,21.209470028367665,773.0,409.8730082982052,,,False,False,True
