,Raw Prediction Mean,Raw Prediction Mean 100k,Raw Prediction Q25,Raw Prediction Q25 100k,Raw Prediction Q75,Raw Prediction Q75 100k,Raw Prediction Q5,Raw Prediction Q5 100k,Raw Prediction Q95,Raw Prediction Q95 100k,Trend Prediction Mean,Trend Prediction Mean 100k,Trend Prediction Q25,Trend Prediction Q25 100k,Trend Prediction Q75,Trend Prediction Q75 100k,Trend Prediction Q5,Trend Prediction Q5 100k,Trend Prediction Q95,Trend Prediction Q95 100k,Trend 7Day Prediction Mean,Trend 7Day Prediction Mean 100k,Trend 7Day Prediction Q25,Trend 7Day Prediction Q25 100k,Trend 7Day Prediction Q75,Trend 7Day Prediction Q75 100k,Trend 7Day Prediction Q5,Trend 7Day Prediction Q5 100k,Trend 7Day Prediction Q95,Trend 7Day Prediction Q95 100k,RKI Meldedaten,RKI 7Day Incidence,is_nowcast,is_high,is_prediction
2020-03-16,1.2049665,1.5114415873540565,0,0.0,2,2.508686326405178,0,0.0,4,5.017372652810356,2.1395187,2.6836907636607066,1,1.254343163202589,3,3.7630294896077667,0,0.0,6,7.5260589792155335,,,,,,,,,,,1.0,,False,False,False
2020-03-17,1.728913,2.1686500986106694,0,0.0,2,2.508686326405178,0,0.0,5,6.271715816012945,2.2275305,2.794087595248129,1,1.254343163202589,3,3.7630294896077667,0,0.0,7,8.780402142418122,,,,,,,,,,,1.0,,False,False,False
2020-03-18,2.2107408,2.773027699731756,1,1.254343163202589,3,3.7630294896077667,0,0.0,6,7.5260589792155335,2.3216047,2.912089075834956,1,1.254343163202589,3,3.7630294896077667,0,0.0,7,8.780402142418122,,,,,,,,,,,0.0,,False,False,False
2020-03-19,2.4828155,3.114302671747282,1,1.254343163202589,3,3.7630294896077667,0,0.0,7,8.780402142418122,2.4222047,3.038276008737739,1,1.254343163202589,3,3.7630294896077667,0,0.0,7,8.780402142418122,,,,,,,,,,,5.0,,False,False,False
2020-03-20,2.4541652,3.0783652618993074,1,1.254343163202589,3,3.7630294896077667,0,0.0,7,8.780402142418122,2.5298343,3.173280492774211,1,1.254343163202589,4,5.017372652810356,0,0.0,7,8.780402142418122,,,,,,,,,,,2.0,,False,False,False
2020-03-21,1.9527769,2.449452404107433,0,0.0,3,3.7630294896077667,0,0.0,6,7.5260589792155335,2.645052,3.3178028388647363,1,1.254343163202589,4,5.017372652810356,0,0.0,8,10.034745305620712,,,,,,,,,,,3.0,,False,False,False
2020-03-22,1.2306432,1.5436487956321798,0,0.0,2,2.508686326405178,0,0.0,4,5.017372652810356,2.768449,3.4725850127870217,1,1.254343163202589,4,5.017372652810356,0,0.0,8,10.034745305620712,17.054192379951477,21.391809615733827,12.0,15.052117958431067,21.0,26.34120642725437,7.0,8.780402142418122,32.0,40.13898122248285,1.0,13.0,False,False,False
2020-03-23,2.2517517,2.824469265760854,1,1.254343163202589,3,3.7630294896077667,0,0.0,6,7.5260589792155335,2.9006853,3.6384546547196805,1,1.254343163202589,4,5.017372652810356,0,0.0,8,10.034745305620712,17.815356614112854,22.346570768928483,12.0,15.052117958431067,22.0,27.595549590456955,7.0,8.780402142418122,33.0,41.39332438568544,4.0,16.0,False,False,False
2020-03-24,3.2408583,4.065148459631018,1,1.254343163202589,5,6.271715816012945,0,0.0,9,11.2890884688233,3.0424693,3.8163005228852853,1,1.254343163202589,4,5.017372652810356,0,0.0,8,10.034745305620712,18.63029793357849,23.368786841411502,13.0,16.306461121633657,23.0,28.84989275365955,8.0,10.034745305620712,33.0,41.39332438568544,3.0,18.0,False,False,False
2020-03-25,4.019039,5.041254189563915,2,2.508686326405178,6,7.5260589792155335,0,0.0,11,13.797774795228477,3.1945977,4.007121970062144,1,1.254343163202589,4,5.017372652810356,0,0.0,9,11.2890884688233,19.503288506031037,24.463816597507666,14.0,17.560804284836244,24.0,30.104235916862134,8.0,10.034745305620712,34.0,42.64766754888802,3.0,21.0,False,False,False
2020-03-26,4.318467,5.416839849203825,2,2.508686326405178,6,7.5260589792155335,0,0.0,11,13.797774795228477,3.3579054,4.211965642753057,1,1.254343163202589,5,6.271715816012945,0,0.0,8,10.034745305620712,20.438991198539735,25.637508872646208,15.0,18.815147448038832,25.0,31.358579080064725,9.0,11.2890884688233,35.0,43.902010712090615,6.0,22.0,False,False,False
2020-03-27,4.47123,5.608456922345795,2,2.508686326405178,6,7.5260589792155335,0,0.0,11,13.797774795228477,3.5333436,4.432025161804631,2,2.508686326405178,5,6.271715816012945,0,0.0,9,11.2890884688233,21.44249855041504,26.89625145869453,16.0,20.069490611241424,26.0,32.61292224326731,10.0,12.54343163202589,37.0,46.41069703849579,3.0,23.0,False,False,False
2020-03-28,3.6069548,4.524359246715903,1,1.254343163202589,5,6.271715816012945,0,0.0,10,12.54343163202589,3.7219286,4.668575638788752,2,2.508686326405178,5,6.271715816012945,0,0.0,9,11.2890884688233,22.51937590408325,28.247025204875946,16.0,20.069490611241424,27.0,33.867265406469905,10.0,12.54343163202589,38.0,47.66504020169838,3.0,23.0,False,False,False
2020-03-29,2.2295187,2.7965814297203906,1,1.254343163202589,3,3.7630294896077667,0,0.0,6,7.5260589792155335,3.9247823,4.923023880110122,1,1.254343163202589,5,6.271715816012945,0,0.0,10,12.54343163202589,23.67570941257477,29.697464235634346,18.0,22.5781769376466,28.0,35.12160856967249,11.0,13.797774795228477,38.0,47.66504020169838,2.0,24.0,False,False,False
2020-03-30,4.1027336,5.146235707798041,2,2.508686326405178,6,7.5260589792155335,0,0.0,10,12.54343163202589,4.143136,5.196914207772352,2,2.508686326405178,6,7.5260589792155335,0,0.0,10,12.54343163202589,24.91815888786316,31.255922240586983,19.0,23.83252010084919,30.0,37.630294896077665,12.0,15.052117958431067,40.0,50.17372652810356,2.0,22.0,False,False,False
2020-03-31,5.61468,7.042735524009913,2,2.508686326405178,8,10.034745305620712,1,1.254343163202589,14,17.560804284836244,4.37833,5.491928459377959,2,2.508686326405178,6,7.5260589792155335,0,0.0,10,12.54343163202589,26.254016914367675,32.931546623142225,20.0,25.08686326405178,31.0,38.884638059280256,13.0,16.306461121633657,41.0,51.42806969130614,5.0,24.0,False,False,False
2020-04-01,6.9012156,8.65649271872826,3,3.7630294896077667,10,12.54343163202589,1,1.254343163202589,17,21.32383377444401,4.631854,5.809934373246506,2,2.508686326405178,7,8.780402142418122,0,0.0,12,15.052117958431067,27.691274225234984,34.73436050479157,21.0,26.34120642725437,33.0,41.39332438568544,14.0,17.560804284836244,44.0,55.19109918091391,6.0,27.0,False,False,False
2020-04-02,7.0084615,8.791015716269612,3,3.7630294896077667,9,11.2890884688233,1,1.254343163202589,16,20.069490611241424,4.905324,6.1529593949671835,2,2.508686326405178,7,8.780402142418122,0,0.0,12,15.052117958431067,29.2386924161911,36.67535393323269,22.0,27.595549590456955,35.0,43.902010712090615,14.0,17.560804284836244,47.0,58.95412867052168,7.0,28.0,False,False,False
2020-04-03,7.1491947,8.967543544713408,3,3.7630294896077667,10,12.54343163202589,1,1.254343163202589,18,22.5781769376466,5.2005363,6.523256888613105,2,2.508686326405178,7,8.780402142418122,0,0.0,12,15.052117958431067,30.90588395023346,38.76658423570797,23.0,28.84989275365955,37.0,46.41069703849579,15.0,18.815147448038832,50.0,62.71715816012945,8.0,33.0,False,False,False
2020-04-04,5.985571,7.5079602538608015,3,3.7630294896077667,9,11.2890884688233,1,1.254343163202589,16,20.069490611241424,5.5194507,6.9232854002621025,2,2.508686326405178,8,10.034745305620712,0,0.0,14,17.560804284836244,32.70340432929993,41.02129163390732,24.0,30.104235916862134,39.0,48.91938336490097,16.0,20.069490611241424,54.0,67.73453081293981,9.0,39.0,False,False,False
2020-04-05,3.7221186,4.668813926400617,1,1.254343163202589,5,6.271715816012945,0,0.0,10,12.54343163202589,5.8642287,7.35575522412546,3,3.7630294896077667,8,10.034745305620712,0,0.0,14,17.560804284836244,34.64285001754761,43.45402207336353,25.0,31.358579080064725,42.0,52.68241285450874,16.0,20.069490611241424,59.0,74.00624662895275,2.0,39.0,False,False,False
2020-04-06,7.1646266,8.986900502350181,3,3.7630294896077667,10,12.54343163202589,1,1.254343163202589,20,25.08686326405178,6.2372518,7.8236538683995605,3,3.7630294896077667,9,11.2890884688233,0,0.0,18,22.5781769376466,36.73697055912018,46.08076785760719,26.0,32.61292224326731,45.0,56.4454423441165,16.0,20.069490611241424,65.0,81.53230560816829,2.0,39.0,True,False,False
2020-04-07,9.051031,11.353098670952022,4,5.017372652810356,13,16.306461121633657,1,1.254343163202589,24,30.104235916862134,6.6411557,8.33028825582005,3,3.7630294896077667,10,12.54343163202589,1,1.254343163202589,19,23.83252010084919,38.99979447555542,48.91912556671904,27.0,33.867265406469905,49.0,61.46281499692685,17.0,21.32383377444401,71.0,89.05836458738382,3.0,37.0,True,False,False
2020-04-08,10.832733,13.58796434942633,5,6.271715816012945,14,17.560804284836244,1,1.254343163202589,27,33.867265406469905,7.0788274,8.879278902895749,3,3.7630294896077667,9,11.2890884688233,1,1.254343163202589,19,23.83252010084919,41.44676426506042,51.98846539274792,28.0,35.12160856967249,51.0,63.971501323332035,17.0,21.32383377444401,78.0,97.83876672980195,15.0,46.0,True,False,False
2020-04-09,11.276349,14.14441067026928,4,5.017372652810356,14,17.560804284836244,1,1.254343163202589,31,38.884638059280256,7.5534616,9.474632679484785,3,3.7630294896077667,10,12.54343163202589,1,1.254343163202589,20,25.08686326405178,44.094895964622495,55.310131285353656,29.0,36.37595173287508,55.0,68.98887397614239,17.0,21.32383377444401,86.0,107.87351203542265,5.0,44.0,True,False,False
2020-04-10,9.445487,11.84788197861053,4,5.017372652810356,12,15.052117958431067,1,1.254343163202589,27,33.867265406469905,8.068586,10.120776278199628,3,3.7630294896077667,11,13.797774795228477,1,1.254343163202589,21,26.34120642725437,46.96294752407074,58.90765215066009,30.0,37.630294896077665,59.0,74.00624662895275,18.0,22.5781769376466,95.0,119.16260050424596,7.0,43.0,True,False,False
2020-04-11,7.60363,9.537561709294096,3,3.7630294896077667,11,13.797774795228477,1,1.254343163202589,21,26.34120642725437,8.628114,10.822615149663761,3,3.7630294896077667,11,13.797774795228477,1,1.254343163202589,23,28.84989275365955,50.07161348438263,62.80698604465792,32.0,40.13898122248285,62.0,77.76927611856051,18.0,22.5781769376466,102.0,127.94300264666407,,,False,False,True
2020-04-12,4.744477,5.951202183496207,2,2.508686326405178,7,8.780402142418122,0,0.0,14,17.560804284836244,9.236355,11.585558240767568,3,3.7630294896077667,12,15.052117958431067,1,1.254343163202589,25,31.358579080064725,53.443743138313295,67.03679382149856,32.0,40.13898122248285,66.0,82.78664877137088,18.0,22.5781769376466,110.0,137.97774795228477,,,False,False,True
2020-04-13,9.194327,11.532841745065525,3,3.7630294896077667,12,15.052117958431067,1,1.254343163202589,26,32.61292224326731,9.898086,12.415596575010568,4,5.017372652810356,13,16.306461121633657,1,1.254343163202589,27,33.867265406469905,57.104576802253725,71.62873549948412,34.0,42.64766754888802,71.0,89.05836458738382,19.0,23.83252010084919,119.0,149.26683642110808,,,False,False,True
2020-04-14,13.023347,16.33574574952945,4,5.017372652810356,17,21.32383377444401,1,1.254343163202589,37,46.41069703849579,10.618588,13.319353456608951,4,5.017372652810356,14,17.560804284836244,1,1.254343163202589,29,36.37595173287508,61.08202004146576,76.61781423361609,34.0,42.64766754888802,75.0,94.07573724019417,20.0,25.08686326405178,135.0,169.33632703234952,,,False,False,True
2020-04-15,16.293627,20.43779968516901,6,7.5260589792155335,22,27.595549590456955,1,1.254343163202589,45,56.4454423441165,11.403747,14.304211072158068,4,5.017372652810356,15,18.815147448038832,1,1.254343163202589,35,43.902010712090615,65.40694346618652,82.04275236278932,35.0,43.902010712090615,83.0,104.11048254581489,19.0,23.83252010084919,146.0,183.134101827578,,,False,False,True
