,Unnamed: 0,Raw Prediction Mean,Raw Prediction Mean 100k,Raw Prediction Q25,Raw Prediction Q25 100k,Raw Prediction Q75,Raw Prediction Q75 100k,Raw Prediction Q5,Raw Prediction Q5 100k,Raw Prediction Q95,Raw Prediction Q95 100k,Trend Prediction Mean,Trend Prediction Mean 100k,Trend Prediction Q25,Trend Prediction Q25 100k,Trend Prediction Q75,Trend Prediction Q75 100k,Trend Prediction Q5,Trend Prediction Q5 100k,Trend Prediction Q95,Trend Prediction Q95 100k,Trend 7Day Prediction Mean,Trend 7Day Prediction Mean 100k,Trend 7Day Prediction Q25,Trend 7Day Prediction Q25 100k,Trend 7Day Prediction Q75,Trend 7Day Prediction Q75 100k,Trend 7Day Prediction Q5,Trend 7Day Prediction Q5 100k,Trend 7Day Prediction Q95,Trend 7Day Prediction Q95 100k,RKI Meldedaten,RKI 7Day Incidence,is_nowcast,is_high,is_prediction
0,2020-03-30,11.227591,8.44776805024594,5,3.762057393947602,15,11.286172181842806,2,1.5048229575790408,29,21.81993288489609,17.98071,13.528892304748297,9,6.771703309105684,24,18.05787549094849,3,2.257234436368561,43,32.35369358794938,,,,,,,,,,,12.0,,False,False,False
1,2020-03-31,16.212858,12.198740296298638,9,6.771703309105684,23,17.30546401215897,3,2.257234436368561,39,29.34404767279129,15.711231,11.821310908999294,8,6.019291830316163,21,15.800641054579929,2,1.5048229575790408,37,27.839224715212254,,,,,,,,,,,10.0,,False,False,False
2,2020-04-01,18.120802,13.634299102704972,9,6.771703309105684,25,18.81028696973801,3,2.257234436368561,43,32.35369358794938,13.738964,10.337354615330696,6,4.5144688727371225,17,12.790995139421849,2,1.5048229575790408,30,22.57234436368561,,,,,,,,,,,29.0,,False,False,False
3,2020-04-02,15.082809,11.348479165462775,7,5.266880351526643,20,15.048229575790408,3,2.257234436368561,35,26.334401757633213,12.023675,9.046751074492931,6,4.5144688727371225,15,11.286172181842806,2,1.5048229575790408,27,20.315109927317053,,,,,,,,,,,21.0,,False,False,False
4,2020-04-03,13.15173,9.89551263046451,6,4.5144688727371225,18,13.543406618211367,2,1.5048229575790408,31,23.32475584247513,10.53077,7.923472730908543,5,3.762057393947602,15,11.286172181842806,1,0.7524114787895204,25,18.81028696973801,,,,,,,,,,,15.0,,False,False,False
5,2020-04-04,9.627846,7.244102016557008,5,3.762057393947602,13,9.781349224263764,1,0.7524114787895204,22,16.55305253336945,9.230415,6.945070344954729,4,3.0096459151580817,12,9.028937745474243,1,0.7524114787895204,21,15.800641054579929,,,,,,,,,,,7.0,,False,False,False
6,2020-04-05,5.3183575,4.001593333669007,2,1.5048229575790408,8,6.019291830316163,0,0.0,13,9.781349224263764,8.096923,6.092217881814577,4,3.0096459151580817,11,8.276526266684725,1,0.7524114787895204,21,15.800641054579929,87.31267737197876,65.69506069852284,65.0,48.906746121318825,103.0,77.4983823153206,46.0,34.61092802431794,139.0,104.58519555174334,3.0,97.0,False,False,False
7,2020-04-06,5.4279203,4.084029569639824,2,1.5048229575790408,8,6.019291830316163,0,0.0,13,9.781349224263764,7.1081367,5.3482435760088265,3,2.257234436368561,10,7.524114787895204,1,0.7524114787895204,17,12.790995139421849,76.44011457061768,57.51441964291881,58.0,43.63986576979219,89.0,66.96462161226731,39.0,29.34404767279129,121.0,91.04178893353198,5.0,90.0,False,False,False
8,2020-04-07,7.7836776,5.856528514414094,4,3.0096459151580817,11,8.276526266684725,1,0.7524114787895204,18,13.543406618211367,6.244943,4.698766861110926,3,2.257234436368561,8,6.019291830316163,0,0.0,15,11.286172181842806,66.97382391357422,50.391873891001325,51.0,38.37298541826554,78.0,58.68809534558259,35.0,26.334401757633213,104.0,78.25079379411012,7.0,87.0,False,False,False
9,2020-04-08,8.3551855,6.286537245614454,4,3.0096459151580817,11,8.276526266684725,1,0.7524114787895204,20,15.048229575790408,5.490813,4.13135057897307,2,1.5048229575790408,8,6.019291830316163,1,0.7524114787895204,14,10.533760703053286,58.725675369262696,44.18587224750026,45.0,33.858516545528424,68.0,51.16398055768739,31.0,23.32475584247513,93.0,69.9742675274254,4.0,62.0,False,False,False
10,2020-04-09,6.7330437,5.066019366495311,3,2.257234436368561,9,6.771703309105684,1,0.7524114787895204,17,12.790995139421849,4.831488,3.635267057688907,2,1.5048229575790408,7,5.266880351526643,0,0.0,12,9.028937745474243,51.533481010437015,38.77438265423458,40.0,30.096459151580817,61.0,45.89710020616074,28.0,21.06752140610657,81.0,60.94532978195115,0.0,41.0,False,False,False
11,2020-04-10,5.6160207,4.225558586767875,2,1.5048229575790408,8,6.019291830316163,0,0.0,14,10.533760703053286,4.254604,3.201212894055061,2,1.5048229575790408,6,4.5144688727371225,0,0.0,10,7.524114787895204,45.25731807136536,34.05212561612369,35.0,26.334401757633213,53.0,39.87780837584459,24.0,18.05787549094849,72.0,54.17362647284547,0.0,26.0,False,False,False
12,2020-04-11,3.8342838,2.8849592126789503,2,1.5048229575790408,5,3.762057393947602,0,0.0,9,6.771703309105684,3.7494757,2.821148518705741,2,1.5048229575790408,5,3.762057393947602,0,0.0,10,7.524114787895204,39.77638722229004,29.92821033082783,30.0,22.57234436368561,48.0,36.11575098189698,21.0,15.800641054579929,64.0,48.15433464252931,14.0,33.0,False,True,False
13,2020-04-12,2.0150883,1.5161755982262548,1,0.7524114787895204,3,2.257234436368561,0,0.0,6,4.5144688727371225,3.306855,2.488115569576621,1,0.7524114787895204,5,3.762057393947602,0,0.0,9,6.771703309105684,34.98632461166382,26.324112238472164,26.0,19.56269844852753,42.0,31.601282109159857,18.0,13.543406618211367,56.0,42.13504281221314,1.0,31.0,False,False,False
14,2020-04-13,2.1136181,1.5903106032055805,1,0.7524114787895204,3,2.257234436368561,0,0.0,6,4.5144688727371225,2.9187148,2.196074456151109,1,0.7524114787895204,4,3.0096459151580817,0,0.0,7,5.266880351526643,30.79690005493164,23.17194111246418,23.0,17.30546401215897,37.0,27.839224715212254,15.0,11.286172181842806,50.0,37.62057393947602,1.0,27.0,False,False,False
15,2020-04-14,2.844964,2.140583637810778,1,0.7524114787895204,4,3.0096459151580817,0,0.0,8,6.019291830316163,2.5780954,1.9397886717342767,1,0.7524114787895204,4,3.0096459151580817,0,0.0,7,5.266880351526643,27.130049492836,20.41296065853761,20.0,15.048229575790408,33.0,24.82957880005417,13.0,9.781349224263764,45.0,33.858516545528424,3.0,23.0,False,False,False
16,2020-04-15,3.1898139,2.400052471784875,1,0.7524114787895204,5,3.762057393947602,0,0.0,8,6.019291830316163,2.2789555,1.7147121980087832,1,0.7524114787895204,3,2.257234436368561,0,0.0,6,4.5144688727371225,23.918184761047364,17.99631676602062,18.0,13.543406618211367,29.0,21.81993288489609,11.0,8.276526266684725,39.0,29.34404767279129,1.0,20.0,False,False,False
17,2020-04-16,2.821652,2.123043304891325,1,0.7524114787895204,4,3.0096459151580817,0,0.0,8,6.019291830316163,2.0160527,1.5169011930993292,1,0.7524114787895204,3,2.257234436368561,0,0.0,7,5.266880351526643,21.102748536109925,15.877950232577856,15.0,11.286172181842806,25.0,18.81028696973801,10.0,7.524114787895204,37.0,27.839224715212254,2.0,22.0,False,False,False
18,2020-04-17,2.1062365,1.5847565009607931,1,0.7524114787895204,3,2.257234436368561,0,0.0,6,4.5144688727371225,1.7848239,1.342921950708842,0,0.0,3,2.257234436368561,0,0.0,5,3.762057393947602,18.632970176696777,14.019660644889454,13.0,9.781349224263764,23.0,17.30546401215897,8.0,6.019291830316163,33.0,24.82957880005417,7.0,29.0,False,True,False
19,2020-04-18,1.4402846,1.0836866749741605,0,0.0,2,1.5048229575790408,0,0.0,5,3.762057393947602,1.5813067,1.1897933291038498,0,0.0,2,1.5048229575790408,0,0.0,5,3.762057393947602,16.464799421787262,12.388304080919792,11.0,8.276526266684725,20.0,15.048229575790408,7.0,5.266880351526643,30.0,22.57234436368561,1.0,16.0,False,False,False
20,2020-04-19,0.80183357,0.6033087629475631,0,0.0,1,0.7524114787895204,0,0.0,3,2.257234436368561,1.4020451,1.0549148100835737,0,0.0,2,1.5048229575790408,0,0.0,5,3.762057393947602,14.559989609718322,10.955103313408214,10.0,7.524114787895204,18.0,13.543406618211367,6.0,4.5144688727371225,27.0,20.315109927317053,0.0,15.0,False,False,False
21,2020-04-20,0.8825754,0.6640598712692736,0,0.0,1,0.7524114787895204,0,0.0,3,2.257234436368561,1.2440352,0.936026390263578,0,0.0,2,1.5048229575790408,0,0.0,4,3.0096459151580817,12.885311464786527,9.695056253883592,8.0,6.019291830316163,16.0,12.038583660632328,4.0,3.0096459151580817,25.0,18.81028696973801,0.0,14.0,True,False,False
22,2020-04-21,1.2050166,0.9066683560376988,0,0.0,2,1.5048229575790408,0,0.0,4,3.0096459151580817,1.1046546,0.8311547389894258,0,0.0,2,1.5048229575790408,0,0.0,4,3.0096459151580817,11.411872311353685,8.586423721542808,7.0,5.266880351526643,15.0,11.286172181842806,3.0,2.257234436368561,22.0,16.55305253336945,3.0,14.0,True,False,False
23,2020-04-22,1.3092312,0.985080532700522,0,0.0,2,1.5048229575790408,0,0.0,4,3.0096459151580817,0.9816159,0.738579092285363,0,0.0,2,1.5048229575790408,0,0.0,4,3.0096459151580817,10.114533999681472,7.610291483967219,6.0,4.5144688727371225,13.0,9.781349224263764,3.0,2.257234436368561,20.0,15.048229575790408,0.0,13.0,True,False,False
24,2020-04-23,1.208746,0.9094743290916084,0,0.0,2,1.5048229575790408,0,0.0,4,3.0096459151580817,0.8729269,0.6568001936102519,0,0.0,1,0.7524114787895204,0,0.0,3,2.257234436368561,8.97140878891945,6.750190953696183,5.0,3.762057393947602,12.0,9.028937745474243,2.0,1.5048229575790408,18.0,13.543406618211367,1.0,12.0,True,False,False
25,2020-04-24,0.94355583,0.7099422418832546,0,0.0,1,0.7524114787895204,0,0.0,3,2.257234436368561,0.7768419,0.5845047326147323,0,0.0,1,0.7524114787895204,0,0.0,3,2.257234436368561,7.963426386594772,5.99177342376926,5.0,3.762057393947602,11.0,8.276526266684725,2.0,1.5048229575790408,17.0,12.790995139421849,1.0,6.0,True,False,False
26,2020-04-25,0.6032356,0.453881375506171,0,0.0,1,0.7524114787895204,0,0.0,2,1.5048229575790408,0.69183946,0.5205479283176828,0,0.0,1,0.7524114787895204,0,0.0,3,2.257234436368561,7.073959648966789,5.322528440376498,4.0,3.0096459151580817,10.0,7.524114787895204,1.0,0.7524114787895204,16.0,12.038583660632328,,,False,False,True
27,2020-04-26,0.3301216,0.248387277679285,0,0.0,1,0.7524114787895204,0,0.0,2,1.5048229575790408,0.6165865,0.463926744487253,0,0.0,1,0.7524114787895204,0,0.0,3,2.257234436368561,6.288500952363014,4.7315403009367625,3.0,2.257234436368561,9.0,6.771703309105684,1.0,0.7524114787895204,14.0,10.533760703053286,,,False,False,True
28,2020-04-27,0.36540082,0.2749317673078622,0,0.0,1,0.7524114787895204,0,0.0,2,1.5048229575790408,0.549918,0.4137646101298742,0,0.0,1,0.7524114787895204,0,0.0,2,1.5048229575790408,5.594383688926697,4.209278504301309,3.0,2.257234436368561,8.0,6.019291830316163,1.0,0.7524114787895204,13.0,9.781349224263764,,,False,False,True
29,2020-04-28,0.49489066,0.3723614099726546,0,0.0,1,0.7524114787895204,0,0.0,2,1.5048229575790408,0.49081096,0.3692917971420684,0,0.0,1,0.7524114787895204,0,0.0,2,1.5048229575790408,4.980540968298912,3.7474161951295737,2.0,1.5048229575790408,7.0,5.266880351526643,1.0,0.7524114787895204,12.0,9.028937745474243,,,False,False,True
30,2020-04-29,0.5607473,0.4219127276883228,0,0.0,1,0.7524114787895204,0,0.0,2,1.5048229575790408,0.43837178,0.3298359615655499,0,0.0,1,0.7524114787895204,0,0.0,2,1.5048229575790408,4.437296512424946,3.338672830741235,2.0,1.5048229575790408,6.0,4.5144688727371225,0.0,0.0,11.0,8.276526266684725,,,False,False,True
