,Raw Prediction Mean,Raw Prediction Mean 100k,Raw Prediction Q25,Raw Prediction Q25 100k,Raw Prediction Q75,Raw Prediction Q75 100k,Raw Prediction Q5,Raw Prediction Q5 100k,Raw Prediction Q95,Raw Prediction Q95 100k,Trend Prediction Mean,Trend Prediction Mean 100k,Trend Prediction Q25,Trend Prediction Q25 100k,Trend Prediction Q75,Trend Prediction Q75 100k,Trend Prediction Q5,Trend Prediction Q5 100k,Trend Prediction Q95,Trend Prediction Q95 100k,Trend 7Day Prediction Mean,Trend 7Day Prediction Mean 100k,Trend 7Day Prediction Q25,Trend 7Day Prediction Q25 100k,Trend 7Day Prediction Q75,Trend 7Day Prediction Q75 100k,Trend 7Day Prediction Q5,Trend 7Day Prediction Q5 100k,Trend 7Day Prediction Q95,Trend 7Day Prediction Q95 100k,RKI Meldedaten,RKI 7Day Incidence,is_nowcast,is_high,is_prediction
2021-07-21,2.0315738,1.6261696146102622,0,0.0,3,2.4013447530617147,0,0.0,6,4.802689506123429,1.5645696,1.2523570148914587,0,0.0,2,1.600896502041143,0,0.0,5,4.002241255102858,,,,,,,,,,,2.0,,False,False,False
2021-07-22,2.2420464,1.7946420484804548,1,0.8004482510205715,3,2.4013447530617147,0,0.0,6,4.802689506123429,1.6519915,1.3223337191448081,0,0.0,2,1.600896502041143,0,0.0,5,4.002241255102858,,,,,,,,,,,2.0,,False,False,False
2021-07-23,1.8766388,1.5021521903690882,0,0.0,3,2.4013447530617147,0,0.0,5,4.002241255102858,1.7457979,1.3974208741274197,0,0.0,3,2.4013447530617147,0,0.0,5,4.002241255102858,,,,,,,,,,,1.0,,False,False,False
2021-07-24,1.3635328,1.0914373888226692,0,0.0,2,1.600896502041143,0,0.0,4,3.201793004082286,1.8465209,1.4780443962081335,0,0.0,3,2.4013447530617147,0,0.0,6,4.802689506123429,,,,,,,,,,,2.0,,False,False,False
2021-07-25,1.0496691,0.8402058483625297,0,0.0,2,1.600896502041143,0,0.0,3,2.4013447530617147,1.9547414,1.564669219078496,1,0.8004482510205715,3,2.4013447530617147,0,0.0,6,4.802689506123429,,,,,,,,,,,0.0,,False,False,False
2021-07-26,1.2594978,1.0081627806357574,0,0.0,2,1.600896502041143,0,0.0,4,3.201793004082286,2.071098,1.6578069335082546,1,0.8004482510205715,3,2.4013447530617147,0,0.0,6,4.802689506123429,,,,,,,,,,,7.0,,False,True,False
2021-07-27,3.617079,2.895284524129238,1,0.8004482510205715,5,4.002241255102858,0,0.0,10,8.004482510205715,2.1962855,1.7580128769623116,1,0.8004482510205715,3,2.4013447530617147,0,0.0,6,4.802689506123429,13.031006040096283,10.430645993833574,9.0,7.204034259185144,16.0,12.807172016329144,5.0,4.002241255102858,24.0,19.210758024493717,3.0,17.0,False,False,False
2021-07-28,2.9976523,2.3994654839043505,1,0.8004482510205715,4,3.201793004082286,0,0.0,8,6.403586008164572,2.3310673,1.8658987755770795,1,0.8004482510205715,4,3.201793004082286,0,0.0,7,5.603137757144001,13.797504422187805,11.044188283188829,9.0,7.204034259185144,17.0,13.607620267349716,5.0,4.002241255102858,25.0,20.01120627551429,1.0,16.0,False,False,False
2021-07-29,3.59014,2.8737213142449036,2,1.600896502041143,5,4.002241255102858,0,0.0,10,8.004482510205715,2.47628,1.9821340174530633,1,0.8004482510205715,4,3.201793004082286,0,0.0,7,5.603137757144001,14.62179254436493,11.70398826892254,10.0,8.004482510205715,18.0,14.408068518370287,6.0,4.802689506123429,27.0,21.61210277755543,1.0,15.0,False,False,False
2021-07-30,2.9897075,2.393106115050614,1,0.8004482510205715,4,3.201793004082286,0,0.0,8,6.403586008164572,2.632844,2.107455293298699,1,0.8004482510205715,4,3.201793004082286,0,0.0,7,5.603137757144001,15.508835099220276,12.414019930537322,11.0,8.804930761226286,19.0,15.208516769390858,7.0,5.603137757144001,28.0,22.412551028576004,2.0,16.0,False,False,False
2021-07-31,2.0831988,1.667492870183196,1,0.8004482510205715,3,2.4013447530617147,0,0.0,6,4.802689506123429,2.801755,2.2426598661695607,1,0.8004482510205715,4,3.201793004082286,0,0.0,7,5.603137757144001,16.464070338726042,13.178636307312928,12.0,9.605379012246859,20.0,16.00896502041143,7.0,5.603137757144001,29.0,23.212999279596573,1.0,15.0,False,False,False
2021-08-01,1.5961766,1.277656792808557,0,0.0,3,2.4013447530617147,0,0.0,5,4.002241255102858,2.9841313,2.388642678852193,1,0.8004482510205715,4,3.201793004082286,0,0.0,8,6.403586008164572,17.49345898914337,14.002608652159907,13.0,10.40582726326743,21.0,16.809413271432,8.0,6.403586008164572,30.0,24.013447530617146,3.0,18.0,False,False,False
2021-08-02,1.9263133,1.5419140254380181,1,0.8004482510205715,3,2.4013447530617147,0,0.0,6,4.802689506123429,3.1811752,2.546366158640012,1,0.8004482510205715,5,4.002241255102858,0,0.0,8,6.403586008164572,18.6035382604599,14.891169663379413,14.0,11.206275514288002,23.0,18.410309773473145,9.0,7.204034259185144,32.0,25.614344032658288,0.0,11.0,False,False,False
2021-08-03,5.7371097,4.592259574565105,3,2.4013447530617147,8,6.403586008164572,1,0.8004482510205715,14,11.206275514288002,3.3942308,2.716906055866275,1,0.8004482510205715,5,4.002241255102858,0,0.0,9,7.204034259185144,19.80148220348358,15.850061797393405,15.0,12.006723765308573,25.0,20.01120627551429,10.0,8.004482510205715,33.0,26.41479228367886,5.0,13.0,False,False,False
2021-08-04,4.7221546,3.7798403354827315,2,1.600896502041143,6,4.802689506123429,0,0.0,11,8.804930761226286,3.624753,2.9014272513450123,1,0.8004482510205715,5,4.002241255102858,0,0.0,9,7.204034259185144,21.09516903400421,16.88559115825199,16.0,12.807172016329144,26.0,20.81165452653486,10.0,8.004482510205715,36.0,28.816137036740574,3.0,15.0,False,False,False
2021-08-05,5.4717603,4.379860911285505,2,1.600896502041143,8,6.403586008164572,0,0.0,13,10.40582726326743,3.874367,3.1012303224997595,2,1.600896502041143,6,4.802689506123429,0,0.0,9,7.204034259185144,22.493255146026613,18.004686741396473,17.0,13.607620267349716,27.0,21.61210277755543,10.0,8.004482510205715,38.0,30.417033538781716,1.0,15.0,False,False,False
2021-08-06,4.693554,3.756946898647584,2,1.600896502041143,6,4.802689506123429,0,0.0,13,10.40582726326743,4.144844,3.317733353469521,2,1.600896502041143,6,4.802689506123429,0,0.0,11,8.804930761226286,24.005257979393004,19.21496676490275,18.0,14.408068518370287,29.0,23.212999279596573,11.0,8.804930761226286,39.0,31.21748178980229,9.0,22.0,False,False,False
2021-08-07,3.1818264,2.546887299104128,1,0.8004482510205715,4,3.201793004082286,0,0.0,8,6.403586008164572,4.4381456,3.552505950210616,2,1.600896502041143,6,4.802689506123429,0,0.0,11,8.804930761226286,25.641648235321046,20.524812483247455,19.0,15.208516769390858,31.0,24.81389578163772,12.0,9.605379012246859,43.0,34.419274793884576,2.0,23.0,False,False,False
2021-08-08,2.5297222,2.0249117369530722,1,0.8004482510205715,3,2.4013447530617147,0,0.0,7,5.603137757144001,4.756434,3.80727942683734,2,1.600896502041143,6,4.802689506123429,0,0.0,12,9.605379012246859,27.41395196914673,21.943449907265453,20.0,16.00896502041143,33.0,26.41479228367886,13.0,10.40582726326743,47.0,37.621067797966866,3.0,23.0,False,False,False
2021-08-09,3.1015885,2.4826611479511485,1,0.8004482510205715,4,3.201793004082286,0,0.0,8,6.403586008164572,5.102088,4.083957537659444,2,1.600896502041143,7,5.603137757144001,0,0.0,13,10.40582726326743,29.33486632156372,23.481042441017944,22.0,17.609861522452572,36.0,28.816137036740574,13.0,10.40582726326743,51.0,40.82286080204915,4.0,27.0,False,False,False
2021-08-10,9.033234,7.230636401800439,4,3.201793004082286,12,9.605379012246859,1,0.8004482510205715,23,18.410309773473145,5.4777503,4.384655767353252,2,1.600896502041143,7,5.603137757144001,0,0.0,14,11.206275514288002,31.41838604259491,25.14879215768423,23.0,18.410309773473145,38.0,30.417033538781716,14.0,11.206275514288002,54.0,43.22420555511086,11.0,33.0,False,False,False
2021-08-11,7.6788945,6.146558007458225,3,2.4013447530617147,10,8.004482510205715,1,0.8004482510205715,19,15.208516769390858,5.8863153,4.711690780823119,2,1.600896502041143,8,6.403586008164572,0,0.0,16,12.807172016329144,33.67994474411011,26.959052864892428,24.0,19.210758024493717,41.0,32.81837829184343,15.0,12.006723765308573,59.0,47.22644681021372,6.0,36.0,True,False,False
2021-08-12,8.487026,6.7934255639556795,4,3.201793004082286,12,9.605379012246859,1,0.8004482510205715,21,16.809413271432,6.3309956,5.067634265287779,3,2.4013447530617147,8,6.403586008164572,1,0.8004482510205715,16,12.807172016329144,36.13657602787018,28.925459079380595,25.0,20.01120627551429,44.0,35.219723044905145,16.0,12.807172016329144,64.0,51.228688065316575,2.0,37.0,True,False,False
2021-08-13,7.5963597,6.080493039917201,3,2.4013447530617147,10,8.004482510205715,1,0.8004482510205715,21,16.809413271432,6.8153496,5.455334758153185,3,2.4013447530617147,9,7.204034259185144,0,0.0,18,14.408068518370287,38.80708697223663,31.063064894130015,26.0,20.81165452653486,48.0,38.421516048987435,17.0,13.607620267349716,72.0,57.63227407348115,7.0,35.0,True,False,False
2021-08-14,5.5529013,4.444810110726394,2,1.600896502041143,8,6.403586008164572,0,0.0,15,12.006723765308573,7.343321,5.877948206034489,3,2.4013447530617147,10,8.004482510205715,1,0.8004482510205715,20,16.00896502041143,41.71226024723053,33.38850576101059,28.0,22.412551028576004,51.0,40.82286080204915,18.0,14.408068518370287,77.0,61.63451532858401,5.0,38.0,True,False,False
2021-08-15,4.1832995,3.3485146559542045,1,0.8004482510205715,6,4.802689506123429,0,0.0,12,9.605379012246859,7.919246,6.338946695905179,3,2.4013447530617147,11,8.804930761226286,1,0.8004482510205715,22,17.609861522452572,44.875070520401,35.92017171247979,29.0,23.212999279596573,55.0,44.02465380613143,18.0,14.408068518370287,90.0,72.04034259185143,0.0,35.0,True,False,False
2021-08-16,5.2357583,4.190953404759057,2,1.600896502041143,7,5.603137757144001,0,0.0,15,12.006723765308573,8.547961,6.8422006734181195,3,2.4013447530617147,11,8.804930761226286,1,0.8004482510205715,23,18.410309773473145,48.3209342842102,38.67840733547603,31.0,24.81389578163772,59.0,47.22644681021372,19.0,15.208516769390858,97.0,77.64348034899544,,,False,False,True
2021-08-17,16.128984,12.910416990052909,7,5.603137757144001,22,17.609861522452572,2,1.600896502041143,42,33.618826542864,9.234801,7.391980761894956,4,3.201793004082286,12,9.605379012246859,1,0.8004482510205715,25,20.01120627551429,52.0779881772995,41.685734553189384,32.0,25.614344032658288,64.0,51.228688065316575,20.0,16.00896502041143,110.0,88.04930761226287,,,False,False,True
2021-08-18,13.795167,11.042317055398598,6,4.802689506123429,18,14.408068518370287,2,1.600896502041143,37,29.616585287761144,9.985718,7.993050530785695,4,3.201793004082286,13,10.40582726326743,1,0.8004482510205715,27,21.61210277755543,56.177392013549806,44.96709518414297,34.0,27.215240534699433,69.0,55.23092932041944,19.0,15.208516769390858,125.0,100.05603137757143,,,False,False,True
2021-08-19,16.098713,12.886186596006155,6,4.802689506123429,20,16.00896502041143,2,1.600896502041143,47,37.621067797966866,10.807294,8.650679228594527,4,3.201793004082286,14,11.206275514288002,1,0.8004482510205715,32,25.614344032658288,60.65368194675445,48.55013363223762,36.0,28.816137036740574,75.0,60.03361882654287,21.0,16.809413271432,137.0,109.66141038981829,,,False,False,True
2021-08-20,13.555054,10.850118997041136,5,4.002241255102858,18,14.408068518370287,1,0.8004482510205715,37,29.616585287761144,11.706835,9.370715270051733,4,3.201793004082286,15,12.006723765308573,1,0.8004482510205715,34,27.215240534699433,65.54515255784989,52.46550272780748,37.0,29.616585287761144,80.0,64.03586008164572,22.0,17.609861522452572,143.0,114.46409989594173,,,False,False,True
