,Unnamed: 0,Raw Prediction Mean,Raw Prediction Mean 100k,Raw Prediction Q25,Raw Prediction Q25 100k,Raw Prediction Q75,Raw Prediction Q75 100k,Raw Prediction Q5,Raw Prediction Q5 100k,Raw Prediction Q95,Raw Prediction Q95 100k,Trend Prediction Mean,Trend Prediction Mean 100k,Trend Prediction Q25,Trend Prediction Q25 100k,Trend Prediction Q75,Trend Prediction Q75 100k,Trend Prediction Q5,Trend Prediction Q5 100k,Trend Prediction Q95,Trend Prediction Q95 100k,Trend 7Day Prediction Mean,Trend 7Day Prediction Mean 100k,Trend 7Day Prediction Q25,Trend 7Day Prediction Q25 100k,Trend 7Day Prediction Q75,Trend 7Day Prediction Q75 100k,Trend 7Day Prediction Q5,Trend 7Day Prediction Q5 100k,Trend 7Day Prediction Q95,Trend 7Day Prediction Q95 100k,RKI Meldedaten,RKI 7Day Incidence,is_nowcast,is_high,is_prediction
0,2020-04-19,6.1131015,4.674625597544946,2,1.5293793778484692,9,6.882207200318112,0,0.0,16,12.235035022787754,12.551787,9.598222095519304,6,4.588138133545408,17,12.999724711711986,1,0.7646896889242346,35,26.764139112348207,,,,,,,,,,,5.0,,False,False,False
1,2020-04-20,8.486976,6.489902443718165,3,2.294069066772704,11,8.411586578166581,1,0.7646896889242346,24,18.35255253418163,10.335862,7.903727237135172,4,3.0587587556969384,14,10.705655644939284,1,0.7646896889242346,28,21.41131128987857,,,,,,,,,,,7.0,,False,False,False
2,2020-04-21,10.818834,8.273051207652315,4,3.0587587556969384,14,10.705655644939284,1,0.7646896889242346,29,22.1760009788028,8.526743,6.520312308566645,3,2.294069066772704,12,9.176276267090817,1,0.7646896889242346,25,19.117242223105865,,,,,,,,,,,5.0,,False,False,False
3,2020-04-22,11.0366955,8.43964735395275,4,3.0587587556969384,15,11.470345333863518,1,0.7646896889242346,30,22.94069066772704,7.0470676,5.388820136431605,3,2.294069066772704,10,7.646896889242346,1,0.7646896889242346,20,15.293793778484693,,,,,,,,,,,16.0,,False,False,False
4,2020-04-23,8.287629,6.33746458333917,3,2.294069066772704,11,8.411586578166581,1,0.7646896889242346,21,16.058483467408927,5.8346615,4.461705611902289,2,1.5293793778484692,8,6.117517511393877,0,0.0,16,12.235035022787754,,,,,,,,,,,5.0,,False,False,False
5,2020-04-24,5.8145843,4.446352613740601,2,1.5293793778484692,8,6.117517511393877,0,0.0,16,12.235035022787754,4.839468,3.700691377162002,2,1.5293793778484692,7,5.352827822469642,0,0.0,13,9.94096595601505,,,,,,,,,,,15.0,,False,True,False
6,2020-04-25,3.300466,2.5238323360099457,1,0.7646896889242346,5,3.823448444621173,0,0.0,10,7.646896889242346,4.0211277,3.0749150027986616,1,0.7646896889242346,6,4.588138133545408,0,0.0,12,9.176276267090817,53.15670634651184,40.64838524035102,37.0,28.29351849019668,65.0,49.70482978007525,23.0,17.587862845257394,102.0,77.99834827027192,6.0,59.0,False,False,False
7,2020-04-26,1.6149939,1.2349692042334937,0,0.0,2,1.5293793778484692,0,0.0,5,3.823448444621173,3.3470414,2.559447966632433,1,0.7646896889242346,5,3.823448444621173,0,0.0,10,7.646896889242346,43.951954015731815,33.609606043902225,30.0,22.94069066772704,54.0,41.293243201908666,19.0,14.529104089560455,79.0,60.41048542501453,0.0,54.0,False,False,False
8,2020-04-27,2.402113,1.836870978877414,1,0.7646896889242346,3,2.294069066772704,0,0.0,7,5.352827822469642,2.7907925,2.134090209438,1,0.7646896889242346,4,3.0587587556969384,0,0.0,8,6.117517511393877,36.40689463806152,27.83997693547665,26.0,19.8819319120301,46.0,35.17572569051479,16.0,12.235035022787754,64.0,48.940140091151015,1.0,48.0,False,False,False
9,2020-04-28,2.9149156,2.229005804110784,1,0.7646896889242346,4,3.0587587556969384,0,0.0,8,6.117517511393877,2.3310058,1.782496110536158,1,0.7646896889242346,3,2.294069066772704,0,0.0,7,5.352827822469642,30.21116308116913,23.10216489857854,21.0,16.058483467408927,38.0,29.05820817912091,13.0,9.94096595601505,53.0,40.52855351298443,2.0,45.0,False,False,False
10,2020-04-29,2.7379818,2.0937064618919976,1,0.7646896889242346,4,3.0587587556969384,0,0.0,7,5.352827822469642,1.9503002,1.4913744962541386,0,0.0,3,2.294069066772704,0,0.0,6,4.588138133545408,25.11439632987976,19.20471991701569,17.0,12.999724711711986,31.0,23.705380356651272,10.0,7.646896889242346,44.0,33.646346312666324,4.0,33.0,False,False,False
11,2020-04-30,2.3459036,1.7938882592716254,1,0.7646896889242346,3,2.294069066772704,0,0.0,7,5.352827822469642,1.6345354,1.2499123840825632,0,0.0,2,1.5293793778484692,0,0.0,5,3.823448444621173,20.914271211624147,15.992927546893943,14.0,10.705655644939284,26.0,19.8819319120301,9.0,6.882207200318112,38.0,29.05820817912091,0.0,28.0,False,False,False
12,2020-05-01,1.6413605,1.255131428479217,0,0.0,2,1.5293793778484692,0,0.0,5,3.823448444621173,1.3721925,1.0493014997337011,0,0.0,2,1.5293793778484692,0,0.0,5,3.823448444621173,17.446994827270508,13.341537047128211,12.0,9.176276267090817,22.0,16.823173156333162,7.0,5.352827822469642,32.0,24.470070045575508,1.0,14.0,False,False,False
13,2020-05-02,1.0019394,0.7661727067898028,0,0.0,2,1.5293793778484692,0,0.0,3,2.294069066772704,1.1538715,0.8823536518320907,0,0.0,2,1.5293793778484692,0,0.0,4,3.0587587556969384,14.579735959529875,11.148973755490378,10.0,7.646896889242346,18.0,13.764414400636223,6.0,4.588138133545408,27.0,20.646621600954333,0.0,8.0,False,False,False
14,2020-05-03,0.47654384,0.3644081743914285,0,0.0,1,0.7646896889242346,0,0.0,2,1.5293793778484692,0.97188455,0.7431900939991465,0,0.0,2,1.5293793778484692,0,0.0,3,2.294069066772704,12.204583573818208,9.332719216512867,8.0,6.117517511393877,16.0,12.235035022787754,4.0,3.0587587556969384,23.0,17.587862845257394,0.0,8.0,False,False,False
15,2020-05-04,0.70237845,0.5371015504351817,0,0.0,1,0.7646896889242346,0,0.0,3,2.294069066772704,0.81993324,0.62699450609216,0,0.0,1,0.7646896889242346,0,0.0,3,2.294069066772704,10.233723208904266,7.825622617153722,7.0,5.352827822469642,13.0,9.94096595601505,4.0,3.0587587556969384,20.0,15.293793778484693,0.0,7.0,False,False,False
16,2020-05-05,0.87625796,0.6700654012092855,0,0.0,1,0.7646896889242346,0,0.0,3,2.294069066772704,0.692855,0.5298190899338806,0,0.0,1,0.7646896889242346,0,0.0,3,2.294069066772704,8.595571614980697,6.572944984385569,5.0,3.823448444621173,11.0,8.411586578166581,3.0,2.294069066772704,17.0,12.999724711711986,2.0,7.0,False,False,False
17,2020-05-06,0.8677768,0.6635799763898831,0,0.0,1,0.7646896889242346,0,0.0,3,2.294069066772704,0.5864073,0.4484196324483491,0,0.0,1,0.7646896889242346,0,0.0,2,1.5293793778484692,7.231679738283157,5.529990929467437,4.0,3.0587587556969384,10.0,7.646896889242346,2.0,1.5293793778484692,15.0,11.470345333863518,0.0,3.0,False,False,False
18,2020-05-07,0.74383587,0.5688036253559403,0,0.0,1,0.7646896889242346,0,0.0,3,2.294069066772704,0.49709716,0.3801250841206638,0,0.0,1,0.7646896889242346,0,0.0,2,1.5293793778484692,6.094242653250694,4.6602045187430745,3.0,2.294069066772704,8.0,6.117517511393877,1.0,0.7646896889242346,13.0,9.94096595601505,1.0,4.0,False,False,False
19,2020-05-08,0.502291,0.384096756533836,0,0.0,1,0.7646896889242346,0,0.0,2,1.5293793778484692,0.42204633,0.3227344905099016,0,0.0,1,0.7646896889242346,0,0.0,2,1.5293793778484692,5.144096559584141,3.933637597944621,3.0,2.294069066772704,7.0,5.352827822469642,1.0,0.7646896889242346,11.0,8.411586578166581,1.0,4.0,False,False,False
20,2020-05-09,0.29241613,0.2236075943073956,0,0.0,0,0.0,0,0.0,1,0.7646896889242346,0.35888,0.2744318408076651,0,0.0,0,0.0,0,0.0,2,1.5293793778484692,4.3491043654084205,3.325715264283196,2.0,1.5293793778484692,6.0,4.588138133545408,1.0,0.7646896889242346,10.0,7.646896889242346,1.0,5.0,False,False,False
21,2020-05-10,0.14598407,0.1116325165639864,0,0.0,0,0.0,0,0.0,1,0.7646896889242346,0.30563265,0.2337141268071718,0,0.0,1,0.7646896889242346,0,0.0,2,1.5293793778484692,3.6828526372909542,2.816239437563817,2.0,1.5293793778484692,5.0,3.823448444621173,0.0,0.0,9.0,6.882207200318112,0.0,5.0,True,False,False
22,2020-05-11,0.23598847,0.1804579483177804,0,0.0,0,0.0,0,0.0,1,0.7646896889242346,0.26067728,0.199337227968499,0,0.0,0,0.0,0,0.0,1,0.7646896889242346,3.123596469849348,2.388582012853935,1.0,0.7646896889242346,4.0,3.0587587556969384,0.0,0.0,8.0,6.117517511393877,1.0,6.0,True,False,False
23,2020-05-12,0.29747543,0.2274764028697973,0,0.0,0,0.0,0,0.0,2,1.5293793778484692,0.22266549,0.1702700046735117,0,0.0,0,0.0,0,0.0,1,0.7646896889242346,2.653406242489815,2.0290323941591586,1.0,0.7646896889242346,4.0,3.0587587556969384,0.0,0.0,7.0,5.352827822469642,0.0,4.0,True,False,False
24,2020-05-13,0.2827248,0.2161967358915717,0,0.0,0,0.0,0,0.0,1,0.7646896889242346,0.19047551,0.1456546556255489,0,0.0,0,0.0,0,0.0,1,0.7646896889242346,2.257474339753389,1.7262673506204609,1.0,0.7646896889242346,3.0,2.294069066772704,0.0,0.0,6.0,4.588138133545408,0.0,4.0,True,False,False
25,2020-05-14,0.23694701,0.1811909442039905,0,0.0,0,0.0,0,0.0,1,0.7646896889242346,0.16317534,0.1247785007763013,0,0.0,0,0.0,0,0.0,1,0.7646896889242346,1.9235524876862764,1.4709207534382562,0.0,0.0,3.0,2.294069066772704,0.0,0.0,6.0,4.588138133545408,0.0,3.0,True,False,False
26,2020-05-15,0.1705107,0.1303877752434346,0,0.0,0,0.0,0,0.0,1,0.7646896889242346,0.13998768,0.1070471284947416,0,0.0,0,0.0,0,0.0,1,0.7646896889242346,1.64149359960109,1.2552332300500797,0.0,0.0,2.0,1.5293793778484692,0.0,0.0,5.0,3.823448444621173,,,False,False,True
27,2020-05-16,0.101315364,0.0774748116327828,0,0.0,0,0.0,0,0.0,1,0.7646896889242346,0.12026432,0.0919648869057709,0,0.0,0,0.0,0,0.0,1,0.7646896889242346,1.4028780554793776,1.0727663838431605,0.0,0.0,2.0,1.5293793778484692,0.0,0.0,5.0,3.823448444621173,,,False,False,True
28,2020-05-17,0.0511242,0.0390941494288199,0,0.0,0,0.0,0,0.0,1,0.7646896889242346,0.10346344,0.0791174272762873,0,0.0,0,0.0,0,0.0,1,0.7646896889242346,1.2007089854627848,0.9181697805820702,0.0,0.0,2.0,1.5293793778484692,0.0,0.0,4.0,3.0587587556969384,,,False,False,True
29,2020-05-18,0.08000998,0.0611828056662488,0,0.0,0,0.0,0,0.0,1,0.7646896889242346,0.089131445,0.0681578967487439,0,0.0,0,0.0,0,0.0,1,0.7646896889242346,1.0291630106586962,0.7869903424729271,0.0,0.0,2.0,1.5293793778484692,0.0,0.0,4.0,3.0587587556969384,,,False,False,True
30,2020-05-19,0.101396,0.077536475373563,0,0.0,0,0.0,0,0.0,1,0.7646896889242346,0.076888286,0.058795677659873,0,0.0,0,0.0,0,0.0,1,0.7646896889242346,0.8833859072485939,0.67551609461398,0.0,0.0,1.0,0.7646896889242346,0.0,0.0,3.0,2.294069066772704,,,False,False,True
