,Raw Prediction Mean,Raw Prediction Mean 100k,Raw Prediction Q25,Raw Prediction Q25 100k,Raw Prediction Q75,Raw Prediction Q75 100k,Raw Prediction Q5,Raw Prediction Q5 100k,Raw Prediction Q95,Raw Prediction Q95 100k,Trend Prediction Mean,Trend Prediction Mean 100k,Trend Prediction Q25,Trend Prediction Q25 100k,Trend Prediction Q75,Trend Prediction Q75 100k,Trend Prediction Q5,Trend Prediction Q5 100k,Trend Prediction Q95,Trend Prediction Q95 100k,Trend 7Day Prediction Mean,Trend 7Day Prediction Mean 100k,Trend 7Day Prediction Q25,Trend 7Day Prediction Q25 100k,Trend 7Day Prediction Q75,Trend 7Day Prediction Q75 100k,Trend 7Day Prediction Q5,Trend 7Day Prediction Q5 100k,Trend 7Day Prediction Q95,Trend 7Day Prediction Q95 100k,RKI Meldedaten,RKI 7Day Incidence,is_nowcast,is_high,is_prediction
2021-08-26,3.3332653,3.0502620575134642,1,0.9150972748403154,5,4.575486374201577,0,0.0,9,8.235875473562839,2.666065,2.439708805468399,1,0.9150972748403154,4,3.6603890993612618,0,0.0,7,6.405680923882208,,,,,,,,,,,1.0,,False,False,False
2021-08-27,3.4848895,3.189012932125479,1,0.9150972748403154,5,4.575486374201577,0,0.0,9,8.235875473562839,2.778114,2.542244692449458,1,0.9150972748403154,4,3.6603890993612618,0,0.0,8,7.3207781987225236,,,,,,,,,,,4.0,,False,False,False
2021-08-28,1.8825219,1.722690649330616,1,0.9150972748403154,3,2.7452918245209466,0,0.0,5,4.575486374201577,2.8972356,2.6512523618293926,1,0.9150972748403154,4,3.6603890993612618,0,0.0,8,7.3207781987225236,,,,,,,,,,,3.0,,False,False,False
2021-08-29,1.4435987,1.3210333236202132,0,0.0,2,1.8301945496806309,0,0.0,5,4.575486374201577,3.0239298,2.7671900170389563,1,0.9150972748403154,4,3.6603890993612618,0,0.0,8,7.3207781987225236,,,,,,,,,,,0.0,,False,False,False
2021-08-30,2.1973593,2.0107974705751985,1,0.9150972748403154,3,2.7452918245209466,0,0.0,6,5.490583649041893,3.1587152,2.890531686716713,1,0.9150972748403154,5,4.575486374201577,0,0.0,9,8.235875473562839,,,,,,,,,,,2.0,,False,False,False
2021-08-31,4.76939,4.364455890026875,2,1.8301945496806309,6,5.490583649041893,0,0.0,12,10.981167298083786,3.302175,3.021811426151544,1,0.9150972748403154,5,4.575486374201577,0,0.0,9,8.235875473562839,,,,,,,,,,,5.0,,False,False,False
2021-09-01,5.4346724,4.973253817297518,2,1.8301945496806309,8,7.3207781987225236,0,0.0,14,12.811361847764417,3.4549294,3.1615963962394744,1,0.9150972748403154,5,4.575486374201577,0,0.0,9,8.235875473562839,21.281165027618407,19.474336122200633,15.0,13.726459122604732,27.0,24.70762642068852,9.0,8.235875473562839,37.0,33.858599169091676,8.0,23.0,False,False,False
2021-09-02,4.8278236,4.417928357725032,2,1.8301945496806309,7,6.405680923882208,0,0.0,11,10.066070023243471,3.6176426,3.3104948670370504,1,0.9150972748403154,5,4.575486374201577,0,0.0,9,8.235875473562839,22.2327426366806,20.345122199052508,16.0,14.641556397445047,28.0,25.622723695528833,10.0,9.150972748403154,37.0,33.858599169091676,4.0,26.0,False,False,False
2021-09-03,4.9773283,4.5547396439360455,2,1.8301945496806309,7,6.405680923882208,1,0.9150972748403154,12,10.981167298083786,3.791045,3.469174771453254,2,1.8301945496806309,6,5.490583649041893,0,0.0,10,9.150972748403154,23.2456705827713,21.272049802129708,17.0,15.556653672285362,29.0,26.53782097036915,11.0,10.066070023243471,39.0,35.6887937187723,7.0,29.0,False,False,False
2021-09-04,2.718464,2.4876588213373907,1,0.9150972748403154,4,3.6603890993612618,0,0.0,8,7.3207781987225236,3.9759092,3.6383436963660643,2,1.8301945496806309,6,5.490583649041893,0,0.0,10,9.150972748403154,24.324343992233278,22.259140899571072,18.0,16.471750947125678,29.0,26.53782097036915,12.0,10.981167298083786,41.0,37.51898826845294,5.0,31.0,False,False,False
2021-09-05,2.0875828,1.910341416078154,1,0.9150972748403154,3,2.7452918245209466,0,0.0,6,5.490583649041893,4.173099,3.818791446974501,2,1.8301945496806309,6,5.490583649041893,0,0.0,10,9.150972748403154,25.473513593673704,23.31074287017854,19.0,17.386848221965995,31.0,28.36801552004978,13.0,11.896264572924103,43.0,39.34918281813357,1.0,32.0,False,False,False
2021-09-06,3.1138854,2.8495080186985433,1,0.9150972748403154,4,3.6603890993612618,0,0.0,8,7.3207781987225236,4.383518,4.011345663457178,2,1.8301945496806309,6,5.490583649041893,0,0.0,11,10.066070023243471,26.69831571292877,24.431555951727496,20.0,18.301945496806308,32.0,29.283112794890094,14.0,12.811361847764417,43.0,39.34918281813357,2.0,32.0,False,False,False
2021-09-07,6.7537966,6.180381024023518,3,2.7452918245209466,10,9.150972748403154,1,0.9150972748403154,16,14.641556397445047,4.608166,4.216920206090435,2,1.8301945496806309,6,5.490583649041893,0,0.0,11,10.066070023243471,28.004306869506834,25.62666490007763,21.0,19.21704277164663,34.0,31.113307344570725,15.0,13.726459122604732,45.0,41.1793773678142,9.0,36.0,False,False,False
2021-09-08,7.837437,7.17201764928177,4,3.6603890993612618,10,9.150972748403154,1,0.9150972748403154,18,16.471750947125678,4.84812,4.436501694726758,2,1.8301945496806309,7,6.405680923882208,1,0.9150972748403154,12,10.981167298083786,29.397500284194948,26.9015723971842,23.0,21.04723732132726,35.0,32.02840461941104,16.0,14.641556397445047,48.0,43.924669192335145,9.0,37.0,False,False,False
2021-09-09,6.914544,6.327480514300987,3,2.7452918245209466,9,8.235875473562839,1,0.9150972748403154,17,15.556653672285362,5.1045527,4.6711622417205945,2,1.8301945496806309,7,6.405680923882208,0,0.0,12,10.981167298083786,30.88440880393982,28.262238331539574,24.0,21.962334596167572,37.0,33.858599169091676,17.0,15.556653672285362,50.0,45.75486374201578,6.0,39.0,False,False,False
2021-09-10,7.2525907,6.636825855821371,3,2.7452918245209466,10,9.150972748403154,1,0.9150972748403154,17,15.556653672285362,5.3787193,4.922051448374987,2,1.8301945496806309,8,7.3207781987225236,1,0.9150972748403154,13,11.896264572924103,32.47208800888062,29.715119245301544,25.0,22.87743187100789,39.0,35.6887937187723,17.0,15.556653672285362,51.0,46.66996101685609,0.0,32.0,False,False,False
2021-09-11,3.9890733,3.650390135589987,2,1.8301945496806309,6,5.490583649041893,0,0.0,10,9.150972748403154,5.6720138,5.19044442626182,3,2.7452918245209466,8,7.3207781987225236,0,0.0,14,12.811361847764417,34.168186279296876,31.26721415042083,26.0,23.792529145848206,41.0,37.51898826845294,18.0,16.471750947125678,55.0,50.33035011621736,3.0,30.0,False,False,False
2021-09-12,3.044299,2.7858295652549714,1,0.9150972748403154,4,3.6603890993612618,0,0.0,8,7.3207781987225236,5.9859066,5.477686863741837,3,2.7452918245209466,8,7.3207781987225236,1,0.9150972748403154,15,13.726459122604732,35.98099812889099,32.92611333378264,27.0,24.70762642068852,44.0,40.264280092973884,19.0,17.386848221965995,59.0,53.99073921557862,1.0,30.0,False,False,False
2021-09-13,4.5378914,4.152612018515356,2,1.8301945496806309,6,5.490583649041893,0,0.0,11,10.066070023243471,6.3220468,5.785287794424221,3,2.7452918245209466,8,7.3207781987225236,1,0.9150972748403154,16,14.641556397445047,37.91952358818054,34.700052698787076,28.0,25.622723695528833,45.0,41.1793773678142,19.0,17.386848221965995,63.0,57.65112831493988,3.0,31.0,False,False,False
2021-09-14,9.839024,9.003663581097499,5,4.575486374201577,13,11.896264572924103,1,0.9150972748403154,24,21.962334596167572,6.6821795,6.114844291005284,3,2.7452918245209466,9,8.235875473562839,1,0.9150972748403154,17,15.556653672285362,39.99353408241272,36.59797405004916,30.0,27.452918245209464,48.0,43.924669192335145,20.0,18.301945496806308,66.0,60.39642013946082,18.0,40.0,False,True,False
2021-09-15,11.35595,10.391799150966108,5,4.575486374201577,15,13.726459122604732,2,1.8301945496806309,27,24.70762642068852,7.0682344,6.468121864600107,3,2.7452918245209466,10,9.150972748403154,1,0.9150972748403154,19,17.386848221965995,42.21364395332336,38.62959054276558,31.0,28.36801552004978,52.0,47.58505829169641,21.0,19.21704277164663,73.0,66.80210106334303,12.0,43.0,False,False,False
2021-09-16,10.211579,9.344588761450723,4,3.6603890993612618,13,11.896264572924103,1,0.9150972748403154,26,23.792529145848206,7.482293,6.847026088507846,3,2.7452918245209466,10,9.150972748403154,1,0.9150972748403154,19,17.386848221965995,44.59138693809509,40.805456668400865,32.0,29.283112794890094,55.0,50.33035011621736,22.0,20.132140046486942,78.0,71.3775874375446,10.0,47.0,True,False,False
2021-09-17,10.48305,9.593011054676026,5,4.575486374201577,14,12.811361847764417,2,1.8301945496806309,26,23.792529145848206,7.9266386,7.253645162563771,3,2.7452918245209466,11,10.066070023243471,1,0.9150972748403154,20,18.301945496806308,47.13930623435974,43.137050672925696,33.0,30.19821006973041,58.0,53.0756419407383,23.0,21.04723732132726,84.0,76.86817108658651,16.0,63.0,True,False,False
2021-09-18,5.753223,5.2647585107479244,2,1.8301945496806309,8,7.3207781987225236,1,0.9150972748403154,15,13.726459122604732,8.403742,7.690241181990132,4,3.6603890993612618,12,10.981167298083786,1,0.9150972748403154,21,19.21704277164663,49.87104517364502,45.636857531840825,35.0,32.02840461941104,61.0,55.82093376525925,23.0,21.04723732132726,91.0,83.27385201046872,6.0,66.0,True,False,False
2021-09-19,4.5022554,4.1200015402864665,2,1.8301945496806309,6,5.490583649041893,0,0.0,12,10.981167298083786,8.9163265,8.159306162269786,4,3.6603890993612618,12,10.981167298083786,1,0.9150972748403154,22,20.132140046486942,52.80145724105835,48.31846962888994,36.0,32.943501894251355,65.0,59.48132286462051,23.0,21.04723732132726,98.0,89.67953293435092,9.0,74.0,True,False,False
2021-09-20,6.9636664,6.372432108037174,3,2.7452918245209466,10,9.150972748403154,0,0.0,18,16.471750947125678,9.467302,8.663502376293764,4,3.6603890993612618,12,10.981167298083786,1,0.9150972748403154,24,21.962334596167572,55.946715744018555,51.19668711361715,37.0,33.858599169091676,69.0,63.14171196398177,23.0,21.04723732132726,104.0,95.17011658339283,0.0,71.0,True,False,False
2021-09-21,14.84936,13.588608999270946,6,5.490583649041893,20,18.301945496806308,2,1.8301945496806309,41,37.51898826845294,10.059905,9.205791866406798,4,3.6603890993612618,14,12.811361847764417,1,0.9150972748403154,27,24.70762642068852,59.32444393348694,54.287636974950985,39.0,35.6887937187723,74.0,67.71719833818335,23.0,21.04723732132726,114.0,104.32108933179597,,,False,False,True
2021-09-22,16.789328,15.363868442364037,7,6.405680923882208,23,21.04723732132726,3,2.7452918245209466,45,41.1793773678142,10.697647,9.789387695491314,5,4.575486374201577,14,12.811361847764417,1,0.9150972748403154,29,26.53782097036915,62.95385651397705,57.60890253662865,40.0,36.603890993612616,78.0,71.3775874375446,24.0,21.962334596167572,123.0,112.55696480535882,,,False,False,True
2021-09-23,15.135647,13.850588584318757,6,5.490583649041893,20,18.301945496806308,2,1.8301945496806309,40,36.603890993612616,11.384348,10.417785961180925,5,4.575486374201577,16,14.641556397445047,1,0.9150972748403154,31,28.36801552004978,66.85590950012207,61.179660590532464,41.0,37.51898826845294,85.0,77.78326836142682,25.0,22.87743187100789,136.0,124.4532293782829,,,False,False,True
2021-09-24,15.823419,14.47996764909476,6,5.490583649041893,21,19.21704277164663,2,1.8301945496806309,41,37.51898826845294,12.124202,11.094824003521353,5,4.575486374201577,16,14.641556397445047,1,0.9150972748403154,34,31.113307344570725,71.05347465705871,65.02084102660986,43.0,39.34918281813357,90.0,82.3587547356284,25.0,22.87743187100789,145.0,132.68910485184574,,,False,False,True
2021-09-25,8.645073,7.91108250268735,3,2.7452918245209466,11,10.066070023243471,1,0.9150972748403154,24,21.962334596167572,12.921802,11.82470514322631,5,4.575486374201577,16,14.641556397445047,1,0.9150972748403154,35,32.02840461941104,75.57152423667908,69.15529588451388,45.0,41.1793773678142,95.0,86.93424110982998,26.0,23.792529145848206,156.0,142.7551748750892,,,False,False,True
