,Unnamed: 0,Raw Prediction Mean,Raw Prediction Mean 100k,Raw Prediction Q25,Raw Prediction Q25 100k,Raw Prediction Q75,Raw Prediction Q75 100k,Raw Prediction Q5,Raw Prediction Q5 100k,Raw Prediction Q95,Raw Prediction Q95 100k,Trend Prediction Mean,Trend Prediction Mean 100k,Trend Prediction Q25,Trend Prediction Q25 100k,Trend Prediction Q75,Trend Prediction Q75 100k,Trend Prediction Q5,Trend Prediction Q5 100k,Trend Prediction Q95,Trend Prediction Q95 100k,Trend 7Day Prediction Mean,Trend 7Day Prediction Mean 100k,Trend 7Day Prediction Q25,Trend 7Day Prediction Q25 100k,Trend 7Day Prediction Q75,Trend 7Day Prediction Q75 100k,Trend 7Day Prediction Q5,Trend 7Day Prediction Q5 100k,Trend 7Day Prediction Q95,Trend 7Day Prediction Q95 100k,RKI Meldedaten,RKI 7Day Incidence,is_nowcast,is_high,is_prediction
0,2020-02-26,0.1881015,0.1402319298904331,0,0.0,0,0.0,0,0.0,1,0.7455120176537245,0.11662046,0.086941952304187,0,0.0,0,0.0,0,0.0,1,0.7455120176537245,,,,,,,,,,,0.0,,False,False,False
1,2020-02-27,0.21351926,0.1591811724210856,0,0.0,0,0.0,0,0.0,1,0.7455120176537245,0.12364735,0.0921805849429802,0,0.0,0,0.0,0,0.0,1,0.7455120176537245,,,,,,,,,,,0.0,,False,False,False
2,2020-02-28,0.17445439,0.1300578446716827,0,0.0,0,0.0,0,0.0,1,0.7455120176537245,0.13182369,0.0982761434897838,0,0.0,0,0.0,0,0.0,1,0.7455120176537245,,,,,,,,,,,0.0,,False,False,False
3,2020-02-29,0.12988803,0.096833082352532,0,0.0,0,0.0,0,0.0,1,0.7455120176537245,0.14133163,0.1053644268722564,0,0.0,0,0.0,0,0.0,1,0.7455120176537245,,,,,,,,,,,0.0,,False,False,False
4,2020-03-01,0.10831584,0.0807507603894919,0,0.0,0,0.0,0,0.0,1,0.7455120176537245,0.15239501,0.1136123159994895,0,0.0,0,0.0,0,0.0,1,0.7455120176537245,,,,,,,,,,,0.0,,False,False,False
5,2020-03-02,0.12340893,0.0920028412565443,0,0.0,0,0.0,0,0.0,1,0.7455120176537245,0.16528603,0.1232227305081323,0,0.0,0,0.0,0,0.0,1,0.7455120176537245,,,,,,,,,,,0.0,,False,False,False
6,2020-03-03,0.23757549,0.1771153847585083,0,0.0,0,0.0,0,0.0,1,0.7455120176537245,0.18033756,0.1344438260275637,0,0.0,0,0.0,0,0.0,1,0.7455120176537245,1.0114417181424795,0.7540419560315499,0.0,0.0,2.0,1.491024035307449,0.0,0.0,4.0,2.982048070614898,0.0,0.0,False,False,False
7,2020-03-04,0.31937915,0.2381010062890709,0,0.0,0,0.0,0,0.0,2,1.491024035307449,0.1979597,0.1475813405704684,0,0.0,0,0.0,0,0.0,1,0.7455120176537245,1.0927809785231948,0.8146813521524384,0.0,0.0,2.0,1.491024035307449,0.0,0.0,4.0,2.982048070614898,0.0,0.0,False,False,False
8,2020-03-05,0.37850335,0.2821788029905292,0,0.0,1,0.7455120176537245,0,0.0,2,1.491024035307449,0.21865636,0.1630109409234137,0,0.0,0,0.0,0,0.0,1,0.7455120176537245,1.1877900778651238,0.8855117774983031,0.0,0.0,2.0,1.491024035307449,0.0,0.0,4.0,2.982048070614898,2.0,2.0,False,True,False
9,2020-03-06,0.30941227,0.2306705709997913,0,0.0,0,0.0,0,0.0,2,1.491024035307449,0.24305315,0.18119905007552,0,0.0,0,0.0,0,0.0,1,0.7455120176537245,1.299019664950669,0.9684347713892384,0.0,0.0,2.0,1.491024035307449,0.0,0.0,5.0,3.727560088268623,0.0,2.0,False,False,False
10,2020-03-07,0.24364333,0.1816390295061865,0,0.0,0,0.0,0,0.0,1,0.7455120176537245,0.27192616,0.2027242317126365,0,0.0,0,0.0,0,0.0,1,0.7455120176537245,1.4296141736507415,1.0657945470647263,0.0,0.0,2.0,1.491024035307449,0.0,0.0,5.0,3.727560088268623,0.0,2.0,False,False,False
11,2020-03-08,0.21373841,0.1593445517755753,0,0.0,0,0.0,0,0.0,1,0.7455120176537245,0.3062465,0.2283104322486906,0,0.0,0,0.0,0,0.0,1,0.7455120176537245,1.5834654420018195,1.1804925165517235,0.0,0.0,2.0,1.491024035307449,0.0,0.0,5.0,3.727560088268623,0.0,2.0,False,False,False
12,2020-03-09,0.24818717,0.1850265221037261,0,0.0,0,0.0,0,0.0,1,0.7455120176537245,0.34723184,0.2588654979263083,0,0.0,0,0.0,0,0.0,2,1.491024035307449,1.7654112699627875,1.316135317858582,0.0,0.0,2.0,1.491024035307449,0.0,0.0,5.0,3.727560088268623,1.0,3.0,False,False,False
13,2020-03-10,0.50346583,0.3753398232220206,0,0.0,1,0.7455120176537245,0,0.0,2,1.491024035307449,0.3964194,0.2955354375444585,0,0.0,1,0.7455120176537245,0,0.0,2,1.491024035307449,1.9814929221570488,1.4772267863638764,1.0,0.7455120176537245,3.0,2.2365360529611737,0.0,0.0,5.0,3.727560088268623,0.0,3.0,False,False,False
14,2020-03-11,0.6936083,0.5170933036424685,0,0.0,1,0.7455120176537245,0,0.0,3,2.2365360529611737,0.45575804,0.3397731006771209,0,0.0,1,0.7455120176537245,0,0.0,2,1.491024035307449,2.2392912022471427,1.669418502301502,1.0,0.7455120176537245,3.0,2.2365360529611737,0.0,0.0,6.0,4.473072105922348,2.0,5.0,False,False,False
15,2020-03-12,0.83909667,0.6255566404433921,0,0.0,1,0.7455120176537245,0,0.0,3,2.2365360529611737,0.52773184,0.3934304459107807,0,0.0,1,0.7455120176537245,0,0.0,3,2.2365360529611737,2.548366183578968,1.8998376152404783,1.0,0.7455120176537245,4.0,2.982048070614898,0.0,0.0,7.0,5.218584123576072,2.0,5.0,False,False,False
16,2020-03-13,0.744857,0.5552998572966317,0,0.0,1,0.7455120176537245,0,0.0,3,2.2365360529611737,0.61552286,0.4588796855387045,0,0.0,1,0.7455120176537245,0,0.0,2,1.491024035307449,2.920836437165737,2.177518665507945,1.0,0.7455120176537245,4.0,2.982048070614898,0.0,0.0,8.0,5.964096141229796,0.0,5.0,False,False,False
17,2020-03-14,0.5824778,0.4342442025517812,0,0.0,1,0.7455120176537245,0,0.0,3,2.2365360529611737,0.72323453,0.5391800186771434,0,0.0,1,0.7455120176537245,0,0.0,3,2.2365360529611737,3.3721451275348664,2.5139747178496945,1.0,0.7455120176537245,5.0,3.727560088268623,0.0,0.0,9.0,6.709608158883521,1.0,6.0,False,False,False
18,2020-03-15,0.5405325,0.4029735009680735,0,0.0,1,0.7455120176537245,0,0.0,2,1.491024035307449,0.85618037,0.6382927494996693,0,0.0,1,0.7455120176537245,0,0.0,4,2.982048070614898,3.922078617095947,2.9239567432277296,2.0,1.491024035307449,5.0,3.727560088268623,0.0,0.0,11.0,8.200632194190971,0.0,6.0,False,False,False
19,2020-03-16,0.70601267,0.5263409093458904,0,0.0,1,0.7455120176537245,0,0.0,3,2.2365360529611737,1.021282,0.7613779871462611,0,0.0,1,0.7455120176537245,0,0.0,4,2.982048070614898,4.596128556311131,3.426469073411412,2.0,1.491024035307449,6.0,4.473072105922348,0.0,0.0,12.0,8.946144211844695,0.0,5.0,False,False,False
20,2020-03-17,1.4248999,1.062279989128001,0,0.0,2,1.491024035307449,0,0.0,6,4.473072105922348,1.2276103,0.9151982339972164,0,0.0,1,0.7455120176537245,0,0.0,5,3.727560088268623,5.427320838391781,4.0461329086835605,2.0,1.491024035307449,7.0,5.218584123576072,0.0,0.0,14.0,10.437168247152144,0.0,5.0,False,False,False
21,2020-03-18,2.1139405,1.5759680536575615,0,0.0,3,2.2365360529611737,0,0.0,10,7.455120176537246,1.4871252,1.108669675886631,0,0.0,2,1.491024035307449,0,0.0,6,4.473072105922348,6.458686260640621,4.815028225562579,2.0,1.491024035307449,9.0,6.709608158883521,0.0,0.0,18.0,13.419216317767042,7.0,10.0,True,True,False
22,2020-03-19,2.61462,1.949230681930203,0,0.0,3,2.2365360529611737,0,0.0,12,8.946144211844695,1.8156632,1.3535987818613648,0,0.0,2,1.491024035307449,0,0.0,8,5.964096141229796,7.7466179595589635,5.775196785023382,3.0,2.2365360529611737,10.0,7.455120176537246,1.0,0.7455120176537245,23.0,17.146776406035663,4.0,12.0,True,False,False
23,2020-03-20,2.2673879,1.6903648429433815,0,0.0,3,2.2365360529611737,0,0.0,10,7.455120176537246,2.2343547,1.6657382730045356,0,0.0,2,1.491024035307449,0,0.0,11,8.200632194190971,9.3654496306777,6.982055250400862,3.0,2.2365360529611737,12.0,8.946144211844695,1.0,0.7455120176537245,30.0,22.36536052961174,3.0,15.0,True,False,False
24,2020-03-21,1.6920626,1.26145305330283,0,0.0,2,1.491024035307449,0,0.0,7,5.218584123576072,2.7715335,2.0662115275627,0,0.0,3,2.2365360529611737,0,0.0,12,8.946144211844695,11.4137490529716,8.509087085474146,3.0,2.2365360529611737,13.0,9.69165622949842,1.0,0.7455120176537245,38.0,28.32945667084153,9.0,23.0,True,False,False
25,2020-03-22,1.5947683,1.1889189408975651,0,0.0,1,0.7455120176537245,0,0.0,8,5.964096141229796,3.4654236,2.5835150154307485,0,0.0,3,2.2365360529611737,0,0.0,15,11.18268026480587,14.0229940597713,10.454310595046296,3.0,2.2365360529611737,16.0,11.928192282459593,1.0,0.7455120176537245,52.0,38.76662491799368,0.0,23.0,True,False,False
26,2020-03-23,2.1460855,1.5999325114535168,0,0.0,2,1.491024035307449,0,0.0,10,7.455120176537246,4.3679123,3.256331183365546,0,0.0,4,2.982048070614898,0,0.0,18,13.419216317767042,17.369621754527092,12.94926176009952,4.0,2.982048070614898,20.0,14.910240353074492,1.0,0.7455120176537245,62.0,46.22174509453093,,,False,False,True
27,2020-03-24,4.8782077,3.636762630776502,0,0.0,4,2.982048070614898,0,0.0,19,14.164728335420769,5.5498295,4.137464566156268,0,0.0,5,3.727560088268623,0,0.0,22,16.401264388381943,21.691841302141547,16.17152837578394,4.0,2.982048070614898,23.0,17.146776406035663,1.0,0.7455120176537245,83.0,61.87749746525914,,,False,False,True
28,2020-03-25,7.5757623,5.647821672027931,0,0.0,5,3.727560088268623,0,0.0,30,22.36536052961174,7.1084843,5.299460462993011,0,0.0,6,4.473072105922348,0,0.0,28,20.874336494304288,27.3131999026686,20.36231876801798,4.0,2.982048070614898,27.0,20.128824476650564,1.0,0.7455120176537245,101.0,75.29671378302619,,,False,False,True
29,2020-03-26,10.369017,7.730226207058877,0,0.0,7,5.218584123576072,0,0.0,37,27.58394465318781,9.178307,6.842537550255656,0,0.0,7,5.218584123576072,0,0.0,34,25.34740860022664,34.67584735174477,25.851260923051804,5.0,3.727560088268623,33.0,24.60189658257291,1.0,0.7455120176537245,127.0,94.68002624202302,,,False,False,True
30,2020-03-27,10.463367,7.800566527293995,0,0.0,6,4.473072105922348,0,0.0,38,28.32945667084153,11.946163,8.906007860787213,0,0.0,9,6.709608158883521,0,0.0,40,29.820480706148984,44.3876490713656,33.091525818099235,5.0,3.727560088268623,39.0,29.07496868849526,1.0,0.7455120176537245,149.0,111.08129063040496,,,False,False,True
