,Unnamed: 0,Raw Prediction Mean,Raw Prediction Mean 100k,Raw Prediction Q25,Raw Prediction Q25 100k,Raw Prediction Q75,Raw Prediction Q75 100k,Raw Prediction Q5,Raw Prediction Q5 100k,Raw Prediction Q95,Raw Prediction Q95 100k,Trend Prediction Mean,Trend Prediction Mean 100k,Trend Prediction Q25,Trend Prediction Q25 100k,Trend Prediction Q75,Trend Prediction Q75 100k,Trend Prediction Q5,Trend Prediction Q5 100k,Trend Prediction Q95,Trend Prediction Q95 100k,Trend 7Day Prediction Mean,Trend 7Day Prediction Mean 100k,Trend 7Day Prediction Q25,Trend 7Day Prediction Q25 100k,Trend 7Day Prediction Q75,Trend 7Day Prediction Q75 100k,Trend 7Day Prediction Q5,Trend 7Day Prediction Q5 100k,Trend 7Day Prediction Q95,Trend 7Day Prediction Q95 100k,RKI Meldedaten,RKI 7Day Incidence,is_nowcast,is_high,is_prediction
0,2020-03-07,0.14058831,0.1136214109465072,0,0.0,0,0.0,0,0.0,1,0.8081853007257505,0.10427235,0.0842713802740036,0,0.0,0,0.0,0,0.0,1,0.8081853007257505,,,,,,,,,,,0.0,,False,False,False
1,2020-03-08,0.13128544,0.1061029706761473,0,0.0,0,0.0,0,0.0,1,0.8081853007257505,0.12228489,0.098828854788735,0,0.0,0,0.0,0,0.0,1,0.8081853007257505,,,,,,,,,,,0.0,,False,False,False
2,2020-03-09,0.1988975,0.1607460376362723,0,0.0,0,0.0,0,0.0,1,0.8081853007257505,0.14382972,0.1162410626420751,0,0.0,0,0.0,0,0.0,1,0.8081853007257505,,,,,,,,,,,1.0,,False,False,False
3,2020-03-10,0.30621126,0.247475441028655,0,0.0,0,0.0,0,0.0,2,1.616370601451501,0.16967355,0.1371276653117092,0,0.0,0,0.0,0,0.0,1,0.8081853007257505,,,,,,,,,,,0.0,,False,False,False
4,2020-03-11,0.40400696,0.3265124860263313,0,0.0,1,0.8081853007257505,0,0.0,2,1.616370601451501,0.2007647,0.1622550826141378,0,0.0,0,0.0,0,0.0,1,0.8081853007257505,,,,,,,,,,,0.0,,False,False,False
5,2020-03-12,0.4450349,0.3596706619646284,0,0.0,1,0.8081853007257505,0,0.0,2,1.616370601451501,0.2382804,0.1925747255882015,0,0.0,0,0.0,0,0.0,1,0.8081853007257505,,,,,,,,,,,0.0,,False,False,False
6,2020-03-13,0.4992613,0.4034956418763613,0,0.0,1,0.8081853007257505,0,0.0,2,1.616370601451501,0.28368467,0.2292697899974882,0,0.0,0,0.0,0,0.0,1,0.8081853007257505,1.2627903502732516,1.0205685989891635,0.0,0.0,2.0,1.616370601451501,0.0,0.0,4.0,3.232741202903002,0.0,1.0,False,False,False
7,2020-03-14,0.40062964,0.323782978739473,0,0.0,1,0.8081853007257505,0,0.0,2,1.616370601451501,0.3388059,0.2738179546213359,0,0.0,1,0.8081853007257505,0,0.0,2,1.616370601451501,1.4973239965885878,1.2101152444668304,0.0,0.0,2.0,1.616370601451501,0.0,0.0,5.0,4.040926503628752,0.0,1.0,False,False,False
8,2020-03-15,0.379195,0.3064598331548041,0,0.0,1,0.8081853007257505,0,0.0,2,1.616370601451501,0.40593293,0.3280690407336806,0,0.0,1,0.8081853007257505,0,0.0,2,1.616370601451501,1.78097213858366,1.4393555034054182,0.0,0.0,3.0,2.424555902177252,0.0,0.0,5.0,4.040926503628752,0.0,1.0,False,False,False
9,2020-03-16,0.57374245,0.4636902303900569,0,0.0,1,0.8081853007257505,0,0.0,2,1.616370601451501,0.48794106,0.394346807297552,0,0.0,1,0.8081853007257505,0,0.0,2,1.616370601451501,2.1250833387672903,1.717461117208924,1.0,0.8081853007257505,3.0,2.424555902177252,0.0,0.0,6.0,4.849111804354503,2.0,2.0,False,False,False
10,2020-03-17,0.79129356,0.6395118361979257,0,0.0,1,0.8081853007257505,0,0.0,3,2.424555902177252,0.58845204,0.475578281111666,0,0.0,1,0.8081853007257505,0,0.0,2,1.616370601451501,2.543862224072218,2.0559120565666817,1.0,0.8081853007257505,4.0,3.232741202903002,0.0,0.0,7.0,5.657297105080253,2.0,4.0,False,False,False
11,2020-03-18,1.036183,0.8374278877454344,0,0.0,2,1.616370601451501,0,0.0,4,3.232741202903002,0.7120466,0.5754656285716919,0,0.0,1,0.8081853007257505,0,0.0,3,2.424555902177252,3.0551441655755043,2.4691226062161604,1.0,0.8081853007257505,4.0,3.232741202903002,0.0,0.0,7.0,5.657297105080253,0.0,4.0,False,False,False
12,2020-03-19,1.2815453,1.035726018017158,0,0.0,2,1.616370601451501,0,0.0,4,3.232741202903002,0.8645313,0.6987014785408974,0,0.0,1,0.8081853007257505,0,0.0,3,2.424555902177252,3.6813947536349296,2.9752491260566454,2.0,1.616370601451501,5.0,4.040926503628752,0.0,0.0,8.0,6.465482405806004,1.0,5.0,False,False,False
13,2020-03-20,1.1828711,0.9559790669300128,0,0.0,2,1.616370601451501,0,0.0,4,3.232741202903002,1.0532931,0.8512560270901304,0,0.0,2,1.616370601451501,0,0.0,4,3.232741202903002,4.451002955913544,3.597235162456191,2.0,1.616370601451501,6.0,4.849111804354503,1.0,0.8081853007257505,10.0,8.081853007257504,0.0,5.0,False,False,False
14,2020-03-21,0.9814514,0.793194612924708,0,0.0,1,0.8081853007257505,0,0.0,4,3.232741202903002,1.2877625,1.0407507033960428,0,0.0,2,1.616370601451501,0,0.0,4,3.232741202903002,5.399960435628891,4.364168648575889,3.0,2.424555902177252,7.0,5.657297105080253,1.0,0.8081853007257505,12.0,9.698223608709004,3.0,8.0,False,False,False
15,2020-03-22,1.007026,0.8138636076182593,0,0.0,2,1.616370601451501,0,0.0,4,3.232741202903002,1.5800182,1.2769474778906442,0,0.0,2,1.616370601451501,0,0.0,5,4.040926503628752,6.574046214818955,5.313047517108438,4.0,3.232741202903002,9.0,7.273667706531754,1.0,0.8081853007257505,13.0,10.506408909434755,1.0,9.0,False,False,False
16,2020-03-23,1.6014507,1.2942688954353798,0,0.0,2,1.616370601451501,0,0.0,5,4.040926503628752,1.9455768,1.57238664542092,0,0.0,3,2.424555902177252,0,0.0,6,4.849111804354503,8.031681292533875,6.491086760739874,5.0,4.040926503628752,10.0,8.081853007257504,2.0,1.616370601451501,17.0,13.739150112337756,3.0,10.0,False,False,False
17,2020-03-24,2.3646085,1.9110419088974595,0,0.0,3,2.424555902177252,0,0.0,7,5.657297105080253,2.404438,1.9432314729783684,1,0.8081853007257505,3,2.424555902177252,0,0.0,7,5.657297105080253,9.847667125701904,7.958739817432479,6.0,4.849111804354503,13.0,10.506408909434755,3.0,2.424555902177252,20.0,16.163706014515007,2.0,10.0,False,False,False
18,2020-03-25,3.7999742,3.071083119721152,1,0.8081853007257505,5,4.040926503628752,0,0.0,11,8.890038307983255,2.9824784,2.4103952455334365,1,0.8081853007257505,4,3.232741202903002,0,0.0,10,8.081853007257504,12.11809858560562,9.79366914963197,7.0,5.657297105080253,16.0,12.930964811612007,4.0,3.232741202903002,25.0,20.20463251814376,2.0,12.0,False,False,False
19,2020-03-26,4.256269,3.4398541174596176,1,0.8081853007257505,6,4.849111804354503,0,0.0,14,11.314594210160504,3.7132723,3.0010121918166988,1,0.8081853007257505,5,4.040926503628752,0,0.0,12,9.698223608709004,14.966841389656066,12.095981209413797,9.0,7.273667706531754,19.0,15.355520713789256,5.0,4.040926503628752,32.0,25.86192962322401,2.0,13.0,False,False,False
20,2020-03-27,3.7897823,3.0628463719040155,1,0.8081853007257505,5,4.040926503628752,0,0.0,12,9.698223608709004,4.6405444,3.7504196370719,1,0.8081853007257505,6,4.849111804354503,0,0.0,14,11.314594210160504,18.554093293190004,14.995145467850392,11.0,8.890038307983255,23.0,18.58826191669226,6.0,4.849111804354503,41.0,33.13559732975577,3.0,16.0,False,False,False
21,2020-03-28,3.378123,2.730149390117731,1,0.8081853007257505,4,3.232741202903002,0,0.0,11,8.890038307983255,5.821414,4.70478116767481,2,1.616370601451501,8,6.465482405806004,0,0.0,19,15.355520713789256,23.087736949443816,18.65916962956327,13.0,10.506408909434755,29.0,23.43737372104676,7.0,5.657297105080253,51.0,41.21745033701327,2.0,15.0,True,False,False
22,2020-03-29,3.5266652,2.8501990527729504,1,0.8081853007257505,5,4.040926503628752,0,0.0,11,8.890038307983255,7.330734,5.924591459915973,2,1.616370601451501,10,8.081853007257504,0,0.0,24,19.39644721741801,28.83845273542404,23.30681359644402,16.0,12.930964811612007,36.0,29.09467082612701,9.0,7.273667706531754,67.0,54.14841514862528,2.0,16.0,True,False,False
23,2020-03-30,5.854171,4.731254739454016,1,0.8081853007257505,7,5.657297105080253,0,0.0,17,13.739150112337756,9.266985,7.48944075894542,2,1.616370601451501,12,9.698223608709004,0,0.0,35,28.286485525401265,36.15985901880264,29.22386653531175,18.0,14.547335413063507,46.0,37.17652383338452,10.0,8.081853007257504,93.0,75.16123296749478,0.0,13.0,True,False,False
24,2020-03-31,8.135429,6.574934377567843,2,1.616370601451501,11,8.890038307983255,0,0.0,28,22.62918842032101,11.760079,9.50432295212522,3,2.424555902177252,15,12.122779510886255,0,0.0,40,32.327412029030015,45.51550014972687,36.784958176189946,22.0,17.78007661596651,57.0,46.066562141367775,11.0,8.890038307983255,122.0,98.59860668854157,3.0,14.0,True,False,False
25,2020-04-01,14.284628,11.544626613613218,4,3.232741202903002,16,12.930964811612007,1,0.8081853007257505,54,43.64200623919052,14.981998,12.108231021557003,4,3.232741202903002,19,15.355520713789256,0,0.0,54,43.64200623919052,57.51502350282669,46.48279656588059,27.0,21.82100311959526,71.0,57.38115635152828,12.0,9.698223608709004,167.0,134.96694522120032,4.0,16.0,True,False,False
26,2020-04-02,17.073402,13.798472355119884,4,3.232741202903002,20,16.163706014515007,1,0.8081853007257505,59,47.68293274281928,19.161163,15.485769836232066,4,3.232741202903002,23,18.58826191669226,1,0.8081853007257505,59,47.68293274281928,72.9629216966629,58.96756081324688,31.0,25.05374432249826,90.0,72.73667706531754,15.0,12.122779510886255,207.0,167.29435725023032,,,False,False,True
27,2020-04-03,21.469843,17.351612041238695,5,4.040926503628752,25,20.20463251814376,1,0.8081853007257505,73,58.997526952979776,24.601984,19.882961350958794,5,4.040926503628752,28,22.62918842032101,1,0.8081853007257505,91,73.54486236604329,92.9243280286789,75.10007599259615,38.0,30.711041427578515,112.0,90.51675368128404,17.0,13.739150112337756,260.0,210.1281781886951,,,False,False,True
28,2020-04-04,19.738617,15.952459943946453,3,2.424555902177252,23,18.58826191669226,1,0.8081853007257505,72,58.18934165225403,31.711113,25.62845475040376,5,4.040926503628752,33,26.670114923949765,1,0.8081853007257505,116,93.74949488418704,118.81403581285475,96.0237572638521,43.0,34.75196793120727,143.0,115.5704980037823,19.0,15.355520713789256,362.0,292.5630788627216,,,False,False,True
29,2020-04-05,20.289297,16.397511353716254,4,3.232741202903002,23,18.58826191669226,1,0.8081853007257505,70,56.57297105080253,41.03414,33.163189073093235,8,6.465482405806004,47,37.98470913411027,2,1.616370601451501,152,122.84416571031406,152.51745786857606,123.26236755344212,53.0,42.83382093846477,178.0,143.85698352918357,22.0,17.78007661596651,466.0,376.61435013819965,,,False,False,True
30,2020-04-06,33.672775,27.213842258788645,6,4.849111804354503,34,27.478300224675515,1,0.8081853007257505,140,113.14594210160506,53.304688,43.08006609790027,10,8.081853007257504,54,43.64200623919052,2,1.616370601451501,185,149.51428063426383,196.55517229270936,158.853001028585,63.0,50.91567394572228,227.0,183.45806326474533,26.0,21.01281781886951,611.0,493.8012187434335,,,False,False,True
