,Raw Prediction Mean,Raw Prediction Mean 100k,Raw Prediction Q25,Raw Prediction Q25 100k,Raw Prediction Q75,Raw Prediction Q75 100k,Raw Prediction Q5,Raw Prediction Q5 100k,Raw Prediction Q95,Raw Prediction Q95 100k,Trend Prediction Mean,Trend Prediction Mean 100k,Trend Prediction Q25,Trend Prediction Q25 100k,Trend Prediction Q75,Trend Prediction Q75 100k,Trend Prediction Q5,Trend Prediction Q5 100k,Trend Prediction Q95,Trend Prediction Q95 100k,Trend 7Day Prediction Mean,Trend 7Day Prediction Mean 100k,Trend 7Day Prediction Q25,Trend 7Day Prediction Q25 100k,Trend 7Day Prediction Q75,Trend 7Day Prediction Q75 100k,Trend 7Day Prediction Q5,Trend 7Day Prediction Q5 100k,Trend 7Day Prediction Q95,Trend 7Day Prediction Q95 100k,RKI Meldedaten,RKI 7Day Incidence,is_nowcast,is_high,is_prediction
2021-07-09,2.196539,0.7025552349659847,1,0.31984647369262753,3,0.9595394210778826,0,0.0,7,2.238925315848393,2.1077433,0.6741542620147811,0,0.0,3,0.9595394210778826,0,0.0,6,1.9190788421557652,,,,,,,,,,,1.0,,False,False,False
2021-07-10,1.0835447,0.34656795833143406,0,0.0,2,0.6396929473852551,0,0.0,4,1.2793858947705101,2.1933308,0.7015290975687094,1,0.31984647369262753,3,0.9595394210778826,0,0.0,7,2.238925315848393,,,,,,,,,,,1.0,,False,False,False
2021-07-11,0.9287033,0.2970424702652963,0,0.0,1,0.31984647369262753,0,0.0,3,0.9595394210778826,2.2848291,0.7307945452339482,1,0.31984647369262753,3,0.9595394210778826,0,0.0,6,1.9190788421557652,,,,,,,,,,,1.0,,False,False,False
2021-07-12,1.5199922,0.48616416279401165,0,0.0,2,0.6396929473852551,0,0.0,5,1.5992323684631378,2.3827033,0.7620992619195022,1,0.31984647369262753,3,0.9595394210778826,0,0.0,7,2.238925315848393,,,,,,,,,,,1.0,,False,False,False
2021-07-13,3.1014926,0.9920015145326033,1,0.31984647369262753,4,1.2793858947705101,0,0.0,8,2.5587717895410202,2.4874632,0.7956063200253993,1,0.31984647369262753,3,0.9595394210778826,0,0.0,7,2.238925315848393,,,,,,,,,,,2.0,,False,False,False
2021-07-14,4.3728576,1.3986430531076621,2,0.6396929473852551,6,1.9190788421557652,0,0.0,12,3.8381576843115304,2.5996494,0.8314887054439168,1,0.31984647369262753,4,1.2793858947705101,0,0.0,7,2.238925315848393,,,,,,,,,,,4.0,,False,False,False
2021-07-15,3.1966543,1.022438573272666,1,0.31984647369262753,4,1.2793858947705101,0,0.0,8,2.5587717895410202,2.71988,0.86994405137375,1,0.31984647369262753,4,1.2793858947705101,0,0.0,7,2.238925315848393,16.775603074550627,5.365617487462219,11.0,3.518311210618903,20.0,6.396929473852551,6.0,1.9190788421557652,31.0,9.915240684471454,3.0,13.0,False,False,False
2021-07-16,3.7683146,1.205282114824513,2,0.6396929473852551,5,1.5992323684631378,0,0.0,10,3.1984647369262755,2.8488,0.9111786312132608,1,0.31984647369262753,4,1.2793858947705101,0,0.0,8,2.5587717895410202,17.516659010887146,5.602641615508443,12.0,3.8381576843115304,21.0,6.7167759475451785,7.0,2.238925315848393,32.0,10.235087158164081,4.0,16.0,False,False,False
2021-07-17,2.0591135,0.6586001745745307,1,0.31984647369262753,3,0.9595394210778826,0,0.0,6,1.9190788421557652,2.9871397,0.9554260941513348,1,0.31984647369262753,4,1.2793858947705101,0,0.0,8,2.5587717895410202,18.310469919204714,5.8565392353125585,13.0,4.158004158004158,22.0,7.036622421237806,8.0,2.5587717895410202,34.0,10.874780105549336,4.0,19.0,False,False,False
2021-07-18,1.6936834,0.5417186457634671,0,0.0,2,0.6396929473852551,0,0.0,5,1.5992323684631378,3.1356916,1.0029399163613562,1,0.31984647369262753,5,1.5992323684631378,0,0.0,8,2.5587717895410202,19.161331207275392,6.1286842179035315,14.0,4.477850631696786,23.0,7.356468894930433,9.0,2.8786182632336477,34.0,10.874780105549336,0.0,18.0,False,False,False
2021-07-19,2.5563743,0.817647287476575,1,0.31984647369262753,4,1.2793858947705101,0,0.0,8,2.5587717895410202,3.295315,1.0539948561927304,1,0.31984647369262753,5,1.5992323684631378,0,0.0,8,2.5587717895410202,20.073942879676817,6.4205798431718595,14.0,4.477850631696786,24.0,7.676315368623061,9.0,2.8786182632336477,35.0,11.194626579241964,3.0,20.0,False,False,False
2021-07-20,4.863347,1.5555244317511097,2,0.6396929473852551,7,2.238925315848393,0,0.0,13,4.158004158004158,3.4669693,1.1088978681073058,1,0.31984647369262753,5,1.5992323684631378,0,0.0,9,2.8786182632336477,21.05345131111145,6.733872160918423,16.0,5.1175435790820405,25.0,7.996161842315688,10.0,3.1984647369262755,36.0,11.51447305293459,11.0,29.0,False,True,False
2021-07-21,6.3584623,2.0337318346719258,3,0.9595394210778826,9,2.8786182632336477,1,0.31984647369262753,16,5.1175435790820405,3.6516964,1.1679821909638122,2,0.6396929473852551,5,1.5992323684631378,0,0.0,10,3.1984647369262755,22.105496213912964,7.070365013245791,16.0,5.1175435790820405,27.0,8.635854789700943,11.0,3.518311210618903,38.0,12.154166000319846,5.0,30.0,False,False,False
2021-07-22,4.5595117,1.45834374052356,2,0.6396929473852551,6,1.9190788421557652,0,0.0,12,3.8381576843115304,3.850646,1.2316155334701762,1,0.31984647369262753,6,1.9190788421557652,0,0.0,9,2.8786182632336477,23.23626290035248,7.432036750472566,17.0,5.437390052774668,29.0,9.275547737086198,12.0,3.8381576843115304,38.0,12.154166000319846,4.0,31.0,False,False,False
2021-07-23,5.4084535,1.7298747479799204,2,0.6396929473852551,8,2.5587717895410202,0,0.0,13,4.158004158004158,4.0650797,1.3002014384255745,2,0.6396929473852551,6,1.9190788421557652,0,0.0,10,3.1984647369262755,24.45254091358185,7.821058984033856,18.0,5.757236526467295,30.0,9.595394210778826,13.0,4.158004158004158,41.0,13.11370542139773,9.0,36.0,False,False,False
2021-07-24,3.2208972,1.0301926522515714,1,0.31984647369262753,4,1.2793858947705101,0,0.0,8,2.5587717895410202,4.2963915,1.374185649183346,2,0.6396929473852551,6,1.9190788421557652,0,0.0,11,3.518311210618903,25.761788181304933,8.239817105806791,19.0,6.077083000159923,32.0,10.235087158164081,13.0,4.158004158004158,43.0,13.753398368782985,4.0,36.0,False,False,False
2021-07-25,2.8572314,0.9138753739534877,1,0.31984647369262753,4,1.2793858947705101,0,0.0,8,2.5587717895410202,4.546108,1.4540565643983427,2,0.6396929473852551,6,1.9190788421557652,0,0.0,12,3.8381576843115304,27.172204829216003,8.690933897078523,20.0,6.396929473852551,33.0,10.55493363185671,14.0,4.477850631696786,46.0,14.712937789860867,0.0,36.0,False,False,False
2021-07-26,4.0540295,1.2966670510650147,2,0.6396929473852551,6,1.9190788421557652,0,0.0,11,3.518311210618903,4.815926,1.540356970508583,2,0.6396929473852551,7,2.238925315848393,0,0.0,13,4.158004158004158,28.692813750267028,9.177295298342244,21.0,6.7167759475451785,35.0,11.194626579241964,14.0,4.477850631696786,50.0,15.992323684631376,1.0,34.0,False,False,False
2021-07-27,7.4049087,2.368433888477739,3,0.9595394210778826,10,3.1984647369262755,1,0.31984647369262753,19,6.077083000159923,5.1077046,1.6336813132511452,2,0.6396929473852551,7,2.238925315848393,0,0.0,14,4.477850631696786,30.333551488876342,9.70207947829085,22.0,7.036622421237806,37.0,11.834319526627219,15.0,4.797697105389413,52.0,16.632016632016633,14.0,37.0,False,False,False
2021-07-28,9.808918,3.1373478122986853,4,1.2793858947705101,13,4.158004158004158,1,0.31984647369262753,24,7.676315368623061,5.423516,1.7346923414152116,2,0.6396929473852551,7,2.238925315848393,0,0.0,14,4.477850631696786,32.10537132835388,10.268789805966378,23.0,7.356468894930433,39.0,12.474012474012476,15.0,4.797697105389413,56.0,17.911402526787143,6.0,38.0,False,False,False
2021-07-29,6.9443727,2.2211330360732973,3,0.9595394210778826,9,2.8786182632336477,0,0.0,19,6.077083000159923,5.765628,1.8441156498738565,2,0.6396929473852551,8,2.5587717895410202,0,0.0,15,4.797697105389413,34.020356302261355,10.88129099704505,24.0,7.676315368623061,41.0,13.11370542139773,16.0,5.1175435790820405,61.0,19.51063489525028,3.0,37.0,False,False,False
2021-07-30,6.6892686,2.1395389921963215,3,0.9595394210778826,9,2.8786182632336477,0,0.0,18,5.757236526467295,6.136564,1.9627583242254332,3,0.9595394210778826,9,2.8786182632336477,0,0.0,17,5.437390052774668,36.091846899032596,11.543849959709771,25.0,7.996161842315688,44.0,14.073244842475612,17.0,5.437390052774668,67.0,21.429713737406047,7.0,35.0,True,False,False
2021-07-31,4.3618245,1.3951142136647832,2,0.6396929473852551,6,1.9190788421557652,0,0.0,13,4.158004158004158,6.53914,2.0915209461236373,2,0.6396929473852551,8,2.5587717895410202,0,0.0,16,5.1175435790820405,38.33458742809296,12.261182609337265,26.0,8.316008316008316,46.0,14.712937789860867,17.0,5.437390052774668,72.0,23.02894610586918,7.0,38.0,True,False,False
2021-08-01,4.6529202,1.4882200957799796,2,0.6396929473852551,7,2.238925315848393,0,0.0,13,4.158004158004158,6.9764037,2.2313781300908886,3,0.9595394210778826,10,3.1984647369262755,0,0.0,19,6.077083000159923,40.76488330936432,13.038504176991628,27.0,8.635854789700943,50.0,15.992323684631376,17.0,5.437390052774668,80.0,25.587717895410204,0.0,38.0,True,False,False
2021-08-02,6.5021114,2.07967732421821,2,0.6396929473852551,9,2.8786182632336477,0,0.0,18,5.757236526467295,7.4518323,2.383442370046396,3,0.9595394210778826,10,3.1984647369262755,0,0.0,21,6.7167759475451785,43.40078750610351,13.881588839310256,28.0,8.955701263393571,53.0,16.95186310570926,17.0,5.437390052774668,87.0,27.826643211258595,3.0,40.0,True,False,False
2021-08-03,11.840176,3.787038440350443,5,1.5992323684631378,15,4.797697105389413,1,0.31984647369262753,33,10.55493363185671,7.969222,2.5489276595180854,3,0.9595394210778826,11,3.518311210618903,1,0.31984647369262753,22,7.036622421237806,46.26230109024048,14.796833868620016,29.0,9.275547737086198,59.0,18.870941947865028,18.0,5.757236526467295,92.0,29.425875579721733,11.0,37.0,True,False,False
2021-08-04,19.788536,6.329293682938442,8,2.5587717895410202,26,8.316008316008316,2,0.6396929473852551,53,16.95186310570926,8.53282,2.729192237893585,3,0.9595394210778826,11,3.518311210618903,1,0.31984647369262753,24,7.676315368623061,49.371604687690734,15.79133365990428,30.0,9.595394210778826,63.0,20.150327842635537,19.0,6.077083000159923,104.0,33.264033264033266,,,False,False,True
2021-08-05,15.771123,5.044338104198687,6,1.9190788421557652,20,6.396929473852551,2,0.6396929473852551,44,14.073244842475612,9.147348,2.9257471396704204,3,0.9595394210778826,12,3.8381576843115304,1,0.31984647369262753,28,8.955701263393571,52.753319697380064,16.87296328078684,31.0,9.915240684471454,66.0,21.10986726371342,18.0,5.757236526467295,114.0,36.46249800095954,,,False,False,True
2021-08-06,15.230407,4.871391865890473,6,1.9190788421557652,19,6.077083000159923,2,0.6396929473852551,45,14.39309131616824,9.818045,3.1402669264934957,4,1.2793858947705101,13,4.158004158004158,1,0.31984647369262753,27,8.635854789700943,56.43479738903046,18.050470938439293,33.0,10.55493363185671,71.0,22.709099632176557,19.0,6.077083000159923,125.0,39.980809211578446,,,False,False,True
2021-08-07,7.9357147,2.5382103558513336,3,0.9595394210778826,10,3.1984647369262755,0,0.0,22,7.036622421237806,10.550786,3.374631705810316,3,0.9595394210778826,13,4.158004158004158,1,0.31984647369262753,31,9.915240684471454,60.4464508895874,19.33358416426912,33.0,10.55493363185671,77.0,24.628178474332323,19.0,6.077083000159923,136.0,43.49912042219734,,,False,False,True
2021-08-08,7.2937636,2.332884650968481,2,0.6396929473852551,9,2.8786182632336477,0,0.0,20,6.396929473852551,11.352079,3.630922583397478,3,0.9595394210778826,15,4.797697105389413,1,0.31984647369262753,38,12.154166000319846,64.82212728118897,20.733128828142963,34.0,10.874780105549336,81.0,25.907564369102833,19.0,6.077083000159923,160.0,51.17543579082041,,,False,False,True
