,Raw Prediction Mean,Raw Prediction Mean 100k,Raw Prediction Q25,Raw Prediction Q25 100k,Raw Prediction Q75,Raw Prediction Q75 100k,Raw Prediction Q5,Raw Prediction Q5 100k,Raw Prediction Q95,Raw Prediction Q95 100k,Trend Prediction Mean,Trend Prediction Mean 100k,Trend Prediction Q25,Trend Prediction Q25 100k,Trend Prediction Q75,Trend Prediction Q75 100k,Trend Prediction Q5,Trend Prediction Q5 100k,Trend Prediction Q95,Trend Prediction Q95 100k,Trend 7Week Prediction Mean,Trend 7Week Prediction Mean 100k,Trend 7Week Prediction Q25,Trend 7Week Prediction Q25 100k,Trend 7Week Prediction Q75,Trend 7Week Prediction Q75 100k,Trend 7Week Prediction Q5,Trend 7Week Prediction Q5 100k,Trend 7Week Prediction Q95,Trend 7Week Prediction Q95 100k,RKI Meldedaten,RKI 7Day Incidence,is_nowcast,is_high,is_prediction
2020-09-27,0.6569509,0.25423009901714977,0,0.0,1,0.3869849230673973,0,0.0,2,0.7739698461347946,1.5523636,0.6007413048791932,0,0.0,3,1.1609547692021918,0,0.0,5,1.9349246153369863,,,,,,,,,,,2.0,,False,False,False
2020-09-28,1.4122647,0.5465251433633966,0,0.0,2,0.7739698461347946,0,0.0,5,1.9349246153369863,1.6910685,0.6544180450873682,0,0.0,2,0.7739698461347946,0,0.0,5,1.9349246153369863,,,,,,,,,,,0.0,,False,False,False
2020-09-29,2.082001,0.8057029845076613,1,0.3869849230673973,3,1.1609547692021918,0,0.0,6,2.3219095384043835,1.8437004,0.7134842689993093,0,0.0,3,1.1609547692021918,0,0.0,6,2.3219095384043835,,,,,,,,,,,2.0,,False,False,False
2020-09-30,2.5948632,1.0041729183285497,1,0.3869849230673973,4,1.5479396922695892,0,0.0,7,2.708894461471781,2.0117886,0.7785318302921951,1,0.3869849230673973,3,1.1609547692021918,0,0.0,6,2.3219095384043835,,,,,,,,,,,5.0,,False,False,False
2020-10-01,2.9659863,1.1477919542812742,1,0.3869849230673973,4,1.5479396922695892,0,0.0,8,3.0958793845391783,2.1970408,0.850221658765804,1,0.3869849230673973,3,1.1609547692021918,0,0.0,6,2.3219095384043835,,,,,,,,,,,1.0,,False,False,False
2020-10-02,2.9643025,1.147140392276924,1,0.3869849230673973,4,1.5479396922695892,0,0.0,8,3.0958793845391783,2.4013717,0.9292946742789354,1,0.3869849230673973,3,1.1609547692021918,0,0.0,7,2.708894461471781,,,,,,,,,,,1.0,,False,False,False
2020-10-03,2.1612175,0.83635859482456,1,0.3869849230673973,3,1.1609547692021918,0,0.0,7,2.708894461471781,2.6269188,1.0165779713133816,1,0.3869849230673973,4,1.5479396922695892,0,0.0,7,2.708894461471781,,,,,,,,,,,4.0,15.0,False,False,False
2020-10-04,1.2731898,0.49270524868916254,0,0.0,2,0.7739698461347946,0,0.0,4,1.5479396922695892,2.8760908,1.1130037819384597,1,0.3869849230673973,4,1.5479396922695892,0,0.0,7,2.708894461471781,13.821,5.348518621714498,9.0,3.482864307606576,18.0,6.965728615213152,5.0,1.9349246153369863,27.0,10.448592922819726,0.0,13.0,False,False,False
2020-10-05,2.7120757,1.0495324204384815,1,0.3869849230673973,4,1.5479396922695892,0,0.0,7,2.708894461471781,3.1515725,1.219611021952005,1,0.3869849230673973,4,1.5479396922695892,0,0.0,9,3.482864307606576,15.161,5.867078418624811,10.0,3.8698492306739727,19.0,7.352713538280549,6.0,2.3219095384043835,29.0,11.222562768954521,3.0,16.0,False,False,False
2020-10-06,3.9660583,1.5348046872531995,2,0.7739698461347946,6,2.3219095384043835,0,0.0,10,3.8698492306739727,3.4563923,1.3375716662267223,1,0.3869849230673973,5,1.9349246153369863,0,0.0,10,3.8698492306739727,16.605,6.425884647534133,12.0,4.643819076808767,21.0,8.126683384415344,7.0,2.708894461471781,30.0,11.609547692021918,2.0,16.0,False,False,False
2020-10-07,5.0287824,1.9460629118839279,2,0.7739698461347946,7,2.708894461471781,0,0.0,12,4.643819076808767,3.7939477,1.4682005712529644,1,0.3869849230673973,5,1.9349246153369863,0,0.0,10,3.8698492306739727,18.229,7.054348162595585,13.0,5.030803999876165,23.0,8.900653230550137,8.0,3.0958793845391783,33.0,12.77050246122411,8.0,19.0,False,False,False
2020-10-08,5.8323708,2.2570395231014118,2,0.7739698461347946,8,3.0958793845391783,0,0.0,14,5.417788922943562,4.168054,1.6129741197801195,2,0.7739698461347946,6,2.3219095384043835,0,0.0,11,4.25683415374137,20.004,7.741246401040216,14.0,5.417788922943562,24.0,9.287638153617534,9.0,3.482864307606576,35.0,13.544472307358904,6.0,24.0,False,False,False
2020-10-09,5.92298,2.2921038180356845,3,1.1609547692021918,8,3.0958793845391783,1,0.3869849230673973,14,5.417788922943562,4.583006,1.773554140527267,2,0.7739698461347946,6,2.3219095384043835,0,0.0,12,4.643819076808767,21.967,8.500897805021516,16.0,6.191758769078357,27.0,10.448592922819726,10.0,3.8698492306739727,37.0,14.3184421534937,2.0,25.0,False,False,False
2020-10-10,4.3970523,1.701592918834649,2,0.7739698461347946,6,2.3219095384043835,0,0.0,11,4.25683415374137,5.0436497,1.9518163753673434,2,0.7739698461347946,7,2.708894461471781,0,0.0,13,5.030803999876165,24.175,9.35536051515433,18.0,6.965728615213152,29.0,11.222562768954521,11.0,4.25683415374137,43.0,16.640351691898083,6.0,27.0,False,False,False
2020-10-11,2.5741343,0.9961511750589125,1,0.3869849230673973,4,1.5479396922695892,0,0.0,7,2.708894461471781,5.5554266,2.149866304534953,2,0.7739698461347946,8,3.0958793845391783,0,0.0,14,5.417788922943562,26.581,10.286446240054488,20.0,7.739698461347945,33.0,12.77050246122411,13.0,5.030803999876165,46.0,17.801306461100275,2.0,29.0,False,False,False
2020-10-12,5.460654,2.1131907487870194,2,0.7739698461347946,7,2.708894461471781,0,0.0,13,5.030803999876165,6.124503,2.370090442127548,3,1.1609547692021918,9,3.482864307606576,1,0.3869849230673973,15,5.804773846010959,29.24,11.315439150490697,22.0,8.51366830748274,36.0,13.931457230426304,15.0,5.804773846010959,49.0,18.962261230302467,2.0,28.0,False,False,False
2020-10-13,8.0798645,3.126785668428056,4,1.5479396922695892,10,3.8698492306739727,1,0.3869849230673973,20,7.739698461347945,6.7578197,2.6151743441005237,3,1.1609547692021918,9,3.482864307606576,1,0.3869849230673973,18,6.965728615213152,32.217,12.46749326646234,24.0,9.287638153617534,39.0,15.092411999628494,16.0,6.191758769078357,55.0,21.28417076870685,14.0,40.0,False,False,False
2020-10-14,10.306757,3.9885595469968393,5,1.9349246153369863,14,5.417788922943562,1,0.3869849230673973,24,9.287638153617534,7.463217,2.888152448576875,3,1.1609547692021918,10,3.8698492306739727,1,0.3869849230673973,19,7.352713538280549,35.527,13.748413361815425,26.0,10.06160799975233,43.0,16.640351691898083,18.0,6.965728615213152,60.0,23.219095384043836,1.0,33.0,False,False,False
2020-10-15,12.19685,4.719997014035471,6,2.3219095384043835,17,6.578743692145753,2,0.7739698461347946,31,11.996532615089317,8.249559,3.192455187672749,4,1.5479396922695892,12,4.643819076808767,1,0.3869849230673973,22,8.51366830748274,39.194,15.167487074703569,30.0,11.609547692021918,48.0,18.575276307235068,21.0,8.126683384415344,66.0,25.54100492244822,18.0,45.0,False,False,False
2020-10-16,12.550834,4.856983287027106,5,1.9349246153369863,16,6.191758769078357,2,0.7739698461347946,30,11.609547692021918,9.126916,3.5319790185894817,4,1.5479396922695892,12,4.643819076808767,1,0.3869849230673973,22,8.51366830748274,43.265,16.742902696510946,33.0,12.77050246122411,53.0,20.510200922572057,23.0,8.900653230550137,74.0,28.6368843069874,6.0,49.0,False,False,False
2020-10-17,9.238296,3.575081063900143,4,1.5479396922695892,12,4.643819076808767,1,0.3869849230673973,23,8.900653230550137,10.1066475,3.9111200749175623,4,1.5479396922695892,13,5.030803999876165,1,0.3869849230673973,26,10.06160799975233,47.813,18.50291012662147,36.0,13.931457230426304,59.0,22.83211046097644,24.0,9.287638153617534,81.0,31.345778768459184,14.0,57.0,False,False,False
2020-10-18,5.5252957,2.1382062186603434,2,0.7739698461347946,7,2.708894461471781,0,0.0,15,5.804773846010959,11.201632,4.334862387622707,5,1.9349246153369863,15,5.804773846010959,2,0.7739698461347946,28,10.835577845887125,52.874,20.461440822265565,39.0,15.092411999628494,64.0,24.767035076313427,26.0,10.06160799975233,92.0,35.60261292220055,12.0,67.0,True,False,False
2020-10-19,12.1193285,4.689997513196431,5,1.9349246153369863,16,6.191758769078357,2,0.7739698461347946,32,12.383517538156713,12.426531,4.8088801122503355,5,1.9349246153369863,16,6.191758769078357,2,0.7739698461347946,31,11.996532615089317,58.525,22.648292622519428,43.0,16.640351691898083,71.0,27.47592953778521,29.0,11.222562768954521,103.0,39.85944707594192,2.0,67.0,True,False,False
2020-10-20,17.56303,6.796627712901682,8,3.0958793845391783,24,9.287638153617534,3,1.1609547692021918,43,16.640351691898083,13.7979355,5.339592826203443,6,2.3219095384043835,18,6.965728615213152,2,0.7739698461347946,35,13.544472307358904,64.822,25.08513668307483,46.0,17.801306461100275,79.0,30.571808922324387,31.0,11.996532615089317,119.0,46.05120584502028,7.0,60.0,True,False,False
2020-10-21,21.597694,8.357982005691156,9,3.482864307606576,28,10.835577845887125,3,1.1609547692021918,57,22.058140614841648,15.334716,5.934303771937266,7,2.708894461471781,21,8.126683384415344,2,0.7739698461347946,40,15.47939692269589,71.875,27.81454134546918,50.0,19.349246153369865,88.0,34.05467322993096,33.0,12.77050246122411,135.0,52.24296461409863,14.0,73.0,True,False,False
2020-10-22,26.253597,10.159746307181194,11,4.25683415374137,34,13.157487384291507,4,1.5479396922695892,69,26.701959691650416,17.058392,6.601340282941237,7,2.708894461471781,22,8.51366830748274,2,0.7739698461347946,47,18.188291384167673,79.732,30.855081886009724,54.0,20.897185845639452,97.0,37.53753753753754,35.0,13.544472307358904,147.0,56.8867836909074,31.0,86.0,True,False,False
2020-10-23,26.985651,10.443040082463995,11,4.25683415374137,35,13.544472307358904,3,1.1609547692021918,76,29.410854153122195,18.9934,7.350160012720153,7,2.708894461471781,26,10.06160799975233,2,0.7739698461347946,51,19.736231076437264,88.54,34.26364508838736,59.0,22.83211046097644,108.0,41.794371691278904,38.0,14.705427076561097,174.0,67.33537661372712,,,False,False,True
2020-10-24,20.011686,7.744220783933997,8,3.0958793845391783,27,10.448592922819726,2,0.7739698461347946,54,20.897185845639452,21.167635,8.191555389203131,9,3.482864307606576,29,11.222562768954521,3,1.1609547692021918,60,23.219095384043836,98.418,38.086282158447105,64.0,24.767035076313427,121.0,46.825175691155074,41.0,15.866381845763287,197.0,76.23602984427727,,,False,False,True
2020-10-25,12.046313,4.6617416955996305,4,1.5479396922695892,16,6.191758769078357,1,0.3869849230673973,34,13.157487384291507,23.612854,9.137818415183574,10,3.8698492306739727,32,12.383517538156713,3,1.1609547692021918,71,27.47592953778521,109.47,42.36323952818798,70.0,27.088944614717807,135.0,52.24296461409863,44.0,17.02733661496548,224.0,86.684622767097,,,False,False,True
2020-10-26,26.423553,10.225516598438844,9,3.482864307606576,32,12.383517538156713,2,0.7739698461347946,69,26.701959691650416,26.365334,10.202986595686525,10,3.8698492306739727,34,13.157487384291507,3,1.1609547692021918,78,30.184823999256988,121.895,47.17152719730039,76.0,29.410854153122195,152.0,58.82170830624439,47.0,18.188291384167673,257.0,99.45512522832111,,,False,False,True
2020-10-27,39.47438,15.27598942629993,15,5.804773846010959,48,18.575276307235068,5,1.9349246153369863,106,41.020401845144114,29.466599,11.40312961069867,12,4.643819076808767,38,14.705427076561097,4,1.5479396922695892,81,31.345778768459184,135.825,52.562227175629225,82.0,31.732763691526575,170.0,65.78743692145754,51.0,19.736231076437264,299.0,115.70849199715178,,,False,False,True
