,Raw Prediction Mean,Raw Prediction Mean 100k,Raw Prediction Q25,Raw Prediction Q25 100k,Raw Prediction Q75,Raw Prediction Q75 100k,Raw Prediction Q5,Raw Prediction Q5 100k,Raw Prediction Q95,Raw Prediction Q95 100k,Trend Prediction Mean,Trend Prediction Mean 100k,Trend Prediction Q25,Trend Prediction Q25 100k,Trend Prediction Q75,Trend Prediction Q75 100k,Trend Prediction Q5,Trend Prediction Q5 100k,Trend Prediction Q95,Trend Prediction Q95 100k,Trend 7Day Prediction Mean,Trend 7Day Prediction Mean 100k,Trend 7Day Prediction Q25,Trend 7Day Prediction Q25 100k,Trend 7Day Prediction Q75,Trend 7Day Prediction Q75 100k,Trend 7Day Prediction Q5,Trend 7Day Prediction Q5 100k,Trend 7Day Prediction Q95,Trend 7Day Prediction Q95 100k,RKI Meldedaten,RKI 7Day Incidence,is_nowcast,is_high,is_prediction
2021-08-03,2.7755027,0.8552270628570113,1,0.30813412462176537,4,1.2325364984870615,0,0.0,8,2.465072996974123,1.7713155,0.5458027317217784,0,0.0,3,0.924402373865296,0,0.0,6,1.848804747730592,,,,,,,,,,,3.0,,False,False,False
2021-08-04,2.4945705,0.7686622666369658,1,0.30813412462176537,4,1.2325364984870615,0,0.0,7,2.1569388723523573,1.908068,0.5879408490727656,1,0.30813412462176537,3,0.924402373865296,0,0.0,5,1.5406706231088267,,,,,,,,,,,2.0,,False,False,False
2021-08-05,2.8904688,0.8906520633900072,1,0.30813412462176537,4,1.2325364984870615,0,0.0,8,2.465072996974123,2.0568826,0.633795707472018,1,0.30813412462176537,3,0.924402373865296,0,0.0,6,1.848804747730592,,,,,,,,,,,1.0,,False,False,False
2021-08-06,2.5811076,0.7953273780003656,1,0.30813412462176537,4,1.2325364984870615,0,0.0,7,2.1569388723523573,2.218931,0.6837283308414044,1,0.30813412462176537,3,0.924402373865296,0,0.0,7,2.1569388723523573,,,,,,,,,,,3.0,,False,False,False
2021-08-07,1.6112101,0.4964688287145691,0,0.0,2,0.6162682492435307,0,0.0,5,1.5406706231088267,2.3955007,0.7381354862445733,1,0.30813412462176537,4,1.2325364984870615,0,0.0,7,2.1569388723523573,,,,,,,,,,,0.0,,False,False,False
2021-08-08,1.0810978,0.33312314826616785,0,0.0,2,0.6162682492435307,0,0.0,3,0.924402373865296,2.5880344,0.7974616892170161,1,0.30813412462176537,4,1.2325364984870615,0,0.0,7,2.1569388723523573,,,,,,,,,,,1.0,,False,False,False
2021-08-09,1.9526436,0.6016761290084105,0,0.0,3,0.924402373865296,0,0.0,5,1.5406706231088267,2.7981005,0.862190245243255,1,0.30813412462176537,4,1.2325364984870615,0,0.0,8,2.465072996974123,15.736832037448883,4.8490549641790635,11.0,3.389475370839419,20.0,6.162682492435307,6.0,1.848804747730592,29.0,8.935889614031197,0.0,10.0,False,False,False
2021-08-10,4.8859005,1.505512682342669,2,0.6162682492435307,7,2.1569388723523573,0,0.0,11,3.389475370839419,3.027456,0.9328625310445204,1,0.30813412462176537,4,1.2325364984870615,0,0.0,8,2.465072996974123,16.9929727768898,5.236114791328427,12.0,3.697609495461184,21.0,6.470816617057073,7.0,2.1569388723523573,30.0,9.244023738652961,12.0,19.0,False,True,False
2021-08-11,4.352579,1.3411781765171327,2,0.6162682492435307,6,1.848804747730592,0,0.0,11,3.389475370839419,3.278041,1.0100762665388174,1,0.30813412462176537,5,1.5406706231088267,0,0.0,8,2.465072996974123,18.362944626808165,5.6582498680594835,13.0,4.00574362008295,23.0,7.087084866300603,8.0,2.465072996974123,32.0,9.860291987896492,2.0,19.0,False,False,False
2021-08-12,5.0974016,1.5706833437434398,2,0.6162682492435307,7,2.1569388723523573,0,0.0,12,3.697609495461184,3.5520017,1.0944929272227455,1,0.30813412462176537,5,1.5406706231088267,0,0.0,9,2.7732071215958882,19.858061650276184,6.118946443292902,15.0,4.622011869326481,25.0,7.703353115544134,9.0,2.7732071215958882,35.0,10.784694361761789,11.0,29.0,False,True,False
2021-08-13,4.534613,1.3972690794616938,2,0.6162682492435307,6,1.848804747730592,0,0.0,11,3.389475370839419,3.851718,1.186845747724874,2,0.6162682492435307,6,1.848804747730592,0,0.0,9,2.7732071215958882,21.490849073410033,6.622063966613678,16.0,4.930145993948246,26.0,8.0114872401659,10.0,3.0813412462176535,37.0,11.400962611005317,8.0,34.0,False,False,False
2021-08-14,2.821761,0.869480845722137,1,0.30813412462176537,4,1.2325364984870615,0,0.0,7,2.1569388723523573,4.1798334,1.2879492715001106,2,0.6162682492435307,6,1.848804747730592,0,0.0,10,3.0813412462176535,23.275180975914,7.171877515426427,17.0,5.238280118570011,29.0,8.935889614031197,12.0,3.697609495461184,38.0,11.709096735627085,1.0,35.0,False,False,False
2021-08-15,1.927545,0.5939423772360897,1,0.30813412462176537,3,0.924402373865296,0,0.0,5,1.5406706231088267,4.539288,1.3987095371703617,2,0.6162682492435307,7,2.1569388723523573,0,0.0,11,3.389475370839419,25.22643441104889,7.7731252845769285,19.0,5.854548367813543,31.0,9.552157863274726,13.0,4.00574362008295,41.0,12.63349910949238,0.0,34.0,False,False,False
2021-08-16,3.4630198,1.0670745723473374,1,0.30813412462176537,5,1.5406706231088267,0,0.0,9,2.7732071215958882,4.9333262,1.5201261703623459,2,0.6162682492435307,7,2.1569388723523573,0,0.0,12,3.697609495461184,27.361662388801573,8.431061888369653,21.0,6.470816617057073,33.0,10.168426112518256,15.0,4.622011869326481,44.0,13.557901483357677,6.0,40.0,False,False,False
2021-08-17,8.711838,2.6844145395443775,4,1.2325364984870615,12,3.697609495461184,1,0.30813412462176537,21,6.470816617057073,5.3655825,1.6533191228518263,2,0.6162682492435307,8,2.465072996974123,0,0.0,13,4.00574362008295,29.699789352416992,9.151518593557837,23.0,7.087084866300603,35.0,10.784694361761789,16.0,4.930145993948246,49.0,15.098572106466502,7.0,35.0,False,False,False
2021-08-18,7.943035,2.447520091664046,4,1.2325364984870615,11,3.389475370839419,1,0.30813412462176537,18,5.5464142431917764,5.8400784,1.7995274902204983,3,0.924402373865296,8,2.465072996974123,1,0.30813412462176537,14,4.3138777447047145,32.26182678031921,9.940969753652686,25.0,7.703353115544134,38.0,11.709096735627085,17.0,5.238280118570011,52.0,16.0229744803318,7.0,40.0,False,False,False
2021-08-19,9.151968,2.8200336601003073,4,1.2325364984870615,13,4.00574362008295,1,0.30813412462176537,22,6.778950741678838,6.361295,1.9601320673245937,3,0.924402373865296,8,2.465072996974123,1,0.30813412462176537,16,4.930145993948246,35.071119268417355,10.80660863527931,27.0,8.319621364787665,42.0,12.941633234114146,19.0,5.854548367813543,55.0,16.947376854197095,1.0,30.0,False,False,False
2021-08-20,8.359938,2.575982034613844,4,1.2325364984870615,11,3.389475370839419,1,0.30813412462176537,19,5.854548367813543,6.9342136,2.1366678993217647,3,0.924402373865296,9,2.7732071215958882,1,0.30813412462176537,17,5.238280118570011,38.15361733436585,11.756431478478634,29.0,8.935889614031197,46.0,14.174169732601205,21.0,6.470816617057073,60.0,18.488047477305923,11.0,33.0,False,False,False
2021-08-21,5.1909194,1.5994994100765325,2,0.6162682492435307,7,2.1569388723523573,0,0.0,13,4.00574362008295,7.5644064,2.330851748411078,3,0.924402373865296,10,3.0813412462176535,1,0.30813412462176537,18,5.5464142431917764,41.538186767578125,12.799332818003084,31.0,9.552157863274726,50.0,15.406706231088268,22.0,6.778950741678838,68.0,20.953120474280045,4.0,36.0,False,False,False
2021-08-22,3.514223,1.0828520316863433,1,0.30813412462176537,5,1.5406706231088267,0,0.0,9,2.7732071215958882,8.258054,2.544588096498046,4,1.2325364984870615,11,3.389475370839419,2,0.6162682492435307,20,6.162682492435307,45.25695559501648,13.94521239531651,34.0,10.476560237140022,54.0,16.63924272957533,24.0,7.395218990922368,74.0,22.801925222010635,1.0,37.0,False,False,False
2021-08-23,6.373826,1.9639932361315005,3,0.924402373865296,9,2.7732071215958882,1,0.30813412462176537,16,4.930145993948246,9.02208,2.7800108000519685,4,1.2325364984870615,12,3.697609495461184,1,0.30813412462176537,22,6.778950741678838,49.345704500198366,15.20509546001293,36.0,11.092828486383553,59.0,18.179913352684157,25.0,7.703353115544134,80.0,24.650729969741228,10.0,41.0,False,False,False
2021-08-24,16.110846,4.964301115251146,8,2.465072996974123,23,7.087084866300603,3,0.924402373865296,41,12.63349910949238,9.864188,3.0394929126487114,5,1.5406706231088267,13,4.00574362008295,2,0.6162682492435307,24,7.395218990922368,53.8443016166687,16.591266744522517,39.0,12.01723086024885,64.0,19.720583975792984,27.0,8.319621364787665,92.0,28.34833946520241,18.0,52.0,True,False,False
2021-08-25,14.335021,4.417109084897675,7,2.1569388723523573,19,5.854548367813543,3,0.924402373865296,36,11.092828486383553,10.792977,3.3256845199503005,5,1.5406706231088267,15,4.622011869326481,2,0.6162682492435307,29,8.935889614031197,58.79720421409607,18.117425050717664,42.0,12.941633234114146,72.0,22.185656972767106,29.0,8.935889614031197,103.0,31.737814836041835,10.0,55.0,True,False,False
2021-08-26,17.28972,5.327552935341373,8,2.465072996974123,23,7.087084866300603,3,0.924402373865296,43,13.249767358735909,11.818098,3.6415593058336526,6,1.848804747730592,16,4.930145993948246,2,0.6162682492435307,30,9.244023738652961,64.25400622558594,19.798851961762384,45.0,13.866035607979443,79.0,24.34259584511946,31.0,9.552157863274726,115.0,35.435424331503015,6.0,60.0,True,False,False
2021-08-27,15.309836,4.71748317067977,8,2.465072996974123,20,6.162682492435307,3,0.924402373865296,36,11.092828486383553,12.950279,3.9904229197418317,6,1.848804747730592,18,5.5464142431917764,2,0.6162682492435307,32,9.860291987896492,70.27007559394836,21.652608230246557,49.0,15.098572106466502,86.0,26.499534717471818,33.0,10.168426112518256,132.0,40.673704450073025,16.0,65.0,True,False,False
2021-08-28,9.76114,3.007740269822534,4,1.2325364984870615,13,4.00574362008295,1,0.30813412462176537,25,7.703353115544134,14.201593,4.37599555880297,6,1.848804747730592,18,5.5464142431917764,2,0.6162682492435307,35,10.784694361761789,76.90725320434571,23.697749143185522,53.0,16.331108604953563,94.0,28.964607714445947,34.0,10.476560237140022,146.0,44.987582194777744,11.0,72.0,True,False,False
2021-08-29,6.6959634,2.0632547602872364,3,0.924402373865296,9,2.7732071215958882,1,0.30813412462176537,18,5.5464142431917764,15.58546,4.802412149729207,8,2.465072996974123,20,6.162682492435307,3,0.924402373865296,43,13.249767358735909,84.23465468025208,25.955571582716168,56.0,17.255510978818858,103.0,31.737814836041835,36.0,11.092828486383553,167.0,51.45839881183482,,,False,False,True
2021-08-30,12.309697,3.793037831201218,5,1.5406706231088267,16,4.930145993948246,2,0.6162682492435307,33,10.168426112518256,17.117002,5.274332579574548,8,2.465072996974123,22,6.778950741678838,2,0.6162682492435307,41,12.63349910949238,92.3295784072876,28.449893819226215,61.0,18.796181601927685,113.0,34.81915608225949,39.0,12.01723086024885,187.0,57.62108130427013,,,False,False,True
2021-08-31,31.294294,9.642839722801,14,4.3138777447047145,40,12.325364984870614,5,1.5406706231088267,77,23.726327595875933,18.81312,5.7969642512034625,8,2.465072996974123,24,7.395218990922368,3,0.924402373865296,48,14.790437981844736,101.27851170921326,31.207365548513643,66.0,20.336852225036512,123.0,37.900497328477144,40.0,12.325364984870614,214.0,65.94070266905779,,,False,False,True
2021-09-01,28.379383,8.744656224735081,12,3.697609495461184,38,11.709096735627085,4,1.2325364984870615,82,25.26699821898476,20.692762,6.376146484399214,9,2.7732071215958882,27,8.319621364787665,3,0.924402373865296,59,18.179913352684157,111.17829285240174,34.25782594501708,69.0,21.26125459890181,136.0,41.90624094856009,43.0,13.249767358735909,239.0,73.64405578460193,,,False,False,True
2021-09-02,33.721115,10.390626266598701,14,4.3138777447047145,44,13.557901483357677,5,1.5406706231088267,93,28.656473589824177,22.7772,7.018433097982779,9,2.7732071215958882,30,9.244023738652961,3,0.924402373865296,60,18.488047477305923,122.13740390014648,37.634702034346624,75.0,23.1100593466324,149.0,45.91198456864304,46.0,14.174169732601205,271.0,83.5043477724984,,,False,False,True
