,Unnamed: 0,Raw Prediction Mean,Raw Prediction Mean 100k,Raw Prediction Q25,Raw Prediction Q25 100k,Raw Prediction Q75,Raw Prediction Q75 100k,Raw Prediction Q5,Raw Prediction Q5 100k,Raw Prediction Q95,Raw Prediction Q95 100k,Trend Prediction Mean,Trend Prediction Mean 100k,Trend Prediction Q25,Trend Prediction Q25 100k,Trend Prediction Q75,Trend Prediction Q75 100k,Trend Prediction Q5,Trend Prediction Q5 100k,Trend Prediction Q95,Trend Prediction Q95 100k,Trend 7Day Prediction Mean,Trend 7Day Prediction Mean 100k,Trend 7Day Prediction Q25,Trend 7Day Prediction Q25 100k,Trend 7Day Prediction Q75,Trend 7Day Prediction Q75 100k,Trend 7Day Prediction Q5,Trend 7Day Prediction Q5 100k,Trend 7Day Prediction Q95,Trend 7Day Prediction Q95 100k,RKI Meldedaten,RKI 7Day Incidence,is_nowcast,is_high,is_prediction
0,2020-05-14,1.1290601,0.4128869932173984,0,0.0,1,0.3656908814978698,0,0.0,5,1.8284544074893487,0.762494,0.2788371148199076,0,0.0,1,0.3656908814978698,0,0.0,3,1.0970726444936094,,,,,,,,,,,0.0,,False,False,False
1,2020-05-15,0.95968723,0.3509488806230365,0,0.0,1,0.3656908814978698,0,0.0,4,1.4627635259914793,0.84105486,0.3075660970353056,0,0.0,1,0.3656908814978698,0,0.0,4,1.4627635259914793,,,,,,,,,,,1.0,,False,False,False
2,2020-05-16,0.6724524,0.2459097004248178,0,0.0,1,0.3656908814978698,0,0.0,3,1.0970726444936094,0.9301398,0.3401436288186232,0,0.0,1,0.3656908814978698,0,0.0,3,1.0970726444936094,,,,,,,,,,,2.0,,False,False,False
3,2020-05-17,0.7736619,0.2829211098287487,0,0.0,1,0.3656908814978698,0,0.0,3,1.0970726444936094,1.0313629,0.3771599949686788,0,0.0,1,0.3656908814978698,0,0.0,4,1.4627635259914793,,,,,,,,,,,0.0,,False,False,False
4,2020-05-18,0.8566573,0.3132717665721429,0,0.0,1,0.3656908814978698,0,0.0,4,1.4627635259914793,1.1466143,0.4193063887214521,0,0.0,2,0.7313817629957396,0,0.0,4,1.4627635259914793,,,,,,,,,,,0.0,,False,False,False
5,2020-05-19,1.3962102,0.5105813215777744,0,0.0,2,0.7313817629957396,0,0.0,5,1.8284544074893487,1.2781109,0.4673934654420009,0,0.0,2,0.7313817629957396,0,0.0,5,1.8284544074893487,,,,,,,,,,,1.0,,False,False,False
6,2020-05-20,2.066369,0.7556523087259848,0,0.0,3,1.0970726444936094,0,0.0,8,2.9255270519829586,1.4284626,0.5223757398198359,0,0.0,2,0.7313817629957396,0,0.0,5,1.8284544074893487,7.418241131305694,2.7127831384709347,3.0,1.0970726444936094,10.0,3.6569088149786975,1.0,0.3656908814978698,18.0,6.582435866961657,0.0,4.0,False,False,False
7,2020-05-21,1.7095641,0.6251720151340123,0,0.0,3,1.0970726444936094,0,0.0,6,2.194145288987219,1.6007397,0.5853759375895606,0,0.0,2,0.7313817629957396,0,0.0,5,1.8284544074893487,8.256486852288246,3.019321955088861,4.0,1.4627635259914793,11.0,4.0225996964765685,1.0,0.3656908814978698,19.0,6.948126748459528,1.0,5.0,False,False,False
8,2020-05-22,2.2009742,0.8048761628742795,0,0.0,3,1.0970726444936094,0,0.0,8,2.9255270519829586,1.7985739,0.6577220574399689,0,0.0,2,0.7313817629957396,0,0.0,6,2.194145288987219,9.214005413174627,3.3694777616699745,5.0,1.8284544074893487,12.0,4.388290577974438,2.0,0.7313817629957396,21.0,7.679508511455267,6.0,10.0,False,False,False
9,2020-05-23,1.8954511,0.6931491498107789,0,0.0,3,1.0970726444936094,0,0.0,7,2.559836170485089,2.026261,0.7409852059936384,0,0.0,3,1.0970726444936094,0,0.0,7,2.559836170485089,10.310125081777572,3.770318729508538,6.0,2.194145288987219,13.0,4.753981459472309,2.0,0.7313817629957396,23.0,8.410890274451006,1.0,9.0,False,False,False
10,2020-05-24,1.3105211,0.479245636597625,0,0.0,2,0.7313817629957396,0,0.0,5,1.8284544074893487,2.2888973,0.8370288924197666,0,0.0,3,1.0970726444936094,0,0.0,9,3.2912179334808287,11.567657773017883,4.230186967880596,6.0,2.194145288987219,15.0,5.485363222468048,3.0,1.0970726444936094,25.0,9.142272037446746,0.0,9.0,False,False,False
11,2020-05-25,2.2907157,0.8376938239962328,0,0.0,3,1.0970726444936094,0,0.0,7,2.559836170485089,2.5925453,0.9480701919528656,0,0.0,4,1.4627635259914793,0,0.0,9,3.2912179334808287,13.013586769104004,4.758950017042659,7.0,2.559836170485089,17.0,6.216744985463788,3.0,1.0970726444936094,29.0,10.605035563438223,1.0,10.0,False,False,False
12,2020-05-26,3.9071324,1.428802715963684,1,0.3656908814978698,6,2.194145288987219,0,0.0,13,4.753981459472309,2.9444282,1.0767505045805592,0,0.0,4,1.4627635259914793,0,0.0,10,3.6569088149786975,14.679902093887328,5.368306337016082,8.0,2.9255270519829586,20.0,7.313817629957397,4.0,1.4627635259914793,31.0,11.336417326433963,6.0,15.0,False,False,False
13,2020-05-27,5.654171,2.0676787244156003,1,0.3656908814978698,8,2.9255270519829586,0,0.0,17,6.216744985463788,3.353178,1.2262265954632312,1,0.3656908814978698,5,1.8284544074893487,0,0.0,12,4.388290577974438,16.604616787910462,6.072156950105305,10.0,3.6569088149786975,21.0,7.679508511455267,5.0,1.8284544074893487,34.0,12.433489970927576,7.0,22.0,False,False,False
14,2020-05-28,4.171686,1.525547577330144,1,0.3656908814978698,6,2.194145288987219,0,0.0,15,5.485363222468048,3.8291316,1.4002785064803902,1,0.3656908814978698,5,1.8284544074893487,0,0.0,14,5.119672340970178,18.833010221481324,6.887060109151899,11.0,4.0225996964765685,25.0,9.142272037446746,5.0,1.8284544074893487,40.0,14.627635259914792,6.0,27.0,False,False,False
15,2020-05-29,3.6918175,1.3500640307029244,1,0.3656908814978698,5,1.8284544074893487,0,0.0,13,4.753981459472309,4.3847075,1.6034475265769288,1,0.3656908814978698,6,2.194145288987219,0,0.0,15,5.485363222468048,21.419144578933714,7.83278586200059,13.0,4.753981459472309,28.0,10.239344681940356,6.0,2.194145288987219,46.0,16.821780548902012,3.0,24.0,False,False,False
16,2020-05-30,3.6698625,1.3420352843240837,1,0.3656908814978698,5,1.8284544074893487,0,0.0,13,4.753981459472309,5.034843,1.8411961718811651,1,0.3656908814978698,7,2.559836170485089,0,0.0,17,6.216744985463788,24.427727974891663,8.932997376128307,15.0,5.485363222468048,32.0,11.702108207931834,8.0,2.9255270519829586,51.0,18.65023495639136,4.0,27.0,False,False,False
17,2020-05-31,3.6777308,1.3449126527120825,1,0.3656908814978698,5,1.8284544074893487,0,0.0,14,5.119672340970178,5.7975736,2.120119825121946,1,0.3656908814978698,8,2.9255270519829586,0,0.0,21,7.679508511455267,27.9364038438797,10.216088147548849,17.0,6.216744985463788,36.0,13.164871733923317,9.0,3.2912179334808287,60.0,21.941452889872192,9.0,36.0,False,False,False
18,2020-06-01,5.022392,1.8366428776062091,1,0.3656908814978698,7,2.559836170485089,0,0.0,18,6.582435866961657,6.694711,2.448194754833821,1,0.3656908814978698,9,3.2912179334808287,0,0.0,24,8.776581155948875,32.03857388305664,11.716214325229616,19.0,6.948126748459528,41.0,14.993326141412664,10.0,3.6569088149786975,72.0,26.32974346784663,0.0,35.0,False,False,False
19,2020-06-02,8.612284,3.1494335416937247,2,0.7313817629957396,11,4.0225996964765685,0,0.0,34,12.433489970927576,7.752741,2.83510671579279,1,0.3656908814978698,10,3.6569088149786975,0,0.0,28,10.239344681940356,36.84688984394074,13.474571627485595,21.0,7.679508511455267,46.0,16.821780548902012,11.0,4.0225996964765685,84.0,30.718034045821067,1.0,30.0,False,False,False
20,2020-06-03,15.738974,5.755598976975307,3,1.0970726444936094,22,8.045199392953137,0,0.0,60,21.941452889872192,9.003862,3.292630208306946,2,0.7313817629957396,12,4.388290577974438,0,0.0,32,11.702108207931834,42.49757695579529,15.54097637848834,24.0,8.776581155948875,54.0,19.747307600884973,12.0,4.388290577974438,99.0,36.20339726828912,7.0,30.0,False,False,False
21,2020-06-04,13.704954,5.011776738683693,3,1.0970726444936094,18,6.582435866961657,0,0.0,48,17.55316231189775,10.487358,3.8351310649886727,2,0.7313817629957396,13,4.753981459472309,0,0.0,39,14.261944378416924,49.15580381393433,17.975829227453996,26.0,9.507962918944616,61.0,22.30714377137006,12.0,4.388290577974438,117.0,42.785833135250776,7.0,31.0,True,False,False
22,2020-06-05,9.761,3.56950840796344,2,0.7313817629957396,13,4.753981459472309,0,0.0,38,13.896253496919057,12.251278,4.480180723476224,2,0.7313817629957396,15,5.485363222468048,0,0.0,40,14.627635259914792,57.02238861274719,20.852567556909616,29.0,10.605035563438223,71.0,25.96405258634876,14.0,5.119672340970178,140.0,51.19672340970178,4.0,32.0,True,False,False
23,2020-06-06,7.309149,2.67288905888563,1,0.3656908814978698,9,3.2912179334808287,0,0.0,27,9.873653800442488,14.3546095,5.249349851510488,3,1.0970726444936094,18,6.582435866961657,0,0.0,51,18.65023495639136,66.34214570903778,24.26071774479815,31.0,11.336417326433963,84.0,30.718034045821067,14.0,5.119672340970178,164.0,59.97330456565066,0.0,28.0,True,False,False
24,2020-06-07,8.847478,3.2354419090552256,1,0.3656908814978698,10,3.6569088149786975,0,0.0,30,10.970726444936096,16.86981,6.1691360315307975,3,1.0970726444936094,20,7.313817629957397,0,0.0,63,23.0385255343658,77.41438369750976,28.30973421495667,35.0,12.799180852425446,98.0,35.83770638679125,15.0,5.485363222468048,201.0,73.50386718107184,1.0,20.0,True,False,False
25,2020-06-08,16.150333,5.90602976444643,2,0.7313817629957396,19,6.948126748459528,0,0.0,54,19.747307600884973,19.886372,7.272265065694228,3,1.0970726444936094,22,8.045199392953137,0,0.0,69,25.23267082335302,90.60604074668883,33.133802909688555,37.0,13.530562615421184,112.0,40.95737872776142,16.0,5.851054103965917,239.0,87.4001206779909,0.0,20.0,True,False,False
26,2020-06-09,34.025185,12.4426995171234,5,1.8284544074893487,37,13.530562615421184,0,0.0,130,47.53981459472308,23.514969,8.599209832027555,4,1.4627635259914793,25,9.142272037446746,0,0.0,82,29.98665228282533,106.36826961708068,38.89790627967332,43.0,15.724707904408405,131.0,47.90550547622095,18.0,6.582435866961657,285.0,104.2219012268929,,,False,False,True
27,2020-06-10,63.670162,23.283598420675844,9,3.2912179334808287,73,26.6954343493445,1,0.3656908814978698,211,77.16077599605053,27.892948,10.200196993537247,4,1.4627635259914793,31,11.336417326433963,0,0.0,101,36.934779031284855,125.25736447143557,45.80547602765923,46.0,16.821780548902012,150.0,54.85363222468048,19.0,6.948126748459528,357.0,130.55164469473954,,,False,False,True
28,2020-06-11,56.66937,20.723471243400127,8,2.9255270519829586,59,21.575762008374323,1,0.3656908814978698,220,80.45199392953137,33.191235,12.137732119299471,4,1.4627635259914793,35,12.799180852425446,0,0.0,112,40.95737872776142,147.96122027778625,54.10806907088415,51.0,18.65023495639136,171.0,62.53314073613574,20.0,7.313817629957397,413.0,151.03033405862024,,,False,False,True
29,2020-06-12,54.846207,20.056757784914225,7,2.559836170485089,55,20.11299848238284,1,0.3656908814978698,206,75.33232158856119,39.623043,14.48978582629934,6,2.194145288987219,41,14.993326141412664,0,0.0,153,55.95070486917408,175.3329776725769,64.11767116073098,57.0,20.84438024537858,208.0,76.06370335155694,23.0,8.410890274451006,521.0,190.52494926039017,,,False,False,True
30,2020-06-13,44.741543,16.36157394386828,5,1.8284544074893487,45,16.456089667404143,0,0.0,181,66.19004955111444,47.455406,17.354008741676807,6,2.194145288987219,47,17.18747143039988,0,0.0,175,63.995904262127226,208.4337675180435,76.2223281775954,64.0,23.40421641586367,248.0,90.69133861147172,24.0,8.776581155948875,615.0,224.89989212119,,,False,False,True
