,Unnamed: 0,Raw Prediction Mean,Raw Prediction Mean 100k,Raw Prediction Q25,Raw Prediction Q25 100k,Raw Prediction Q75,Raw Prediction Q75 100k,Raw Prediction Q5,Raw Prediction Q5 100k,Raw Prediction Q95,Raw Prediction Q95 100k,Trend Prediction Mean,Trend Prediction Mean 100k,Trend Prediction Q25,Trend Prediction Q25 100k,Trend Prediction Q75,Trend Prediction Q75 100k,Trend Prediction Q5,Trend Prediction Q5 100k,Trend Prediction Q95,Trend Prediction Q95 100k,Trend 7Day Prediction Mean,Trend 7Day Prediction Mean 100k,Trend 7Day Prediction Q25,Trend 7Day Prediction Q25 100k,Trend 7Day Prediction Q75,Trend 7Day Prediction Q75 100k,Trend 7Day Prediction Q5,Trend 7Day Prediction Q5 100k,Trend 7Day Prediction Q95,Trend 7Day Prediction Q95 100k,RKI Meldedaten,RKI 7Day Incidence,is_nowcast,is_high,is_prediction
0,2020-07-24,0.24091446,0.0573461136355035,0,0.0,0,0.0,0,0.0,1,0.2380351625542125,0.18040365,0.0429424119374743,0,0.0,0,0.0,0,0.0,1,0.2380351625542125,,,,,,,,,,,0.0,,False,False,False
1,2020-07-25,0.120937236,0.0287873149318329,0,0.0,0,0.0,0,0.0,1,0.2380351625542125,0.20725858,0.0493348295549367,0,0.0,0,0.0,0,0.0,1,0.2380351625542125,,,,,,,,,,,0.0,,False,False,False
2,2020-07-26,0.119888395,0.0285376529518543,0,0.0,0,0.0,0,0.0,1,0.2380351625542125,0.23870677,0.0568206019124772,0,0.0,0,0.0,0,0.0,1,0.2380351625542125,,,,,,,,,,,0.0,,False,False,False
3,2020-07-27,0.21615809,0.0514532246143062,0,0.0,0,0.0,0,0.0,1,0.2380351625542125,0.27562252,0.0656078498195711,0,0.0,0,0.0,0,0.0,1,0.2380351625542125,,,,,,,,,,,0.0,,False,False,False
4,2020-07-28,0.40539846,0.0964990931606735,0,0.0,1,0.2380351625542125,0,0.0,2,0.476070325108425,0.3190631,0.0759482361445407,0,0.0,0,0.0,0,0.0,1,0.2380351625542125,,,,,,,,,,,0.0,,False,False,False
5,2020-07-29,0.6366942,0.1515556050435407,0,0.0,1,0.2380351625542125,0,0.0,2,0.476070325108425,0.37030822,0.0881463790847192,0,0.0,1,0.2380351625542125,0,0.0,2,0.476070325108425,,,,,,,,,,,1.0,,False,False,False
6,2020-07-30,0.650352,0.1548066393297631,0,0.0,1,0.2380351625542125,0,0.0,3,0.7141054876626375,0.43091413,0.1025727215164806,0,0.0,1,0.2380351625542125,0,0.0,2,0.476070325108425,2.022277319356799,0.4813731104427928,1.0,0.2380351625542125,3.0,0.7141054876626375,0.0,0.0,6.0,1.428210975325275,0.0,1.0,False,False,False
7,2020-07-31,0.67969036,0.1617902057660103,0,0.0,1,0.2380351625542125,0,0.0,3,0.7141054876626375,0.5027738,0.1196778498524508,0,0.0,1,0.2380351625542125,0,0.0,2,0.476070325108425,2.3446472870707518,0.5581084981101797,1.0,0.2380351625542125,3.0,0.7141054876626375,0.0,0.0,6.0,1.428210975325275,2.0,3.0,False,False,False
8,2020-08-01,0.3678093,0.0875515468123921,0,0.0,1,0.2380351625542125,0,0.0,2,0.476070325108425,0.5882,0.1400122755512711,0,0.0,1,0.2380351625542125,0,0.0,3,0.7141054876626375,2.725588495403528,0.6487859005592703,1.0,0.2380351625542125,4.0,0.95214065021685,0.0,0.0,7.0,1.6662461378794875,0.0,3.0,False,False,False
9,2020-08-02,0.38662142,0.0920294894513062,0,0.0,1,0.2380351625542125,0,0.0,2,0.476070325108425,0.6900231,0.1642497636566986,0,0.0,1,0.2380351625542125,0,0.0,3,0.7141054876626375,3.176904624611139,0.756215008738542,1.0,0.2380351625542125,4.0,0.95214065021685,0.0,0.0,8.0,1.9042813004337,0.0,3.0,False,False,False
10,2020-08-03,0.65908873,0.1568862899148371,0,0.0,1,0.2380351625542125,0,0.0,3,0.7141054876626375,0.81171757,0.1932173290697392,0,0.0,1,0.2380351625542125,0,0.0,3,0.7141054876626375,3.7129996858239176,0.8838244837788362,2.0,0.476070325108425,5.0,1.1901758127710624,0.0,0.0,9.0,2.142316462987913,0.0,3.0,False,False,False
11,2020-08-04,1.228929,0.2925283297372516,0,0.0,2,0.476070325108425,0,0.0,4,0.95214065021685,0.9575609,0.2279331738463952,0,0.0,1,0.2380351625542125,0,0.0,4,0.95214065021685,4.351497491121292,1.0358094126533046,2.0,0.476070325108425,6.0,1.428210975325275,1.0,0.2380351625542125,10.0,2.380351625542125,4.0,7.0,False,False,False
12,2020-08-05,1.9430774,0.4625207566277822,0,0.0,3,0.7141054876626375,0,0.0,6,1.428210975325275,1.1328304,0.2696534693313879,0,0.0,2,0.476070325108425,0,0.0,4,0.95214065021685,5.114019669413566,1.2173165033142983,3.0,0.7141054876626375,7.0,1.6662461378794875,1.0,0.2380351625542125,11.0,2.6183867880963376,1.0,7.0,False,False,False
13,2020-08-06,1.9490359,0.463939068140462,0,0.0,3,0.7141054876626375,0,0.0,6,1.428210975325275,1.3440593,0.3199333832526463,0,0.0,2,0.476070325108425,0,0.0,5,1.1901758127710624,6.0271646373271945,1.43467711418718,4.0,0.95214065021685,8.0,1.9042813004337,1.0,0.2380351625542125,12.0,2.85642195065055,5.0,12.0,False,False,False
14,2020-08-07,2.1468036,0.5110147412779042,0,0.0,3,0.7141054876626375,0,0.0,7,1.6662461378794875,1.5993543,0.380702545044187,0,0.0,2,0.476070325108425,0,0.0,5,1.1901758127710624,7.123744986534119,1.6957017958644054,4.0,0.95214065021685,9.0,2.142316462987913,2.0,0.476070325108425,15.0,3.5705274383131878,1.0,11.0,False,False,False
15,2020-08-08,1.2069706,0.287301440948795,0,0.0,2,0.476070325108425,0,0.0,4,0.95214065021685,1.9088056,0.4543628620012896,0,0.0,3,0.7141054876626375,0,0.0,6,1.428210975325275,8.4443515021801,2.0100525824863484,5.0,1.1901758127710624,11.0,2.6183867880963376,2.0,0.476070325108425,17.0,4.046597763421613,0.0,11.0,False,False,False
16,2020-08-09,1.2877367,0.3065266128032817,0,0.0,2,0.476070325108425,0,0.0,4,0.95214065021685,2.2850127,0.5439133929030504,1,0.2380351625542125,4,0.95214065021685,0,0.0,8,1.9042813004337,10.039340294361114,2.389715998905303,6.0,1.428210975325275,13.0,3.0944571132047627,3.0,0.7141054876626375,21.0,4.998738413638463,1.0,12.0,False,False,False
17,2020-08-10,2.1930869,0.5220317689236253,0,0.0,3,0.7141054876626375,0,0.0,6,1.428210975325275,2.7437387,0.6531062808790011,1,0.2380351625542125,4,0.95214065021685,0,0.0,8,1.9042813004337,11.971361487388611,2.8496049776457872,7.0,1.6662461378794875,16.0,3.8085626008674,4.0,0.95214065021685,24.0,5.7128439013011,4.0,16.0,False,False,False
18,2020-08-11,4.1386776,0.9851508366409688,1,0.2380351625542125,6,1.428210975325275,0,0.0,12,2.85642195065055,3.304787,0.786655527917901,1,0.2380351625542125,5,1.1901758127710624,0,0.0,12,2.85642195065055,14.318586184501648,3.408326989974351,9.0,2.142316462987913,19.0,4.522668088530038,5.0,1.1901758127710624,29.0,6.903019714072163,2.0,14.0,False,False,False
19,2020-08-12,6.5923433,1.569209598528687,2,0.476070325108425,9,2.142316462987913,0,0.0,19,4.522668088530038,3.9930844,0.9504945410299116,1,0.2380351625542125,6,1.428210975325275,0,0.0,12,2.85642195065055,17.178841104507445,4.089168234804417,11.0,2.6183867880963376,23.0,5.474808738746887,6.0,1.428210975325275,36.0,8.56926585195165,3.0,16.0,False,False,False
20,2020-08-13,6.9632297,1.6574935216340236,2,0.476070325108425,9,2.142316462987913,0,0.0,22,5.236773576192675,4.840128,1.1521206033648923,1,0.2380351625542125,7,1.6662461378794875,0,0.0,14,3.332492275758975,20.674911507129668,4.92135592139357,13.0,3.0944571132047627,27.0,6.426949388963737,7.0,1.6662461378794875,43.0,10.235511989831137,6.0,17.0,False,False,False
21,2020-08-14,7.5985217,1.8087153875967488,2,0.476070325108425,11,2.6183867880963376,0,0.0,26,6.188914226409525,5.8858128,1.401030385750346,2,0.476070325108425,7,1.6662461378794875,0,0.0,17,4.046597763421613,24.96136885881424,5.941683493883505,15.0,3.5705274383131878,32.0,7.6171252017348,8.0,1.9042813004337,53.0,12.615863615373264,5.0,21.0,True,False,False
22,2020-08-15,4.4388857,1.0566108358034398,1,0.2380351625542125,6,1.428210975325275,0,0.0,15,3.5705274383131878,7.180829,1.709289790596813,2,0.476070325108425,9,2.142316462987913,0,0.0,22,5.236773576192675,30.233396536827087,7.196611459209601,17.0,4.046597763421613,39.0,9.283371339614288,9.0,2.142316462987913,71.0,16.90049654134909,5.0,26.0,True,False,False
23,2020-08-16,4.8389277,1.1518349310790654,1,0.2380351625542125,7,1.6662461378794875,0,0.0,19,4.522668088530038,8.789817,2.092285467369948,2,0.476070325108425,11,2.6183867880963376,0,0.0,28,6.66498455151795,36.73819782543183,8.744982891325481,19.0,4.522668088530038,45.0,10.711582314939562,11.0,2.6183867880963376,83.0,19.75691849199964,0.0,25.0,True,False,False
24,2020-08-17,8.942976,2.128742744389456,2,0.476070325108425,11,2.6183867880963376,0,0.0,29,6.903019714072163,10.79538,2.569679963926319,3,0.7141054876626375,15,3.5705274383131878,0,0.0,35,8.331230689397438,44.78984057426453,10.66155698187232,22.0,5.236773576192675,55.0,13.091933940481686,12.0,2.85642195065055,104.0,24.7556569056381,8.0,29.0,True,False,False
25,2020-08-18,18.914036,4.502205410972238,5,1.1901758127710624,25,5.950879063855313,1,0.2380351625542125,61,14.52014491580696,13.303502,3.166701208101585,3,0.7141054876626375,17,4.046597763421613,0,0.0,46,10.949617477493774,54.78856076526642,13.041603967871543,26.0,6.188914226409525,66.0,15.710320728578024,15.0,3.5705274383131878,141.0,33.562957920143965,5.0,32.0,True,False,False
26,2020-08-19,29.696745,7.068869308568537,8,1.9042813004337,35,8.331230689397438,2,0.476070325108425,105,24.993692068192317,16.450518,3.9158017898444086,4,0.95214065021685,20,4.76070325108425,0,0.0,62,14.758180078361177,67.2460044260025,16.0069135946648,29.0,6.903019714072163,82.0,19.518883329445423,15.0,3.5705274383131878,174.0,41.41811828443298,,,False,False,True
27,2020-08-20,31.646116,7.532888412242755,6,1.428210975325275,37,8.807301014505862,1,0.2380351625542125,106,25.231727230746525,20.41244,4.85887831018772,4,0.95214065021685,24,5.7128439013011,1,0.2380351625542125,71,16.90049654134909,82.81830839538574,19.713669501360545,35.0,8.331230689397438,95.0,22.613340442650188,17.0,4.046597763421613,218.0,51.89166543681832,,,False,False,True
28,2020-08-21,35.326027,8.40883658383973,7,1.6662461378794875,40,9.5214065021685,2,0.476070325108425,133,31.65867661971026,25.41703,6.050146839697845,5,1.1901758127710624,28,6.66498455151795,1,0.2380351625542125,90,21.423164629879125,102.34951313877106,24.36278299733188,41.0,9.759441664722711,126.0,29.992430481830777,19.0,4.522668088530038,278.0,66.17377519007108,,,False,False,True
29,2020-08-22,20.312523,4.835094659938477,4,0.95214065021685,23,5.474808738746887,0,0.0,79,18.804777841782787,31.760166,7.5600364652927965,6,1.428210975325275,37,8.807301014505862,1,0.2380351625542125,116,27.61207885628865,126.92886301994324,30.21353254177356,48.0,11.4256878026022,155.0,36.89545019590294,20.0,4.76070325108425,379.0,90.21532660804654,,,False,False,True
30,2020-08-23,22.111315,5.263270577415824,4,0.95214065021685,23,5.474808738746887,0,0.0,74,17.614602029011724,39.827423,9.480326843913645,7,1.6662461378794875,43,10.235511989831137,1,0.2380351625542125,163,38.79973149633664,157.96645427799226,37.601570622174464,55.0,13.091933940481686,179.0,42.60829409720404,23.0,5.474808738746887,516.0,122.82614387797364,,,False,False,True
