,Unnamed: 0,Raw Prediction Mean,Raw Prediction Mean 100k,Raw Prediction Q25,Raw Prediction Q25 100k,Raw Prediction Q75,Raw Prediction Q75 100k,Raw Prediction Q5,Raw Prediction Q5 100k,Raw Prediction Q95,Raw Prediction Q95 100k,Trend Prediction Mean,Trend Prediction Mean 100k,Trend Prediction Q25,Trend Prediction Q25 100k,Trend Prediction Q75,Trend Prediction Q75 100k,Trend Prediction Q5,Trend Prediction Q5 100k,Trend Prediction Q95,Trend Prediction Q95 100k,Trend 7Day Prediction Mean,Trend 7Day Prediction Mean 100k,Trend 7Day Prediction Q25,Trend 7Day Prediction Q25 100k,Trend 7Day Prediction Q75,Trend 7Day Prediction Q75 100k,Trend 7Day Prediction Q5,Trend 7Day Prediction Q5 100k,Trend 7Day Prediction Q95,Trend 7Day Prediction Q95 100k,RKI Meldedaten,RKI 7Day Incidence,is_nowcast,is_high,is_prediction
0,2020-05-01,14.6740675,3.144508082186803,5,1.0714507657658623,19,4.071512909910276,1,0.2142901531531724,44,9.428766738739588,22.775099,4.880479536950588,7,1.5000310720722072,29,6.214414441442002,2,0.4285803063063449,74,15.85747133333476,,,,,,,,,,,11.0,,False,False,False
1,2020-05-02,8.380665,1.795893876987975,2,0.4285803063063449,12,2.571481837838069,0,0.0,27,5.785834135135657,18.68794,4.004641596111469,6,1.2857409189190347,25,5.357253828829311,1,0.2142901531531724,58,12.428828882884003,,,,,,,,,,,10.0,,False,False,False
2,2020-05-03,5.917039,1.2679632163781207,2,0.4285803063063449,8,1.7143212252253797,0,0.0,19,4.071512909910276,15.3610115,3.2917134376475587,5,1.0714507657658623,22,4.714383369369794,1,0.2142901531531724,45,9.64305689189276,,,,,,,,,,,3.0,,False,False,False
3,2020-05-04,9.173634,1.96581931959372,3,0.6428704594595174,13,2.785771990991242,0,0.0,27,5.785834135135657,12.648315,2.710409535211511,4,0.8571606126126898,18,3.8572227567571047,1,0.2142901531531724,38,8.143025819820553,,,,,,,,,,,8.0,,False,False,False
4,2020-05-05,14.465713,3.099859895883128,5,1.0714507657658623,20,4.285803063063449,1,0.2142901531531724,43,9.214476585586416,10.432729,2.235631109215319,3,0.6428704594595174,15,3.2143522972975864,0,0.0,29,6.214414441442002,,,,,,,,,,,11.0,,False,False,False
5,2020-05-06,15.639366,3.351362101966515,5,1.0714507657658623,21,4.500093216216622,1,0.2142901531531724,45,9.64305689189276,8.620088,1.8471999283065088,3,0.6428704594595174,12,2.571481837838069,0,0.0,27,5.785834135135657,,,,,,,,,,,10.0,,False,False,False
6,2020-05-07,11.043361,2.3664833861403167,4,0.8571606126126898,15,3.2143522972975864,1,0.2142901531531724,33,7.071575054054691,7.134645,1.5288842405425385,3,0.6428704594595174,10,2.1429015315317246,0,0.0,21,4.500093216216622,95.65983108520508,20.498959853855204,62.0,13.285989495496692,120.0,25.71481837838069,36.0,7.714445513514209,202.0,43.28661093694083,10.0,63.0,False,False,False
7,2020-05-08,9.475551,2.030517134699039,3,0.6428704594595174,13,2.785771990991242,0,0.0,26,5.571543981982484,5.915285,1.267587322217878,2,0.4285803063063449,8,1.7143212252253797,0,0.0,16,3.4286424504507598,78.80003458786011,16.88607148030783,51.0,10.928797810811796,98.0,21.000435009010904,30.0,6.428704594595173,155.0,33.21497373874173,11.0,63.0,False,False,False
8,2020-05-09,4.3377357,0.929534053284442,1,0.2142901531531724,7,1.5000310720722072,0,0.0,14,3.0000621441444144,4.9126854,1.0527401173021644,1,0.2142901531531724,6,1.2857409189190347,0,0.0,14,3.0000621441444144,65.02478374290466,13.934170867018958,43.0,9.214476585586416,81.0,17.35750240540697,25.0,5.357253828829311,129.0,27.643429756759247,2.0,55.0,False,False,False
9,2020-05-10,3.5720568,0.7654565706616268,1,0.2142901531531724,5,1.0714507657658623,0,0.0,10,2.1429015315317246,4.086941,0.8757911928114481,1,0.2142901531531724,6,1.2857409189190347,0,0.0,12,2.571481837838069,53.7507147102356,11.518248887348866,36.0,7.714445513514209,65.0,13.92885995495621,21.0,4.500093216216622,106.0,22.71475623423628,7.0,59.0,False,False,False
10,2020-05-11,3.0683968,0.6575272436748492,1,0.2142901531531724,4,0.8571606126126898,0,0.0,10,2.1429015315317246,3.405729,0.7298142008949071,1,0.2142901531531724,5,1.0714507657658623,0,0.0,12,2.571481837838069,44.50812484550476,9.537652889703734,30.0,6.428704594595173,56.0,12.000248576577658,17.0,3.642932603603932,85.0,18.21466301801966,0.0,51.0,False,False,False
11,2020-05-12,3.8611064,0.8273970706795808,1,0.2142901531531724,6,1.2857409189190347,0,0.0,12,2.571481837838069,2.8428288,0.6091901923355181,1,0.2142901531531724,4,0.8571606126126898,0,0.0,9,1.9286113783785523,36.918225023269656,7.911212094379739,25.0,5.357253828829311,46.0,9.857347045045932,14.0,3.0000621441444144,69.0,14.7860205675689,5.0,45.0,False,False,False
12,2020-05-13,4.5340137,0.9715945452626328,1,0.2142901531531724,7,1.5000310720722072,0,0.0,13,2.785771990991242,2.3769257,0.5093517756904475,1,0.2142901531531724,3,0.6428704594595174,0,0.0,7,1.5000310720722072,30.67505446624756,6.573362119554096,21.0,4.500093216216622,37.0,7.92873566666738,13.0,2.785771990991242,55.0,11.785958423424486,4.0,39.0,False,False,False
13,2020-05-14,2.7492642,0.5891402452107286,1,0.2142901531531724,4,0.8571606126126898,0,0.0,8,1.7143212252253797,1.9906819,0.4265835286787478,0,0.0,3,0.6428704594595174,0,0.0,6,1.2857409189190347,25.531086544036864,5.47106044568856,17.0,3.642932603603932,32.0,6.857284900901519,10.0,2.1429015315317246,47.0,10.071637198199106,6.0,35.0,False,False,False
14,2020-05-15,2.5676534,0.5502228304976597,1,0.2142901531531724,4,0.8571606126126898,0,0.0,9,1.9286113783785523,1.6699512,0.3578541054594097,0,0.0,2,0.4285803063063449,0,0.0,6,1.2857409189190347,21.285747170448303,4.561326021135074,14.0,3.0000621441444144,27.0,5.785834135135657,7.0,1.5000310720722072,40.0,8.571606126126898,3.0,27.0,False,False,False
15,2020-05-16,1.1900452,0.2550149702074122,0,0.0,2,0.4285803063063449,0,0.0,4,0.8571606126126898,1.4031954,0.3006909537361935,0,0.0,2,0.4285803063063449,0,0.0,5,1.0714507657658623,17.776254288196565,3.809276253907381,12.0,2.571481837838069,22.0,4.714383369369794,6.0,1.2857409189190347,34.0,7.285865207207864,4.0,29.0,False,False,False
16,2020-05-17,0.79598796,0.1705723775557999,0,0.0,1,0.2142901531531724,0,0.0,3,0.6428704594595174,1.1809734,0.2530709707571077,0,0.0,2,0.4285803063063449,0,0.0,5,1.0714507657658623,14.870285089492798,3.186555669258748,10.0,2.1429015315317246,19.0,4.071512909910276,5.0,1.0714507657658623,32.0,6.857284900901519,0.0,22.0,False,False,False
17,2020-05-18,0.93277705,0.1998849256779067,0,0.0,1,0.2142901531531724,0,0.0,4,0.8571606126126898,0.9955541,0.2133374437107704,0,0.0,1,0.2142901531531724,0,0.0,3,0.6428704594595174,12.46010943698883,2.670078759557626,8.0,1.7143212252253797,16.0,3.4286424504507598,4.0,0.8571606126126898,26.0,5.571543981982484,0.0,22.0,False,False,False
18,2020-05-19,1.3585718,0.2911285491791204,0,0.0,2,0.4285803063063449,0,0.0,5,1.0714507657658623,0.8405987,0.1801320195227163,0,0.0,1,0.2142901531531724,0,0.0,3,0.6428704594595174,10.457879477500915,2.2410205948910904,6.0,1.2857409189190347,13.0,2.785771990991242,3.0,0.6428704594595174,22.0,4.714383369369794,0.0,17.0,False,False,False
19,2020-05-20,1.4149227,0.3032040012840298,0,0.0,2,0.4285803063063449,0,0.0,5,1.0714507657658623,0.7108952,0.152337838699168,0,0.0,1,0.2142901531531724,0,0.0,3,0.6428704594595174,8.79184817790985,1.884006492543742,5.0,1.0714507657658623,12.0,2.571481837838069,2.0,0.4285803063063449,19.0,4.071512909910276,1.0,14.0,False,False,False
20,2020-05-21,0.8813602,0.1888668066385435,0,0.0,1,0.2142901531531724,0,0.0,3,0.6428704594595174,0.60215986,0.1290369255002588,0,0.0,1,0.2142901531531724,0,0.0,3,0.6428704594595174,7.403326978445053,1.586460072054004,4.0,0.8571606126126898,10.0,2.1429015315317246,1.0,0.2142901531531724,17.0,3.642932603603932,0.0,8.0,False,False,False
21,2020-05-22,0.6874912,0.147322589327814,0,0.0,1,0.2142901531531724,0,0.0,3,0.6428704594595174,0.5108594,0.1094721369554463,0,0.0,1,0.2142901531531724,0,0.0,2,0.4285803063063449,6.244235153913498,1.3380781074565469,3.0,0.6428704594595174,8.0,1.7143212252253797,1.0,0.2142901531531724,15.0,3.2143522972975864,1.0,6.0,True,False,False
22,2020-05-23,0.32906377,0.070515125116799,0,0.0,0,0.0,0,0.0,2,0.4285803063063449,0.43407986,0.0930190367398609,0,0.0,1,0.2142901531531724,0,0.0,2,0.4285803063063449,5.275120068669319,1.130406287416522,2.0,0.4285803063063449,7.0,1.5000310720722072,1.0,0.2142901531531724,13.0,2.785771990991242,0.0,2.0,True,False,False
23,2020-05-24,0.22456808,0.0481227289128582,0,0.0,0,0.0,0,0.0,2,0.4285803063063449,0.3694129,0.0791615491380071,0,0.0,1,0.2142901531531724,0,0.0,2,0.4285803063063449,4.463559978723526,0.9564969514490356,2.0,0.4285803063063449,6.0,1.2857409189190347,0.0,0.0,11.0,2.357191684684897,1.0,3.0,True,False,False
24,2020-05-25,0.21884517,0.0468963662569876,0,0.0,0,0.0,0,0.0,1,0.2142901531531724,0.31486377,0.0674722059557098,0,0.0,0,0.0,0,0.0,2,0.4285803063063449,3.7828693541288376,0.8106316532547111,2.0,0.4285803063063449,5.0,1.0714507657658623,0.0,0.0,10.0,2.1429015315317246,0.0,3.0,True,False,False
25,2020-05-26,0.28028262,0.0600618022872367,0,0.0,0,0.0,0,0.0,1,0.2142901531531724,0.26877987,0.057596878377808,0,0.0,0,0.0,0,0.0,2,0.4285803063063449,3.211050840497017,0.6880965763927289,1.0,0.2142901531531724,4.0,0.8571606126126898,0.0,0.0,9.0,1.9286113783785523,1.0,4.0,True,False,False
26,2020-05-27,0.36397082,0.0779953609253425,0,0.0,0,0.0,0,0.0,2,0.4285803063063449,0.22978854,0.0492414244490646,0,0.0,0,0.0,0,0.0,1,0.2142901531531724,2.7299441422224047,0.5850001483364451,1.0,0.2142901531531724,4.0,0.8571606126126898,0.0,0.0,8.0,1.7143212252253797,,,False,False,True
27,2020-05-28,0.22592817,0.0484141821743833,0,0.0,0,0.0,0,0.0,1,0.2142901531531724,0.19674878,0.042161326518908,0,0.0,0,0.0,0,0.0,1,0.2142901531531724,2.324533595070243,0.4981246600972969,1.0,0.2142901531531724,3.0,0.6428704594595174,0.0,0.0,7.0,1.5000310720722072,,,False,False,True
28,2020-05-29,0.1781764,0.0381814487582232,0,0.0,0,0.0,0,0.0,1,0.2142901531531724,0.16871092,0.0361530879899874,0,0.0,0,0.0,0,0.0,1,0.2142901531531724,1.9823852226138117,0.4248056329624995,0.0,0.0,3.0,0.6428704594595174,0.0,0.0,6.0,1.2857409189190347,,,False,False,True
29,2020-05-30,0.080103785,0.0171654519931507,0,0.0,0,0.0,0,0.0,1,0.2142901531531724,0.1448824,0.0310468720954304,0,0.0,0,0.0,0,0.0,1,0.2142901531531724,1.6931875622719526,0.3628334220363035,0.0,0.0,2.0,0.4285803063063449,0.0,0.0,5.0,1.0714507657658623,,,False,False,True
30,2020-05-31,0.06246994,0.0133866933538229,0,0.0,0,0.0,0,0.0,1,0.2142901531531724,0.12460159,0.0267008942955726,0,0.0,0,0.0,0,0.0,1,0.2142901531531724,1.448376161210239,0.3103727494091461,0.0,0.0,2.0,0.4285803063063449,0.0,0.0,5.0,1.0714507657658623,,,False,False,True
