,Unnamed: 0,Raw Prediction Mean,Raw Prediction Mean 100k,Raw Prediction Q25,Raw Prediction Q25 100k,Raw Prediction Q75,Raw Prediction Q75 100k,Raw Prediction Q5,Raw Prediction Q5 100k,Raw Prediction Q95,Raw Prediction Q95 100k,Trend Prediction Mean,Trend Prediction Mean 100k,Trend Prediction Q25,Trend Prediction Q25 100k,Trend Prediction Q75,Trend Prediction Q75 100k,Trend Prediction Q5,Trend Prediction Q5 100k,Trend Prediction Q95,Trend Prediction Q95 100k,Trend 7Day Prediction Mean,Trend 7Day Prediction Mean 100k,Trend 7Day Prediction Q25,Trend 7Day Prediction Q25 100k,Trend 7Day Prediction Q75,Trend 7Day Prediction Q75 100k,Trend 7Day Prediction Q5,Trend 7Day Prediction Q5 100k,Trend 7Day Prediction Q95,Trend 7Day Prediction Q95 100k,RKI Meldedaten,RKI 7Day Incidence,is_nowcast,is_high,is_prediction
0,2020-03-28,15.063731,12.143763160565868,7,5.643113386271112,20,16.123181103631747,2,1.6123181103631747,35,28.21556693135556,17.539824,14.139887935016304,8,6.449272441452699,23,18.54165826917651,3,2.418477165544762,41,33.05252126244508,,,,,,,,,,,28.0,,False,False,False
1,2020-03-29,8.732998,7.040185300866142,4,3.224636220726349,12,9.673908662179048,1,0.8061590551815874,22,17.73549921399492,15.570446,12.552256521303208,7,5.643113386271112,20,16.123181103631747,3,2.418477165544762,35,28.21556693135556,,,,,,,,,,,19.0,,False,False,False
2,2020-03-30,9.595263,7.7353077358566225,5,4.030795275907937,13,10.480067717360637,2,1.6123181103631747,25,20.153976379539685,13.830428,11.149524652864784,7,5.643113386271112,19,15.31702204845016,2,1.6123181103631747,34,27.40940787617397,,,,,,,,,,,0.0,,False,False,False
3,2020-03-31,13.209701,10.649119940353556,6,4.836954331089524,18,14.51086299326857,2,1.6123181103631747,31,24.990930710629208,12.292187,9.909457730827851,6,4.836954331089524,16,12.898544882905398,2,1.6123181103631747,30,24.18477165544762,,,,,,,,,,,19.0,,False,False,False
4,2020-04-01,15.095493,12.169368710601702,8,6.449272441452699,21,16.929340158813336,3,2.418477165544762,36,29.02172598653714,10.931513,8.812537998892367,5,4.030795275907937,15,12.09238582772381,2,1.6123181103631747,25,20.153976379539685,,,,,,,,,,,8.0,,False,False,False
5,2020-04-02,14.384824,11.596456170082092,7,5.643113386271112,19,15.31702204845016,2,1.6123181103631747,35,28.21556693135556,9.727202,7.841672049835324,5,4.030795275907937,13,10.480067717360637,1,0.8061590551815874,23,18.54165826917651,,,,,,,,,,,25.0,,False,True,False
6,2020-04-03,10.599329,8.544744923710823,5,4.030795275907937,15,12.09238582772381,2,1.6123181103631747,25,20.153976379539685,8.660671,6.981878686929122,4,3.224636220726349,12,9.673908662179048,1,0.8061590551815874,21,16.929340158813336,88.5522737236023,71.38721731920053,67.0,54.01265669716636,105.0,84.64670079406667,48.0,38.695634648716194,145.0,116.89306300133016,2.0,101.0,False,False,False
7,2020-04-04,6.8009734,5.482666165335104,3,2.418477165544762,9,7.255431496634285,1,0.8061590551815874,17,13.704703938086986,7.7156363,6.220029899850488,4,3.224636220726349,11,8.86774960699746,1,0.8061590551815874,19,15.31702204845016,78.7280758895874,63.46735127541409,60.0,48.36954331089524,92.0,74.16663307670603,44.0,35.47099842798984,130.0,104.80067717360636,3.0,76.0,False,False,False
8,2020-04-05,4.2176633,3.400107380002737,2,1.6123181103631747,6,4.836954331089524,0,0.0,11,8.86774960699746,6.8777432,5.544555097003467,3,2.418477165544762,9,7.255431496634285,1,0.8061590551815874,17,13.704703938086986,70.03537978363038,56.45965559565511,54.0,43.53258897980572,84.0,67.71736063525334,39.0,31.440203152081907,113.0,91.09597323551937,0.0,57.0,False,False,False
9,2020-04-06,4.879658,3.933780681109056,2,1.6123181103631747,7,5.643113386271112,0,0.0,13,10.480067717360637,6.1344523,4.945344335283153,3,2.418477165544762,8,6.449272441452699,1,0.8061590551815874,15,12.09238582772381,62.33939651489258,50.25546899503614,48.0,38.695634648716194,75.0,60.46192913861905,34.0,27.40940787617397,99.0,79.80974646297715,2.0,59.0,False,False,False
10,2020-04-07,6.3893504,5.1508326578186825,3,2.418477165544762,9,7.255431496634285,1,0.8061590551815874,16,12.898544882905398,5.4746895,4.4134703784948215,3,2.418477165544762,8,6.449272441452699,1,0.8061590551815874,14,11.286226772542223,55.52190133285522,44.75948352037988,43.0,34.66483937280825,67.0,54.01265669716636,30.0,24.18477165544762,91.0,73.36047402152445,2.0,42.0,False,False,False
11,2020-04-08,7.3580494,5.931758278165944,4,3.224636220726349,10,8.061590551815874,1,0.8061590551815874,18,14.51086299326857,4.8887424,3.941103932447732,2,1.6123181103631747,7,5.643113386271112,0,0.0,13,10.480067717360637,49.47914024925232,39.8880569545345,38.0,30.63404409690032,60.0,48.36954331089524,27.0,21.766294489902855,79.0,63.6865653593454,6.0,40.0,False,False,False
12,2020-04-09,6.591184,5.313542715157382,3,2.418477165544762,9,7.255431496634285,1,0.8061590551815874,17,13.704703938086986,4.3680634,3.5213539376854897,2,1.6123181103631747,6,4.836954331089524,0,0.0,12,9.673908662179048,44.12000333213806,35.5677402008449,34.0,27.40940787617397,54.0,43.53258897980572,24.0,19.347817324358097,70.0,56.43113386271112,9.0,24.0,False,False,False
13,2020-04-10,5.0256515,4.051474388688803,2,1.6123181103631747,7,5.643113386271112,0,0.0,13,10.480067717360637,3.905112,3.1481413316214457,2,1.6123181103631747,5,4.030795275907937,0,0.0,10,8.061590551815874,39.36443976593018,31.733999569454777,31.0,24.990930710629208,49.0,39.501793703897775,21.0,16.929340158813336,65.0,52.40033858680317,7.0,29.0,False,False,False
14,2020-04-11,3.160029,2.547485928516835,1,0.8061590551815874,5,4.030795275907937,0,0.0,8,6.449272441452699,3.4932659,2.8161279260530137,1,0.8061590551815874,5,4.030795275907937,0,0.0,9,7.255431496634285,35.142072134017944,28.330099668683093,27.0,21.766294489902855,44.0,35.47099842798984,18.0,14.51086299326857,57.0,45.95106614535048,1.0,27.0,False,False,False
15,2020-04-12,1.9513491,1.5730976883787662,0,0.0,3,2.418477165544762,0,0.0,6,4.836954331089524,3.1266696,2.5205930796801117,1,0.8061590551815874,4,3.224636220726349,0,0.0,8,6.449272441452699,31.39099500846863,25.306134877236996,24.0,19.347817324358097,39.0,31.440203152081907,16.0,12.898544882905398,53.0,42.72642992462413,1.0,28.0,False,False,False
16,2020-04-13,2.1621819,1.7430624211556278,1,0.8061590551815874,3,2.418477165544762,0,0.0,6,4.836954331089524,2.8001785,2.2573893147637136,1,0.8061590551815874,4,3.224636220726349,0,0.0,7,5.643113386271112,28.05672264289856,22.61818101729095,21.0,16.929340158813336,34.0,27.40940787617397,14.0,11.286226772542223,47.0,37.889475593534605,0.0,26.0,False,False,False
17,2020-04-14,2.8622603,2.3074371711118147,1,0.8061590551815874,4,3.224636220726349,0,0.0,8,6.449272441452699,2.509243,2.0228490029694512,1,0.8061590551815874,4,3.224636220726349,0,0.0,7,5.643113386271112,25.09127384757996,20.22755761826753,18.0,14.51086299326857,31.0,24.990930710629208,12.0,9.673908662179048,42.0,33.85868031762667,0.0,24.0,False,False,False
18,2020-04-15,3.3564079,2.7057985789724626,1,0.8061590551815874,5,4.030795275907937,0,0.0,9,7.255431496634285,2.2498436,1.8137317965738475,1,0.8061590551815874,3,2.418477165544762,0,0.0,6,4.836954331089524,22.45237138652801,18.10018250354953,16.0,12.898544882905398,27.0,21.766294489902855,10.0,8.061590551815874,38.0,30.63404409690032,3.0,21.0,False,False,False
19,2020-04-16,3.0300267,2.4426833988400176,1,0.8061590551815874,4,3.224636220726349,0,0.0,9,7.255431496634285,2.0184329,1.6271778804366477,1,0.8061590551815874,3,2.418477165544762,0,0.0,6,4.836954331089524,20.1027429189682,16.20600823811375,14.0,11.286226772542223,25.0,20.153976379539685,9.0,7.255431496634285,35.0,28.21556693135556,4.0,16.0,False,False,False
20,2020-04-17,2.2907631,1.8467195332050323,1,0.8061590551815874,3,2.418477165544762,0,0.0,7,5.643113386271112,1.8118795,1.4606630429625511,0,0.0,3,2.418477165544762,0,0.0,6,4.836954331089524,18.009510494709016,14.518529964697503,13.0,10.480067717360637,22.0,17.73549921399492,8.0,6.449272441452699,31.0,24.990930710629208,10.0,19.0,False,True,False
21,2020-04-18,1.4391407,1.1601762707869057,0,0.0,2,1.6123181103631747,0,0.0,5,4.030795275907937,1.6274116,1.3119525647198316,0,0.0,2,1.6123181103631747,0,0.0,5,4.030795275907937,16.143658271312713,13.014356299175876,11.0,8.86774960699746,20.0,16.123181103631747,6.0,4.836954331089524,30.0,24.18477165544762,4.0,22.0,True,False,False
22,2020-04-19,0.8910602,0.7183362413343275,0,0.0,1,0.8061590551815874,0,0.0,3,2.418477165544762,1.4625742,1.179067476186901,0,0.0,2,1.6123181103631747,0,0.0,5,4.030795275907937,14.479562224388122,11.672830202255732,10.0,8.061590551815874,18.0,14.51086299326857,5.0,4.030795275907937,28.0,22.572453545084446,1.0,22.0,True,False,False
23,2020-04-20,1.0131336,0.8167468877218198,0,0.0,1,0.8061590551815874,0,0.0,3,2.418477165544762,1.3152006,1.060260819940595,0,0.0,2,1.6123181103631747,0,0.0,5,4.030795275907937,12.99458387374878,10.475701458139207,9.0,7.255431496634285,16.0,12.898544882905398,4.0,3.224636220726349,26.0,20.96013543472127,0.0,22.0,True,False,False
24,2020-04-21,1.3579115,1.0946926522592548,0,0.0,2,1.6123181103631747,0,0.0,5,4.030795275907937,1.1833681,0.9539829079585616,0,0.0,2,1.6123181103631747,0,0.0,4,3.224636220726349,11.66870995259285,9.406836190570235,7.0,5.643113386271112,15.0,12.09238582772381,4.0,3.224636220726349,23.0,18.54165826917651,4.0,26.0,True,False,False
25,2020-04-22,1.5912384,1.2827912541979458,0,0.0,2,1.6123181103631747,0,0.0,5,4.030795275907937,1.0653708,0.8588583114033099,0,0.0,2,1.6123181103631747,0,0.0,3,2.418477165544762,10.48423934006691,8.45196448068597,6.0,4.836954331089524,14.0,11.286226772542223,3.0,2.418477165544762,21.0,16.929340158813336,3.0,26.0,True,False,False
26,2020-04-23,1.4354266,1.157182123279199,0,0.0,2,1.6123181103631747,0,0.0,5,4.030795275907937,0.9597015,0.7736720363027416,0,0.0,1,0.8061590551815874,0,0.0,3,2.418477165544762,9.425507969617843,7.598458599393642,6.0,4.836954331089524,13.0,10.480067717360637,2.0,1.6123181103631747,20.0,16.123181103631747,,,False,False,True
27,2020-04-24,1.0893314,0.8781743417785037,0,0.0,2,1.6123181103631747,0,0.0,4,3.224636220726349,0.8650175,0.6973416475375416,0,0.0,1,0.8061590551815874,0,0.0,3,2.418477165544762,8.478646138191223,6.835137359983251,5.0,4.030795275907937,11.0,8.86774960699746,2.0,1.6123181103631747,18.0,14.51086299326857,,,False,False,True
28,2020-04-25,0.68721664,0.5540059191844193,0,0.0,1,0.8061590551815874,0,0.0,3,2.418477165544762,0.78013235,0.6289107659540605,0,0.0,1,0.8061590551815874,0,0.0,3,2.418477165544762,7.631367092132568,6.152095684737449,4.0,3.224636220726349,10.0,8.061590551815874,2.0,1.6123181103631747,16.0,12.898544882905398,,,False,False,True
29,2020-04-26,0.42814457,0.3451526254139025,0,0.0,1,0.8061590551815874,0,0.0,2,1.6123181103631747,0.7039892,0.5675272859662073,0,0.0,1,0.8061590551815874,0,0.0,3,2.418477165544762,6.872780885696411,5.540554545283092,4.0,3.224636220726349,9.0,7.255431496634285,1.0,0.8061590551815874,16.0,12.898544882905398,,,False,False,True
30,2020-04-27,0.4879307,0.3933497282559983,0,0.0,1,0.8061590551815874,0,0.0,2,1.6123181103631747,0.6356507,0.5124355539010139,0,0.0,1,0.8061590551815874,0,0.0,2,1.6123181103631747,6.193229861617088,4.992728333763625,3.0,2.418477165544762,8.0,6.449272441452699,1.0,0.8061590551815874,14.0,11.286226772542223,,,False,False,True
