,Unnamed: 0,Raw Prediction Mean,Raw Prediction Mean 100k,Raw Prediction Q25,Raw Prediction Q25 100k,Raw Prediction Q75,Raw Prediction Q75 100k,Raw Prediction Q5,Raw Prediction Q5 100k,Raw Prediction Q95,Raw Prediction Q95 100k,Trend Prediction Mean,Trend Prediction Mean 100k,Trend Prediction Q25,Trend Prediction Q25 100k,Trend Prediction Q75,Trend Prediction Q75 100k,Trend Prediction Q5,Trend Prediction Q5 100k,Trend Prediction Q95,Trend Prediction Q95 100k,Trend 7Day Prediction Mean,Trend 7Day Prediction Mean 100k,Trend 7Day Prediction Q25,Trend 7Day Prediction Q25 100k,Trend 7Day Prediction Q75,Trend 7Day Prediction Q75 100k,Trend 7Day Prediction Q5,Trend 7Day Prediction Q5 100k,Trend 7Day Prediction Q95,Trend 7Day Prediction Q95 100k,RKI Meldedaten,RKI 7Day Incidence,is_nowcast,is_high,is_prediction
0,2020-04-01,16.643341,12.522640463430434,8,6.019291830316163,21,15.800641054579929,3,2.257234436368561,39,29.34404767279129,14.461133,10.880722402362151,7,5.266880351526643,19,14.295818097000888,2,1.5048229575790408,35,26.334401757633213,,,,,,,,,,,29.0,,False,False,False
1,2020-04-02,17.363853,13.064763334114105,8,6.019291830316163,23,17.30546401215897,3,2.257234436368561,43,32.35369358794938,12.699264,9.55507202888839,6,4.5144688727371225,17,12.790995139421849,2,1.5048229575790408,31,23.32475584247513,,,,,,,,,,,21.0,,False,False,False
2,2020-04-03,14.376364,10.81694135791622,7,5.266880351526643,20,15.048229575790408,3,2.257234436368561,35,26.334401757633213,11.160598,8.3973616710864,5,3.762057393947602,15,11.286172181842806,2,1.5048229575790408,29,21.81993288489609,,,,,,,,,,,15.0,,False,False,False
3,2020-04-04,9.646644,7.258245750563219,5,3.762057393947602,13,9.781349224263764,1,0.7524114787895204,23,17.30546401215897,9.815873,7.385575736407191,4,3.0096459151580817,13,9.781349224263764,1,0.7524114787895204,25,18.81028696973801,,,,,,,,,,,7.0,,False,False,False
4,2020-04-05,6.4481826,4.851686753681861,3,2.257234436368561,9,6.771703309105684,1,0.7524114787895204,16,12.038583660632328,8.639752,6.500649033114314,4,3.0096459151580817,12,9.028937745474243,1,0.7524114787895204,22,16.55305253336945,,,,,,,,,,,3.0,,False,False,False
5,2020-04-06,5.36063,4.033399454783648,2,1.5048229575790408,8,6.019291830316163,0,0.0,13,9.781349224263764,7.61033,5.726099698222242,3,2.257234436368561,10,7.524114787895204,1,0.7524114787895204,18,13.543406618211367,,,,,,,,,,,5.0,,False,False,False
6,2020-04-07,8.031416,6.042929453542456,3,2.257234436368561,10,7.524114787895204,1,0.7524114787895204,20,15.048229575790408,6.708647,5.047662853030488,3,2.257234436368561,9,6.771703309105684,1,0.7524114787895204,17,12.790995139421849,71.09558672332764,53.49313554190755,53.0,39.87780837584459,85.0,63.954975697109234,37.0,27.839224715212254,117.0,88.03214301837389,7.0,87.0,False,False,False
7,2020-04-08,8.3742,6.300843961071223,4,3.0096459151580817,12,9.028937745474243,1,0.7524114787895204,22,16.55305253336945,5.918269,4.452973735169508,3,2.257234436368561,8,6.019291830316163,0,0.0,14,10.533760703053286,62.55272314071655,47.065386920618,47.0,35.36333950310746,75.0,56.43086090921403,32.0,24.077167321264653,103.0,77.4983823153206,4.0,62.0,False,False,False
8,2020-04-09,8.038727,6.048430441296659,4,3.0096459151580817,11,8.276526266684725,1,0.7524114787895204,20,15.048229575790408,5.2249436,3.931307583115995,2,1.5048229575790408,7,5.266880351526643,0,0.0,14,10.533760703053286,55.0784080581665,41.441626456417694,41.0,30.84887063037034,66.0,49.65915760010834,28.0,21.06752140610657,90.0,67.71703309105685,0.0,41.0,False,False,False
9,2020-04-10,5.7467804,4.3239433580311015,2,1.5048229575790408,8,6.019291830316163,0,0.0,15,11.286172181842806,4.6163034,3.4733595384750515,2,1.5048229575790408,6,4.5144688727371225,0,0.0,12,9.028937745474243,48.534114097595214,36.51762455991092,36.0,27.08681323642273,58.0,43.63986576979219,24.0,18.05787549094849,78.0,58.68809534558259,0.0,26.0,False,False,False
10,2020-04-11,3.6016433,2.7099178623757325,1,0.7524114787895204,5,3.762057393947602,0,0.0,10,7.524114787895204,4.08162,3.071058017667383,2,1.5048229575790408,6,4.5144688727371225,0,0.0,10,7.524114787895204,42.79986527442932,32.20310992312561,32.0,24.077167321264653,52.0,39.12539689705506,21.0,15.800641054579929,68.0,51.16398055768739,14.0,33.0,False,True,False
11,2020-04-12,2.4048958,1.809471177693922,1,0.7524114787895204,3,2.257234436368561,0,0.0,7,5.266880351526643,3.6115632,2.717381539696362,1,0.7524114787895204,5,3.762057393947602,0,0.0,9,6.771703309105684,37.77167795181274,28.41984406408495,28.0,21.06752140610657,45.0,33.858516545528424,19.0,14.295818097000888,61.0,45.89710020616074,1.0,31.0,False,False,False
12,2020-04-13,2.1007042,1.580593925609719,1,0.7524114787895204,3,2.257234436368561,0,0.0,6,4.5144688727371225,3.19802,2.406227031315211,1,0.7524114787895204,4,3.0096459151580817,0,0.0,9,6.771703309105684,33.35936525344849,25.09996934182692,25.0,18.81028696973801,40.0,30.096459151580817,17.0,12.790995139421849,56.0,42.13504281221314,1.0,27.0,False,False,False
13,2020-04-14,3.1081722,2.33862447203137,1,0.7524114787895204,4,3.0096459151580817,0,0.0,8,6.019291830316163,2.8339348,2.132285044353921,1,0.7524114787895204,4,3.0096459151580817,0,0.0,8,6.019291830316163,29.484649941444395,22.184589064033524,22.0,16.55305253336945,35.0,26.334401757633213,15.0,11.286172181842806,51.0,38.37298541826554,3.0,23.0,False,False,False
14,2020-04-15,3.174876,2.3888131181593053,1,0.7524114787895204,4,3.0096459151580817,0,0.0,9,6.771703309105684,2.513162,1.890931889647618,1,0.7524114787895204,4,3.0096459151580817,0,0.0,7,5.266880351526643,26.07954124355316,19.622546193214124,19.0,14.295818097000888,32.0,24.077167321264653,13.0,9.781349224263764,45.0,33.858516545528424,1.0,20.0,False,False,False
15,2020-04-16,3.0978398,2.330850293219555,1,0.7524114787895204,4,3.0096459151580817,0,0.0,9,6.771703309105684,2.230344,1.678136504779104,1,0.7524114787895204,3,2.257234436368561,0,0.0,6,4.5144688727371225,23.084943221092225,17.369376266754113,17.0,12.790995139421849,28.0,21.06752140610657,11.0,8.276526266684725,40.0,30.096459151580817,2.0,22.0,False,False,False
16,2020-04-17,2.2662132,1.705124850559514,1,0.7524114787895204,3,2.257234436368561,0,0.0,6,4.5144688727371225,1.9808127,1.490386148361722,1,0.7524114787895204,3,2.257234436368561,0,0.0,6,4.5144688727371225,20.449453448295596,15.386403509469543,15.0,11.286172181842806,25.0,18.81028696973801,9.0,6.771703309105684,35.0,26.334401757633213,7.0,29.0,False,True,False
17,2020-04-18,1.4660817,1.1030967471015174,0,0.0,2,1.5048229575790408,0,0.0,5,3.762057393947602,1.7604969,1.324618006037781,0,0.0,2,1.5048229575790408,0,0.0,5,3.762057393947602,18.12833044719696,13.639963919760554,13.0,9.781349224263764,22.0,16.55305253336945,8.0,6.019291830316163,32.0,24.077167321264653,1.0,16.0,False,False,False
18,2020-04-19,0.9803287,0.737610571377445,0,0.0,1,0.7524114787895204,0,0.0,4,3.0096459151580817,1.5658339,1.1781514331232756,0,0.0,2,1.5048229575790408,0,0.0,5,3.762057393947602,16.08260284233093,12.10073498738276,11.0,8.276526266684725,20.0,15.048229575790408,7.0,5.266880351526643,30.0,22.57234436368561,0.0,15.0,False,False,False
19,2020-04-20,0.873885,0.6575211045856122,0,0.0,1,0.7524114787895204,0,0.0,3,2.257234436368561,1.3937166,1.0486483915883582,0,0.0,2,1.5048229575790408,0,0.0,5,3.762057393947602,14.27830050754547,10.743157199483448,10.0,7.524114787895204,18.0,13.543406618211367,5.0,3.762057393947602,26.0,19.56269844852753,0.0,14.0,False,False,False
20,2020-04-21,1.3518376,1.0171381291002035,0,0.0,2,1.5048229575790408,0,0.0,5,3.762057393947602,1.2414262,0.9340633368992712,0,0.0,2,1.5048229575790408,0,0.0,4,3.0096459151580817,12.685792686462404,9.54493603483846,8.0,6.019291830316163,16.0,12.038583660632328,4.0,3.0096459151580817,24.0,18.05787549094849,3.0,14.0,False,False,False
21,2020-04-22,1.3689054,1.0299801942892373,0,0.0,2,1.5048229575790408,0,0.0,4,3.0096459151580817,1.1065843,0.8326067472808063,0,0.0,2,1.5048229575790408,0,0.0,4,3.0096459151580817,11.279216647148132,8.486612077068102,7.0,5.266880351526643,14.0,10.533760703053286,3.0,2.257234436368561,22.0,16.55305253336945,0.0,13.0,True,False,False
22,2020-04-23,1.2719388,0.9570213478582446,0,0.0,2,1.5048229575790408,0,0.0,4,3.0096459151580817,0.9871085,0.7427117907354841,0,0.0,1,0.7524114787895204,0,0.0,3,2.257234436368561,10.035980946779253,7.551187265269627,6.0,4.5144688727371225,13.0,9.781349224263764,3.0,2.257234436368561,19.0,14.295818097000888,1.0,12.0,True,False,False
23,2020-04-24,0.93953794,0.7069191269692965,0,0.0,1,0.7524114787895204,0,0.0,3,2.257234436368561,0.88117296,0.6630046300415415,0,0.0,1,0.7524114787895204,0,0.0,3,2.257234436368561,8.936339640617371,6.723804523962327,5.0,3.762057393947602,11.0,8.276526266684725,3.0,2.257234436368561,18.0,13.543406618211367,1.0,6.0,True,False,False
24,2020-04-25,0.6148794,0.4626423560694093,0,0.0,1,0.7524114787895204,0,0.0,3,2.257234436368561,0.78717834,0.592282003708533,0,0.0,1,0.7524114787895204,0,0.0,3,2.257234436368561,7.96302088856697,5.991468322398515,5.0,3.762057393947602,10.0,7.524114787895204,2.0,1.5048229575790408,16.0,12.038583660632328,0.0,5.0,True,False,False
25,2020-04-26,0.43143135,0.3246138930990128,0,0.0,1,0.7524114787895204,0,0.0,2,1.5048229575790408,0.7037204,0.5294873062666738,0,0.0,1,0.7524114787895204,0,0.0,3,2.257234436368561,7.100907219767571,5.3428041019725,4.0,3.0096459151580817,9.0,6.771703309105684,2.0,1.5048229575790408,15.0,11.286172181842806,0.0,5.0,True,False,False
26,2020-04-27,0.39678252,0.2985437276947777,0,0.0,1,0.7524114787895204,0,0.0,2,1.5048229575790408,0.6295667,0.4736932169180363,0,0.0,1,0.7524114787895204,0,0.0,3,2.257234436368561,6.336757835507393,4.767849333745198,3.0,2.257234436368561,8.0,6.019291830316163,1.0,0.7524114787895204,14.0,10.533760703053286,,,False,False,True
27,2020-04-28,0.6221912,0.4681437985709635,0,0.0,1,0.7524114787895204,0,0.0,3,2.257234436368561,0.56363523,0.4240856014803285,0,0.0,1,0.7524114787895204,0,0.0,2,1.5048229575790408,5.658967300415039,4.25787195492682,3.0,2.257234436368561,7.0,5.266880351526643,1.0,0.7524114787895204,13.0,9.781349224263764,,,False,False,True
28,2020-04-29,0.6335482,0.4766889560414711,0,0.0,1,0.7524114787895204,0,0.0,3,2.257234436368561,0.5049744,0.3799485511990497,0,0.0,1,0.7524114787895204,0,0.0,2,1.5048229575790408,5.057357048749924,3.805213495816535,2.0,1.5048229575790408,7.0,5.266880351526643,1.0,0.7524114787895204,12.0,9.028937745474243,,,False,False,True
29,2020-04-30,0.5913892,0.4449680091056507,0,0.0,1,0.7524114787895204,0,0.0,3,2.257234436368561,0.4527453,0.3406507630643318,0,0.0,1,0.7524114787895204,0,0.0,2,1.5048229575790408,4.522994007766247,3.403152609939541,2.0,1.5048229575790408,6.0,4.5144688727371225,0.0,0.0,12.0,9.028937745474243,,,False,False,True
30,2020-05-01,0.43060824,0.323994595419208,0,0.0,1,0.7524114787895204,0,0.0,2,1.5048229575790408,0.40621087,0.305637718156504,0,0.0,1,0.7524114787895204,0,0.0,2,1.5048229575790408,4.048032528579235,3.045786141016384,2.0,1.5048229575790408,6.0,4.5144688727371225,0.0,0.0,11.0,8.276526266684725,,,False,False,True
