,Raw Prediction Mean,Raw Prediction Mean 100k,Raw Prediction Q25,Raw Prediction Q25 100k,Raw Prediction Q75,Raw Prediction Q75 100k,Raw Prediction Q5,Raw Prediction Q5 100k,Raw Prediction Q95,Raw Prediction Q95 100k,Trend Prediction Mean,Trend Prediction Mean 100k,Trend Prediction Q25,Trend Prediction Q25 100k,Trend Prediction Q75,Trend Prediction Q75 100k,Trend Prediction Q5,Trend Prediction Q5 100k,Trend Prediction Q95,Trend Prediction Q95 100k,Trend 7Day Prediction Mean,Trend 7Day Prediction Mean 100k,Trend 7Day Prediction Q25,Trend 7Day Prediction Q25 100k,Trend 7Day Prediction Q75,Trend 7Day Prediction Q75 100k,Trend 7Day Prediction Q5,Trend 7Day Prediction Q5 100k,Trend 7Day Prediction Q95,Trend 7Day Prediction Q95 100k,RKI Meldedaten,RKI 7Day Incidence,is_nowcast,is_high,is_prediction
2021-05-11,25.644857,20.673834660556167,13,10.480067717360635,33,26.60324882099238,5,4.030795275907937,62,49.981861421258415,19.430061,15.663719386793673,9,7.255431496634285,26,20.96013543472127,3,2.418477165544762,44,35.47099842798984,,,,,,,,,,,37.0,,False,False,False
2021-05-12,25.952393,20.921755640301853,13,10.480067717360635,35,28.215566931355557,5,4.030795275907937,64,51.59417953162159,18.084393,14.57889738958329,9,7.255431496634285,23,18.54165826917651,3,2.418477165544762,42,33.85868031762667,,,,,,,,,,,36.0,,False,False,False
2021-05-13,21.51519,17.344664956908673,11,8.86774960699746,28,22.572453545084446,4,3.2246362207263495,49,39.501793703897775,16.842451,13.57769506284967,8,6.449272441452699,23,18.54165826917651,3,2.418477165544762,40,32.246362207263495,,,,,,,,,,,8.0,,False,False,False
2021-05-14,17.866997,14.403641398530453,9,7.255431496634285,23,18.54165826917651,3,2.418477165544762,43,34.66483937280825,15.695619,12.653165322262794,8,6.449272441452699,22,17.73549921399492,3,2.418477165544762,38,30.63404409690032,,,,,,,,,,,18.0,,False,False,False
2021-05-15,11.936274,9.622534707887098,6,4.836954331089524,17,13.704703938086986,2,1.6123181103631747,28,22.572453545084446,14.636041,11.798976629506797,7,5.643113386271112,19,15.31702204845016,3,2.418477165544762,34,27.409407876173972,,,,,,,,,,,0.0,,False,False,False
2021-05-16,7.0413904,5.676480577676557,3,2.418477165544762,9,7.255431496634285,1,0.8061590551815874,17,13.704703938086986,13.656573,11.009370064130053,7,5.643113386271112,17,13.704703938086986,2,1.6123181103631747,30,24.18477165544762,,,,,,,,,,,5.0,,False,False,False
2021-05-17,6.2594204,5.046088335802779,3,2.418477165544762,8,6.449272441452699,1,0.8061590551815874,15,12.09238582772381,12.750669,10.279066918883473,6,4.836954331089524,18,14.51086299326857,2,1.6123181103631747,31,24.990930710629208,111.0957973022461,89.56088298782385,83.0,66.91120158007175,129.0,103.99451811842478,59.0,47.56338425571365,187.0,150.75174331895684,4.0,108.0,False,False,False
2021-05-18,15.605126,12.580213660839945,8,6.449272441452699,21,16.929340158813336,3,2.418477165544762,36,29.02172598653714,11.91236,9.60325705818832,6,4.836954331089524,16,12.898544882905398,2,1.6123181103631747,28,22.572453545084446,103.57809412002564,83.5004184933094,79.0,63.6865653593454,123.0,99.15756378733523,55.0,44.338748034987304,169.0,136.24088032568824,23.0,94.0,False,False,False
2021-05-19,16.9656,13.676971138920635,9,7.255431496634285,23,18.54165826917651,3,2.418477165544762,40,32.246362207263495,11.136203,8.977550896815956,5,4.030795275907937,15,12.09238582772381,2,1.6123181103631747,26,20.96013543472127,96.629900390625,77.89906920119714,73.0,58.84961102825588,114.0,91.90213229070095,53.0,42.72642992462413,157.0,126.56697166350921,31.0,89.0,False,True,False
2021-05-20,15.015749,12.105081987101585,8,6.449272441452699,20,16.123181103631747,3,2.418477165544762,35,28.215566931355557,10.417215,8.397932833759114,5,4.030795275907937,14,11.286226772542223,2,1.6123181103631747,23,18.54165826917651,90.20465981292725,72.71930332776593,70.0,56.431133862711114,105.0,84.64670079406667,49.0,39.501793703897775,141.0,113.66842678060382,21.0,102.0,False,False,False
2021-05-21,11.34856,9.148744720732793,6,4.836954331089524,15,12.09238582772381,2,1.6123181103631747,26,20.96013543472127,9.750817,7.860709592932835,5,4.030795275907937,13,10.480067717360635,1,0.8061590551815874,23,18.54165826917651,84.25986433410644,67.92685262131198,65.0,52.40033858680317,99.0,79.80974646297715,47.0,37.889475593534605,129.0,103.99451811842478,7.0,91.0,False,False,False
2021-05-22,7.3431745,5.9197664086241275,4,3.2246362207263495,10,8.061590551815874,1,0.8061590551815874,18,14.51086299326857,9.132854,7.362533506238833,4,3.2246362207263495,12,9.673908662179048,1,0.8061590551815874,22,17.73549921399492,78.75668349075318,63.49041355214089,61.0,49.17570236607682,93.0,74.97279213188762,44.0,35.47099842798984,122.0,98.35140473215364,13.0,104.0,False,False,False
2021-05-23,4.169276,3.3610998798394576,2,1.6123181103631747,6,4.836954331089524,0,0.0,11,8.86774960699746,8.55952,6.900334119563922,4,3.2246362207263495,12,9.673908662179048,1,0.8061590551815874,21,16.929340158813336,73.65962948226928,59.381377308452,57.0,45.951066145350474,86.0,69.3296787456165,41.0,33.052521262445076,116.0,93.51445040106414,1.0,100.0,False,False,False
2021-05-24,3.8814304,3.1290503102354705,2,1.6123181103631747,5,4.030795275907937,0,0.0,10,8.061590551815874,8.027294,6.471275992225856,4,3.2246362207263495,11,8.86774960699746,1,0.8061590551815874,19,15.31702204845016,68.93625507354736,55.573586257847836,53.0,42.72642992462413,80.0,64.49272441452699,38.0,30.63404409690032,110.0,88.67749606997461,0.0,96.0,False,False,False
2021-05-25,10.250295,8.263367635663599,5,4.030795275907937,14,11.286226772542223,1,0.8061590551815874,24,19.347817324358097,7.532985,6.0727841628249735,3,2.418477165544762,10,8.061590551815874,1,0.8061590551815874,17,13.704703938086986,64.5568748474121,52.04310923246572,49.0,39.501793703897775,75.0,60.46192913861905,34.0,27.409407876173972,104.0,83.84054173888508,4.0,77.0,False,False,False
2021-05-26,11.354351,9.153412975138053,5,4.030795275907937,15,12.09238582772381,2,1.6123181103631747,29,23.378612600266035,7.073647,5.702484486391768,3,2.418477165544762,10,8.061590551815874,1,0.8061590551815874,17,13.704703938086986,60.49432097244263,48.76804463899603,46.0,37.08331653835302,72.0,58.04345197307428,32.0,25.797089765810796,97.0,78.19742835261397,10.0,56.0,False,False,False
2021-05-27,10.999136,8.867053111316636,5,4.030795275907937,15,12.09238582772381,2,1.6123181103631747,29,23.378612600266035,6.646603,5.358219277695753,3,2.418477165544762,9,7.255431496634285,1,0.8061590551815874,16,12.898544882905398,56.723714630126956,45.72833619261313,43.0,34.66483937280825,68.0,54.818815752347945,30.0,24.18477165544762,92.0,74.16663307670603,15.0,50.0,False,False,False
2021-05-28,7.848675,6.327280425466597,3,2.418477165544762,10,8.061590551815874,1,0.8061590551815874,18,14.51086299326857,6.2493706,5.037986556999385,3,2.418477165544762,9,7.255431496634285,1,0.8061590551815874,16,12.898544882905398,53.22226557540893,42.90561133089519,40.0,32.246362207263495,64.0,51.59417953162159,27.0,21.766294489902858,88.0,70.94199685597968,8.0,51.0,False,False,False
2021-05-29,4.705212,3.793149517150596,2,1.6123181103631747,7,5.643113386271112,0,0.0,13,10.480067717360635,5.8796754,4.739953510579653,3,2.418477165544762,8,6.449272441452699,1,0.8061590551815874,14,11.286226772542223,49.96908445930481,40.28302991600211,37.0,29.827885041718734,60.0,48.36954331089524,26.0,20.96013543472127,83.0,66.91120158007175,0.0,38.0,False,False,False
2021-05-30,2.821684,2.274726102768909,1,0.8061590551815874,4,3.2246362207263495,0,0.0,8,6.449272441452699,5.5354443,4.462448487174697,2,1.6123181103631747,8,6.449272441452699,0,0.0,15,12.09238582772381,46.94501599311829,37.84514973849675,34.0,27.409407876173972,57.0,45.951066145350474,23.0,18.54165826917651,80.0,64.49272441452699,0.0,37.0,False,False,False
2021-05-31,2.6125252,2.106110878230538,1,0.8061590551815874,4,3.2246362207263495,0,0.0,7,5.643113386271112,5.2147627,4.2039282561745495,2,1.6123181103631747,7,5.643113386271112,0,0.0,14,11.286226772542223,44.13248542022705,35.577802749185416,32.0,25.797089765810796,53.0,42.72642992462413,21.0,16.929340158813336,76.0,61.26808819380064,9.0,46.0,False,False,False
2021-06-01,6.4722056,5.2176270401105285,3,2.418477165544762,8,6.449272441452699,1,0.8061590551815874,17,13.704703938086986,4.9158645,3.9629685488762334,2,1.6123181103631747,7,5.643113386271112,0,0.0,13,10.480067717360635,41.51536379432678,33.46798645195436,30.0,24.18477165544762,50.0,40.30795275907937,19.0,15.31702204845016,73.0,58.84961102825588,14.0,56.0,True,True,False
2021-06-02,7.291293,5.877942021470517,3,2.418477165544762,10,8.061590551815874,1,0.8061590551815874,19,15.31702204845016,4.6371236,3.7382593291113153,2,1.6123181103631747,7,5.643113386271112,0,0.0,12,9.673908662179048,39.078838022232055,31.503759137596887,28.0,22.572453545084446,47.0,37.889475593534605,18.0,14.51086299326857,71.0,57.237292917892695,12.0,58.0,True,False,False
2021-06-03,7.232211,5.83031251153443,3,2.418477165544762,9,7.255431496634285,1,0.8061590551815874,18,14.51086299326857,4.377063,3.528608795022592,2,1.6123181103631747,6,4.836954331089524,0,0.0,12,9.673908662179048,36.80930115604401,29.674151441850945,26.0,20.96013543472127,45.0,36.27715748317143,16.0,12.898544882905398,66.0,53.20649764198476,1.0,44.0,True,False,False
2021-06-04,5.307476,4.278669803170487,2,1.6123181103631747,7,5.643113386271112,0,0.0,14,11.286226772542223,4.134309,3.3329106372548267,2,1.6123181103631747,6,4.836954331089524,0,0.0,10,8.061590551815874,34.6942447271347,27.96907954946568,24.0,19.347817324358097,42.0,33.85868031762667,15.0,12.09238582772381,64.0,51.59417953162159,2.0,38.0,True,False,False
2021-06-05,3.190145,2.5717643438838422,1,0.8061590551815874,5,4.030795275907937,0,0.0,9,7.255431496634285,3.9075987,3.150146221742034,1,0.8061590551815874,6,4.836954331089524,0,0.0,11,8.86774960699746,32.722167468070985,26.37927160955378,22.0,17.73549921399492,40.0,32.246362207263495,13.0,10.480067717360635,63.0,50.78802047644,0.0,38.0,True,False,False
2021-06-06,1.8777218,1.5137424270506017,0,0.0,3,2.418477165544762,0,0.0,5,4.030795275907937,3.6957674,2.979376404255163,1,0.8061590551815874,5,4.030795275907937,0,0.0,11,8.86774960699746,30.882488199234007,24.89619750835101,20.0,16.123181103631747,38.0,30.63404409690032,12.0,9.673908662179048,58.0,46.75722520053207,,,False,False,True
2021-06-07,1.7187697,1.38560171762947,0,0.0,3,2.418477165544762,0,0.0,6,4.836954331089524,3.4977407,2.819735345838126,1,0.8061590551815874,5,4.030795275907937,0,0.0,10,8.061590551815874,29.16546772813797,23.51200590764478,19.0,15.31702204845016,37.0,29.827885041718734,10.0,8.061590551815874,56.0,45.14490709016889,,,False,False,True
2021-06-08,4.2812295,3.451351949479431,1,0.8061590551815874,6,4.836954331089524,0,0.0,13,10.480067717360635,3.3125288,2.670425055839587,1,0.8061590551815874,5,4.030795275907937,0,0.0,9,7.255431496634285,27.562138108253478,22.219467216134046,18.0,14.51086299326857,35.0,28.215566931355557,9.0,7.255431496634285,54.0,43.532588979805716,,,False,False,True
2021-06-09,4.861887,3.9194543205667287,2,1.6123181103631747,6,4.836954331089524,0,0.0,15,12.09238582772381,3.139225,2.530714664317202,1,0.8061590551815874,4,3.2246362207263495,0,0.0,10,8.061590551815874,26.064238083839417,21.01192154769593,16.0,12.898544882905398,32.0,25.797089765810796,8.0,6.449272441452699,54.0,43.532588979805716,,,False,False,True
2021-06-10,5.028032,4.053393422509544,2,1.6123181103631747,7,5.643113386271112,0,0.0,15,12.09238582772381,2.9769824,2.399921322648879,1,0.8061590551815874,4,3.2246362207263495,0,0.0,9,7.255431496634285,24.66415296459198,19.883230250789616,15.0,12.09238582772381,31.0,24.990930710629208,8.0,6.449272441452699,52.0,41.92027086944254,,,False,False,True
