,Unnamed: 0,Raw Prediction Mean,Raw Prediction Mean 100k,Raw Prediction Q25,Raw Prediction Q25 100k,Raw Prediction Q75,Raw Prediction Q75 100k,Raw Prediction Q5,Raw Prediction Q5 100k,Raw Prediction Q95,Raw Prediction Q95 100k,Trend Prediction Mean,Trend Prediction Mean 100k,Trend Prediction Q25,Trend Prediction Q25 100k,Trend Prediction Q75,Trend Prediction Q75 100k,Trend Prediction Q5,Trend Prediction Q5 100k,Trend Prediction Q95,Trend Prediction Q95 100k,Trend 7Day Prediction Mean,Trend 7Day Prediction Mean 100k,Trend 7Day Prediction Q25,Trend 7Day Prediction Q25 100k,Trend 7Day Prediction Q75,Trend 7Day Prediction Q75 100k,Trend 7Day Prediction Q5,Trend 7Day Prediction Q5 100k,Trend 7Day Prediction Q95,Trend 7Day Prediction Q95 100k,RKI Meldedaten,RKI 7Day Incidence,is_nowcast,is_high,is_prediction
0,2020-04-26,5.3488092,4.097856435691938,2,1.5322500325603132,7,5.362875113961096,0,0.0,16,12.258000260482506,11.553781,8.851640450302511,4,3.0645000651206264,15,11.491875244202348,1,0.7661250162801566,32,24.51600052096501,,,,,,,,,,,0.0,,False,False,False
1,2020-04-27,9.8367605,7.5361880590207875,3,2.29837504884047,13,9.959625211642036,1,0.7661250162801566,27,20.68537543956423,9.9391,7.614593050675467,3,2.29837504884047,12,9.19350019536188,0,0.0,25,19.15312540700392,,,,,,,,,,,1.0,,False,False,False
2,2020-04-28,12.63822,9.682456584414467,4,3.0645000651206264,17,13.024125276762662,1,0.7661250162801566,36,27.580500586085638,8.563379,6.560618930961937,3,2.29837504884047,12,9.19350019536188,0,0.0,24,18.38700039072376,,,,,,,,,,,1.0,,False,False,False
3,2020-04-29,12.282749,9.410121128894389,5,3.830625081400783,17,13.024125276762662,1,0.7661250162801566,32,24.51600052096501,7.3895454,5.661315663019195,3,2.29837504884047,9,6.8951251465214085,0,0.0,19,14.556375309322975,,,,,,,,,,,38.0,,False,True,False
4,2020-04-30,8.787875,6.73261092742905,3,2.29837504884047,12,9.19350019536188,1,0.7661250162801566,25,19.15312540700392,6.3865595,4.892902870778926,2,1.5322500325603132,9,6.8951251465214085,0,0.0,18,13.790250293042815,,,,,,,,,,,6.0,,False,False,False
5,2020-05-01,6.0317135,4.621046537067741,2,1.5322500325603132,8,6.129000130241253,0,0.0,16,12.258000260482506,5.5283337,4.2353945900686085,2,1.5322500325603132,8,6.129000130241253,0,0.0,15,11.491875244202348,,,,,,,,,,,16.0,,False,True,False
6,2020-05-02,3.3272722,2.549106466176454,1,0.7661250162801566,5,3.830625081400783,0,0.0,10,7.661250162801566,4.7929115,3.671969534480013,2,1.5322500325603132,7,5.362875113961096,0,0.0,14,10.725750227922193,54.15360879135132,41.48843441690326,36.0,27.580500586085638,64.0,49.03200104193002,22.0,16.854750358163443,99.0,75.84637661173551,1.0,63.0,False,False,False
7,2020-05-03,1.6024678,1.227690609084675,0,0.0,2,1.5322500325603132,0,0.0,5,3.830625081400783,4.161835,3.188486152794212,1,0.7661250162801566,6,4.59675009768094,0,0.0,11,8.427375179081722,46.76166540908814,35.825281672824886,31.0,23.74987550468485,56.0,42.90300091168877,19.0,14.556375309322975,83.0,63.588376351253,3.0,66.0,False,False,False
8,2020-05-04,3.0962887,2.372144263063092,1,0.7661250162801566,4,3.0645000651206264,0,0.0,9,6.8951251465214085,3.6195138,2.773000051092822,1,0.7661250162801566,5,3.830625081400783,0,0.0,10,7.661250162801566,40.442069593429565,30.983681225669454,27.0,20.68537543956423,49.0,37.54012579772768,17.0,13.024125276762662,73.0,55.92712618845144,1.0,66.0,False,False,False
9,2020-05-05,4.117639,3.1546263926429674,1,0.7661250162801566,5,3.830625081400783,0,0.0,11,8.427375179081722,3.152798,2.4154373022611253,1,0.7661250162801566,4,3.0645000651206264,0,0.0,9,6.8951251465214085,35.03149405097962,26.838503950124966,24.0,18.38700039072376,42.0,32.17725068376657,15.0,11.491875244202348,62.0,47.49975100936971,1.0,66.0,False,False,False
10,2020-05-06,4.3905387,3.363701398484409,2,1.5322500325603132,6,4.59675009768094,0,0.0,12,9.19350019536188,2.7505746,2.107283944496885,1,0.7661250162801566,4,3.0645000651206264,0,0.0,8,6.129000130241253,30.392523677825928,23.28447269746944,21.0,16.088625341883287,37.0,28.3466256023658,13.0,9.959625211642036,53.0,40.6046258628483,2.0,30.0,False,False,False
11,2020-05-07,3.6676188,2.8098544134991243,1,0.7661250162801566,5,3.830625081400783,0,0.0,10,7.661250162801566,2.4034386,1.8413344150758348,1,0.7661250162801566,3,2.29837504884047,0,0.0,7,5.362875113961096,26.409399697303773,20.232901773046013,18.0,13.790250293042815,32.0,24.51600052096501,11.0,8.427375179081722,46.0,35.241750748887206,0.0,24.0,False,False,False
12,2020-05-08,2.548853,1.952740058186464,1,0.7661250162801566,4,3.0645000651206264,0,0.0,8,6.129000130241253,2.1034138,1.611478000995703,0,0.0,3,2.29837504884047,0,0.0,7,5.362875113961096,22.984480630874632,17.608985597519773,16.0,12.258000260482506,28.0,21.451500455844386,9.0,6.8951251465214085,40.0,30.645000651206264,8.0,16.0,False,True,False
13,2020-05-09,1.4564934,1.1158560482726898,0,0.0,2,1.5322500325603132,0,0.0,5,3.830625081400783,1.8437364,1.4125325833447278,0,0.0,3,2.29837504884047,0,0.0,6,4.59675009768094,20.03530313396454,15.349546939686457,14.0,10.725750227922193,24.0,18.38700039072376,8.0,6.129000130241253,36.0,27.580500586085638,4.0,19.0,False,False,False
14,2020-05-10,0.7290069,0.5585104190686252,0,0.0,1,0.7661250162801566,0,0.0,3,2.29837504884047,1.6186595,1.2400955711200368,0,0.0,2,1.5322500325603132,0,0.0,6,4.59675009768094,17.492131149291993,13.401159261525962,12.0,9.19350019536188,21.0,16.088625341883287,7.0,5.362875113961096,32.0,24.51600052096501,0.0,16.0,False,False,False
15,2020-05-11,1.2712739,0.9739546840137336,0,0.0,2,1.5322500325603132,0,0.0,4,3.0645000651206264,1.4232987,1.0904247574217152,0,0.0,2,1.5322500325603132,0,0.0,5,3.830625081400783,15.295919098377228,11.718586268264213,10.0,7.661250162801566,19.0,14.556375309322975,5.0,3.830625081400783,27.0,20.68537543956423,2.0,17.0,False,False,False
16,2020-05-12,1.6062918,1.230620273418026,0,0.0,2,1.5322500325603132,0,0.0,5,3.830625081400783,1.2534845,0.960325814958196,0,0.0,2,1.5322500325603132,0,0.0,4,3.0645000651206264,13.396607046604156,10.26347579167847,9.0,6.8951251465214085,17.0,13.024125276762662,4.0,3.0645000651206264,25.0,19.15312540700392,0.0,16.0,False,False,False
17,2020-05-13,1.731661,1.3266688256408088,0,0.0,2,1.5322500325603132,0,0.0,5,3.830625081400783,1.1056674,0.8470794455206487,0,0.0,2,1.5322500325603132,0,0.0,4,3.0645000651206264,11.75170041847229,9.003271674421606,7.0,5.362875113961096,15.0,11.491875244202348,3.0,2.29837504884047,24.0,18.38700039072376,0.0,14.0,False,False,False
18,2020-05-14,1.4948429,1.1452365470177028,0,0.0,2,1.5322500325603132,0,0.0,5,3.830625081400783,0.9768176,0.748364391256473,0,0.0,1,0.7661250162801566,0,0.0,4,3.0645000651206264,10.32507967710495,7.910301835715944,6.0,4.59675009768094,13.0,9.959625211642036,3.0,2.29837504884047,22.0,16.854750358163443,3.0,17.0,False,False,False
19,2020-05-15,1.0198009,0.7812949661456514,0,0.0,2,1.5322500325603132,0,0.0,4,3.0645000651206264,0.86433744,0.6621905413339846,0,0.0,1,0.7661250162801566,0,0.0,4,3.0645000651206264,9.08600517320633,6.961015861244286,5.0,3.830625081400783,12.0,9.19350019536188,2.0,1.5322500325603132,20.0,15.322500325603132,0.0,9.0,False,False,False
20,2020-05-16,0.59596866,0.4565864855976542,0,0.0,1,0.7661250162801566,0,0.0,2,1.5322500325603132,0.76601344,0.5868620519322576,0,0.0,1,0.7661250162801566,0,0.0,3,2.29837504884047,8.008281842827797,6.135345057212528,4.0,3.0645000651206264,10.0,7.661250162801566,2.0,1.5322500325603132,18.0,13.790250293042815,0.0,5.0,False,False,False
21,2020-05-17,0.30997863,0.2374823907302925,0,0.0,0,0.0,0,0.0,1,0.7661250162801566,0.6799401,0.5209191385802114,0,0.0,1,0.7661250162801566,0,0.0,3,2.29837504884047,7.069560150265693,5.41616688521585,4.0,3.0645000651206264,9.0,6.8951251465214085,1.0,0.7661250162801566,17.0,13.024125276762662,0.0,5.0,True,False,False
22,2020-05-18,0.556107,0.4260474725015228,0,0.0,1,0.7661250162801566,0,0.0,2,1.5322500325603132,0.6044843,0.463110563941882,0,0.0,1,0.7661250162801566,0,0.0,3,2.29837504884047,6.250745965957641,4.788852854932421,3.0,2.29837504884047,8.0,6.129000130241253,1.0,0.7661250162801566,14.0,10.725750227922193,0.0,3.0,True,False,False
23,2020-05-19,0.7072088,0.5418103683041409,0,0.0,1,0.7661250162801566,0,0.0,3,2.29837504884047,0.53824514,0.4123630787944421,0,0.0,1,0.7661250162801566,0,0.0,3,2.29837504884047,5.535506464958191,4.240889980585006,3.0,2.29837504884047,7.0,5.362875113961096,1.0,0.7661250162801566,14.0,10.725750227922193,1.0,4.0,True,False,False
24,2020-05-20,0.73401743,0.5623491233563982,0,0.0,1,0.7661250162801566,0,0.0,3,2.29837504884047,0.48001382,0.3677505901578115,0,0.0,1,0.7661250162801566,0,0.0,2,1.5322500325603132,4.909852465748787,3.761560800254956,2.0,1.5322500325603132,6.0,4.59675009768094,0.0,0.0,13.0,9.959625211642036,1.0,5.0,True,False,False
25,2020-05-21,0.6400126,0.4903296940028667,0,0.0,1,0.7661250162801566,0,0.0,2,1.5322500325603132,0.42875177,0.3284774493295117,0,0.0,1,0.7661250162801566,0,0.0,2,1.5322500325603132,4.3617873083353045,3.3416743726089657,2.0,1.5322500325603132,6.0,4.59675009768094,0.0,0.0,11.0,8.427375179081722,0.0,2.0,True,False,False
26,2020-05-22,0.46316752,0.3548442236933624,0,0.0,1,0.7661250162801566,0,0.0,2,1.5322500325603132,0.38356128,0.293855896416062,0,0.0,1,0.7661250162801566,0,0.0,2,1.5322500325603132,3.8810101639032366,2.9733389750038204,1.0,0.7661250162801566,5.0,3.830625081400783,0.0,0.0,11.0,8.427375179081722,,,False,False,True
27,2020-05-23,0.28014874,0.2146289716620231,0,0.0,0,0.0,0,0.0,1,0.7661250162801566,0.34366816,0.2632927817103336,0,0.0,0,0.0,0,0.0,2,1.5322500325603132,3.4586646824479104,2.6497695361480083,1.0,0.7661250162801566,5.0,3.830625081400783,0.0,0.0,10.0,7.661250162801566,,,False,False,True
28,2020-05-24,0.1475222,0.1130204395849432,0,0.0,0,0.0,0,0.0,1,0.7661250162801566,0.30840224,0.2362746727158082,0,0.0,0,0.0,0,0.0,2,1.5322500325603132,3.087127120003104,2.365125315071291,1.0,0.7661250162801566,4.0,3.0645000651206264,0.0,0.0,9.0,6.8951251465214085,,,False,False,True
29,2020-05-25,0.2690129,0.2060975020867772,0,0.0,0,0.0,0,0.0,2,1.5322500325603132,0.2771842,0.2123577360180206,0,0.0,0,0.0,0,0.0,1,0.7661250162801566,2.7598266815543173,2.114372261336212,1.0,0.7661250162801566,4.0,3.0645000651206264,0.0,0.0,8.0,6.129000130241253,,,False,False,True
30,2020-05-26,0.35306945,0.270495343102084,0,0.0,0,0.0,0,0.0,2,1.5322500325603132,0.24951099,0.1911566187118296,0,0.0,0,0.0,0,0.0,1,0.7661250162801566,2.471092578947544,1.8931658422759612,1.0,0.7661250162801566,3.0,2.29837504884047,0.0,0.0,7.0,5.362875113961096,,,False,False,True
