,Unnamed: 0,Raw Prediction Mean,Raw Prediction Mean 100k,Raw Prediction Q25,Raw Prediction Q25 100k,Raw Prediction Q75,Raw Prediction Q75 100k,Raw Prediction Q5,Raw Prediction Q5 100k,Raw Prediction Q95,Raw Prediction Q95 100k,Trend Prediction Mean,Trend Prediction Mean 100k,Trend Prediction Q25,Trend Prediction Q25 100k,Trend Prediction Q75,Trend Prediction Q75 100k,Trend Prediction Q5,Trend Prediction Q5 100k,Trend Prediction Q95,Trend Prediction Q95 100k,Trend 7Day Prediction Mean,Trend 7Day Prediction Mean 100k,Trend 7Day Prediction Q25,Trend 7Day Prediction Q25 100k,Trend 7Day Prediction Q75,Trend 7Day Prediction Q75 100k,Trend 7Day Prediction Q5,Trend 7Day Prediction Q5 100k,Trend 7Day Prediction Q95,Trend 7Day Prediction Q95 100k,RKI Meldedaten,RKI 7Day Incidence,is_nowcast,is_high,is_prediction
0,2020-04-27,10.988006,5.20921494171489,4,1.8963277612902611,14,6.637147164515914,1,0.4740819403225653,31,14.696540149999526,10.293107,4.879776315647177,3,1.422245820967696,14,6.637147164515914,1,0.4740819403225653,30,14.222458209676962,,,,,,,,,,,2.0,,False,False,False
1,2020-04-28,12.795908,6.066308924346231,4,1.8963277612902611,16,7.585311045161045,1,0.4740819403225653,37,17.54103179193492,9.027433,4.279743006918579,3,1.422245820967696,12,5.688983283870784,0,0.0,27,12.800212388709264,,,,,,,,,,,2.0,,False,False,False
2,2020-04-29,13.225109,6.269785080803558,5,2.3704097016128265,18,8.533474925806177,1,0.4740819403225653,36,17.066949851612353,7.9342484,3.761483822017908,3,1.422245820967696,11,5.214901343548219,0,0.0,25,11.852048508064136,,,,,,,,,,,1.0,,False,False,False
3,2020-04-30,12.857761,6.095632488722913,5,2.3704097016128265,18,8.533474925806177,1,0.4740819403225653,38,18.015113732257483,6.988239,3.312997796456329,2,0.9481638806451308,9,4.266737462903088,0,0.0,22,10.42980268709644,,,,,,,,,,,7.0,,False,False,False
4,2020-05-01,6.463567,3.064260454266332,2,0.9481638806451308,9,4.266737462903088,0,0.0,18,8.533474925806177,6.1680555,2.9241637093946338,2,0.9481638806451308,8,3.7926555225805223,0,0.0,17,8.05939298548361,,,,,,,,,,,18.0,,False,True,False
5,2020-05-02,3.3128436,1.570559288666118,1,0.4740819403225653,4,1.8963277612902611,0,0.0,10,4.740819403225653,5.4556355,2.586418304417748,2,0.9481638806451308,8,3.7926555225805223,0,0.0,16,7.585311045161045,,,,,,,,,,,12.0,,False,False,False
6,2020-05-03,1.4909929,0.7068528248055372,0,0.0,2,0.9481638806451308,0,0.0,5,2.3704097016128265,4.8356676,2.292502722411882,1,0.4740819403225653,7,3.318573582257957,0,0.0,14,6.637147164515914,50.70240363311768,24.037093893406315,32.0,15.170622090322093,64.0,30.341244180644185,18.0,8.533474925806177,102.0,48.35635791290167,0.0,42.0,False,False,False
7,2020-05-04,2.0713322,0.98198115665582,0,0.0,3,1.422245820967696,0,0.0,7,3.318573582257957,4.2951517,2.036253863479942,1,0.4740819403225653,6,2.844491641935392,0,0.0,12,5.688983283870784,44.70443955039978,21.19356744308636,29.0,13.748376269354392,58.0,27.496752538708787,17.0,8.05939298548361,89.0,42.19329268870832,0.0,40.0,False,False,False
8,2020-05-05,2.8760989,1.3635065442940686,1,0.4740819403225653,4,1.8963277612902611,0,0.0,9,4.266737462903088,3.8230267,1.8124279449693856,1,0.4740819403225653,6,2.844491641935392,0,0.0,11,5.214901343548219,39.50002275848389,18.726247432127533,26.0,12.3261304483867,51.0,24.178178956450832,16.0,7.585311045161045,78.0,36.9783913451601,5.0,43.0,False,False,False
9,2020-05-06,4.1705103,1.9771636289078744,1,0.4740819403225653,5,2.3704097016128265,0,0.0,11,5.214901343548219,3.4098907,1.6165675333468243,1,0.4740819403225653,5,2.3704097016128265,0,0.0,10,4.740819403225653,34.97566687583923,16.58133201657354,23.0,10.903884627419004,43.0,20.38552343387031,15.0,7.111229104838481,65.0,30.81532612096675,1.0,43.0,False,False,False
10,2020-05-07,4.779424,2.2658387024421245,2,0.9481638806451308,6,2.844491641935392,0,0.0,14,6.637147164515914,3.047709,1.4448637557507027,1,0.4740819403225653,5,2.3704097016128265,0,0.0,10,4.740819403225653,31.03514101600647,14.71319987105278,21.0,9.955720746773872,39.0,18.48919567258005,13.0,6.16306522419335,58.0,27.496752538708787,9.0,45.0,False,False,False
11,2020-05-08,2.9414654,1.3944955753686372,1,0.4740819403225653,4,1.8963277612902611,0,0.0,9,4.266737462903088,2.7296271,1.294066896662116,1,0.4740819403225653,4,1.8963277612902611,0,0.0,8,3.7926555225805223,27.596710158348085,13.08310189838911,19.0,9.00755686612874,35.0,16.592867911289787,11.0,5.214901343548219,50.0,23.70409701612827,1.0,28.0,False,False,False
12,2020-05-09,1.8903387,0.8961754247138742,0,0.0,3,1.422245820967696,0,0.0,6,2.844491641935392,2.4497657,1.161389627668541,1,0.4740819403225653,4,1.8963277612902611,0,0.0,8,3.7926555225805223,24.590835872650143,11.658071184659727,17.0,8.05939298548361,31.0,14.696540149999526,10.0,4.740819403225653,45.0,21.33368731451544,2.0,18.0,False,False,False
13,2020-05-10,0.80904424,0.3835532425000565,0,0.0,1,0.4740819403225653,0,0.0,3,1.422245820967696,2.2030911,1.0444457075209357,1,0.4740819403225653,3,1.422245820967696,0,0.0,8,3.7926555225805223,21.958258274078368,10.410013688679095,15.0,7.111229104838481,28.0,13.274294329031829,9.0,4.266737462903088,41.0,19.43735955322518,1.0,19.0,False,False,False
14,2020-05-11,1.6779697,0.7954950888233725,0,0.0,2,0.9481638806451308,0,0.0,6,2.844491641935392,1.9852809,0.9411857718077954,0,0.0,3,1.422245820967696,0,0.0,7,3.318573582257957,19.648391519546507,9.314947575804046,13.0,6.16306522419335,25.0,11.852048508064136,8.0,3.7926555225805223,36.0,17.066949851612353,2.0,21.0,False,False,False
15,2020-05-12,2.304183,1.09237153083086,1,0.4740819403225653,3,1.422245820967696,0,0.0,7,3.318573582257957,1.7926195,0.8498484930896666,0,0.0,3,1.422245820967696,0,0.0,6,2.844491641935392,17.617984851837157,8.352368443132523,12.0,5.688983283870784,22.0,10.42980268709644,7.0,3.318573582257957,33.0,15.644704030644656,2.0,18.0,False,False,False
16,2020-05-13,2.3000624,1.090418027160922,1,0.4740819403225653,3,1.422245820967696,0,0.0,7,3.318573582257957,1.6219034,0.7689151061640587,0,0.0,2,0.9481638806451308,0,0.0,6,2.844491641935392,15.829997081279757,7.504715731593652,10.0,4.740819403225653,20.0,9.481638806451306,6.0,2.844491641935392,31.0,14.696540149999526,4.0,21.0,False,False,False
17,2020-05-14,2.1534128,1.0208941603195854,0,0.0,3,1.422245820967696,0,0.0,6,2.844491641935392,1.4703707,0.6970761660340941,0,0.0,2,0.9481638806451308,0,0.0,5,2.3704097016128265,14.252653938770294,6.756925834038274,9.0,4.266737462903088,18.0,8.533474925806177,5.0,2.3704097016128265,28.0,13.274294329031829,2.0,14.0,False,False,False
18,2020-05-15,1.5033019,0.7126882792363176,0,0.0,2,0.9481638806451308,0,0.0,5,2.3704097016128265,1.3356276,0.6331968961603707,0,0.0,2,0.9481638806451308,0,0.0,5,2.3704097016128265,12.858654661178589,6.096055951709344,8.0,3.7926555225805223,17.0,8.05939298548361,4.0,1.8963277612902611,26.0,12.3261304483867,0.0,13.0,False,False,False
19,2020-05-16,0.93404305,0.4428129614097997,0,0.0,1,0.4740819403225653,0,0.0,4,1.8963277612902611,1.2156147,0.5763009539805353,0,0.0,2,0.9481638806451308,0,0.0,4,1.8963277612902611,11.624503905296326,5.510967366710121,7.0,3.318573582257957,15.0,7.111229104838481,3.0,1.422245820967696,25.0,11.852048508064136,0.0,11.0,False,False,False
20,2020-05-17,0.49922886,0.2366753960814094,0,0.0,1,0.4740819403225653,0,0.0,2,0.9481638806451308,1.1085354,0.5255365977063775,0,0.0,2,0.9481638806451308,0,0.0,4,1.8963277612902611,10.529948958158492,4.992058633581354,6.0,2.844491641935392,13.0,6.16306522419335,2.0,0.9481638806451308,22.0,10.42980268709644,0.0,10.0,False,False,False
21,2020-05-18,1.0667894,0.5057455837231828,0,0.0,2,0.9481638806451308,0,0.0,5,2.3704097016128265,1.0128379,0.4801681370736332,0,0.0,1,0.4740819403225653,0,0.0,4,1.8963277612902611,9.557505330324172,4.5310406716433445,5.0,2.3704097016128265,12.0,5.688983283870784,2.0,0.9481638806451308,21.0,9.955720746773872,0.0,8.0,True,False,False
22,2020-05-19,1.5890139,0.7533228199463338,0,0.0,2,0.9481638806451308,0,0.0,6,2.844491641935392,0.927168,0.4395536052470561,0,0.0,1,0.4740819403225653,0,0.0,4,1.8963277612902611,8.69205321264267,4.1207454524366245,4.0,1.8963277612902611,11.0,5.214901343548219,2.0,0.9481638806451308,21.0,9.955720746773872,0.0,6.0,True,False,False
23,2020-05-20,1.4631854,0.6936697900528088,0,0.0,2,0.9481638806451308,0,0.0,5,2.3704097016128265,0.8503478,0.4031345270050224,0,0.0,1,0.4740819403225653,0,0.0,3,1.422245820967696,7.920497971892357,3.754965046835673,4.0,1.8963277612902611,10.0,4.740819403225653,1.0,0.4740819403225653,19.0,9.00755686612874,2.0,4.0,True,False,False
24,2020-05-21,1.1432742,0.5420056368166115,0,0.0,2,0.9481638806451308,0,0.0,4,1.8963277612902611,0.78135145,0.3704246182678616,0,0.0,1,0.4740819403225653,0,0.0,3,1.422245820967696,7.231480679750442,3.4283143920612336,3.0,1.422245820967696,9.0,4.266737462903088,1.0,0.4740819403225653,18.0,8.533474925806177,1.0,3.0,True,False,False
25,2020-05-22,0.9254349,0.4387319677334744,0,0.0,1,0.4740819403225653,0,0.0,4,1.8963277612902611,0.71927977,0.3409975533941178,0,0.0,1,0.4740819403225653,0,0.0,3,1.422245820967696,6.615132994294166,3.1361150854268,3.0,1.422245820967696,9.0,4.266737462903088,1.0,0.4740819403225653,16.0,7.585311045161045,0.0,3.0,True,False,False
26,2020-05-23,0.57590604,0.2730266487560584,0,0.0,1,0.4740819403225653,0,0.0,3,1.422245820967696,0.6633488,0.314481690111279,0,0.0,1,0.4740819403225653,0,0.0,3,1.422245820967696,6.062868573725224,2.874296497352358,2.0,0.9481638806451308,8.0,3.7926555225805223,1.0,0.4740819403225653,16.0,7.585311045161045,,,False,False,True
27,2020-05-24,0.29474533,0.1397334358443913,0,0.0,0,0.0,0,0.0,2,0.9481638806451308,0.6128715,0.2905513156292727,0,0.0,1,0.4740819403225653,0,0.0,3,1.422245820967696,5.567204755723476,2.639311232766399,2.0,0.9481638806451308,7.0,3.318573582257957,0.0,0.0,16.0,7.585311045161045,,,False,False,True
28,2020-05-25,0.6386561,0.3027753109563491,0,0.0,1,0.4740819403225653,0,0.0,3,1.422245820967696,0.5672441,0.2689201892280835,0,0.0,1,0.4740819403225653,0,0.0,3,1.422245820967696,5.121610999345779,2.42806328014724,2.0,0.9481638806451308,7.0,3.318573582257957,0.0,0.0,15.0,7.111229104838481,,,False,False,True
29,2020-05-26,0.83220303,0.3945324351661838,0,0.0,1,0.4740819403225653,0,0.0,3,1.422245820967696,0.52593565,0.249336585511628,0,0.0,1,0.4740819403225653,0,0.0,3,1.422245820967696,4.720379383891821,2.23784661737407,2.0,0.9481638806451308,6.0,2.844491641935392,0.0,0.0,14.0,6.637147164515914,,,False,False,True
30,2020-05-27,0.8687316,0.4118499873584369,0,0.0,1,0.4740819403225653,0,0.0,4,1.8963277612902611,0.48848194,0.2315804749741801,0,0.0,1,0.4740819403225653,0,0.0,2,0.9481638806451308,4.358513113245368,2.066292353648709,1.0,0.4740819403225653,6.0,2.844491641935392,0.0,0.0,13.0,6.16306522419335,,,False,False,True
