,Unnamed: 0,Raw Prediction Mean,Raw Prediction Mean 100k,Raw Prediction Q25,Raw Prediction Q25 100k,Raw Prediction Q75,Raw Prediction Q75 100k,Raw Prediction Q5,Raw Prediction Q5 100k,Raw Prediction Q95,Raw Prediction Q95 100k,Trend Prediction Mean,Trend Prediction Mean 100k,Trend Prediction Q25,Trend Prediction Q25 100k,Trend Prediction Q75,Trend Prediction Q75 100k,Trend Prediction Q5,Trend Prediction Q5 100k,Trend Prediction Q95,Trend Prediction Q95 100k,Trend 7Day Prediction Mean,Trend 7Day Prediction Mean 100k,Trend 7Day Prediction Q25,Trend 7Day Prediction Q25 100k,Trend 7Day Prediction Q75,Trend 7Day Prediction Q75 100k,Trend 7Day Prediction Q5,Trend 7Day Prediction Q5 100k,Trend 7Day Prediction Q95,Trend 7Day Prediction Q95 100k,RKI Meldedaten,RKI 7Day Incidence,is_nowcast,is_high,is_prediction
0,2020-03-03,0.31221116,0.1586124426466995,0,0.0,0,0.0,0,0.0,2,1.016058809483893,0.22774291,0.1157000951934605,0,0.0,0,0.0,0,0.0,1,0.5080294047419465,,,,,,,,,,,0.0,,False,False,False
1,2020-03-04,0.3715073,0.1887366238406684,0,0.0,1,0.5080294047419465,0,0.0,2,1.016058809483893,0.26014322,0.1321604031545575,0,0.0,0,0.0,0,0.0,1,0.5080294047419465,,,,,,,,,,,0.0,,False,False,False
2,2020-03-05,0.4571766,0.2322591626580106,0,0.0,1,0.5080294047419465,0,0.0,2,1.016058809483893,0.2980753,0.1514310156380816,0,0.0,0,0.0,0,0.0,1,0.5080294047419465,,,,,,,,,,,0.0,,False,False,False
3,2020-03-06,0.4500166,0.2286216613356373,0,0.0,1,0.5080294047419465,0,0.0,2,1.016058809483893,0.34260112,0.1740514449011243,0,0.0,1,0.5080294047419465,0,0.0,2,1.016058809483893,,,,,,,,,,,0.0,,False,False,False
4,2020-03-07,0.36050114,0.18314517546969,0,0.0,0,0.0,0,0.0,2,1.016058809483893,0.39500877,0.2006760723816114,0,0.0,1,0.5080294047419465,0,0.0,2,1.016058809483893,,,,,,,,,,,0.0,,False,False,False
5,2020-03-08,0.31256872,0.1587941028446948,0,0.0,1,0.5080294047419465,0,0.0,2,1.016058809483893,0.4568603,0.2320984776815748,0,0.0,1,0.5080294047419465,0,0.0,2,1.016058809483893,,,,,,,,,,,0.0,,False,False,False
6,2020-03-09,0.51220083,0.2602130734885577,0,0.0,1,0.5080294047419465,0,0.0,2,1.016058809483893,0.53006166,0.2692869202292058,0,0.0,1,0.5080294047419465,0,0.0,2,1.016058809483893,2.510492757871747,1.2754041413905512,1.0,0.5080294047419465,4.0,2.032117618967786,0.0,0.0,7.0,3.556205833193625,0.0,0.0,False,False,False
7,2020-03-10,0.83974993,0.4266176802047994,0,0.0,1,0.5080294047419465,0,0.0,3,1.5240882142258394,0.6169375,0.3134224016321241,0,0.0,1,0.5080294047419465,0,0.0,3,1.5240882142258394,2.8996871500313284,1.473126336768287,1.0,0.5080294047419465,4.0,2.032117618967786,0.0,0.0,7.0,3.556205833193625,0.0,0.0,False,False,False
8,2020-03-11,1.0216905,0.5190488082007505,0,0.0,2,1.016058809483893,0,0.0,4,2.032117618967786,0.7203363,0.365952041647688,0,0.0,1,0.5080294047419465,0,0.0,3,1.5240882142258394,3.3598805880248546,1.706918135138288,1.0,0.5080294047419465,5.0,2.540147023709733,0.0,0.0,8.0,4.064235237935572,1.0,1.0,False,False,False
9,2020-03-12,1.2698476,0.6451199169532629,0,0.0,2,1.016058809483893,0,0.0,4,2.032117618967786,0.84375954,0.4286546754883602,0,0.0,1,0.5080294047419465,0,0.0,3,1.5240882142258394,3.905565055072308,1.984141890109332,2.0,1.016058809483893,5.0,2.540147023709733,0.0,0.0,9.0,4.572264642677518,2.0,3.0,False,False,False
10,2020-03-13,1.2549275,0.6375400971592171,0,0.0,2,1.016058809483893,0,0.0,4,2.032117618967786,0.99151975,0.5037211849412415,0,0.0,1,0.5080294047419465,0,0.0,4,2.032117618967786,4.554483230531216,2.313811404513951,2.0,1.016058809483893,6.0,3.048176428451679,1.0,0.5080294047419465,10.0,5.080294047419465,3.0,6.0,False,False,False
11,2020-03-14,1.0115625,0.5139034783496754,0,0.0,1,0.5080294047419465,0,0.0,3,1.5240882142258394,1.168948,0.593859977016109,0,0.0,2,1.016058809483893,0,0.0,4,2.032117618967786,5.328422958374024,2.7069955437560766,3.0,1.5240882142258394,7.0,3.556205833193625,1.0,0.5080294047419465,12.0,6.096352856903358,4.0,10.0,False,False,False
12,2020-03-15,0.88384193,0.4490176706894999,0,0.0,1,0.5080294047419465,0,0.0,3,1.5240882142258394,1.382661,0.7024324531812454,0,0.0,2,1.016058809483893,0,0.0,5,2.540147023709733,6.2542236546278,3.1773295203835623,3.0,1.5240882142258394,8.0,4.064235237935572,1.0,0.5080294047419465,14.0,7.112411666387251,5.0,15.0,False,False,False
13,2020-03-16,1.4661846,0.7448648830177262,0,0.0,2,1.016058809483893,0,0.0,5,2.540147023709733,1.6408943,0.8336225619132165,0,0.0,2,1.016058809483893,0,0.0,5,2.540147023709733,7.365056206941604,3.741665120703521,4.0,2.032117618967786,10.0,5.080294047419465,2.0,1.016058809483893,15.0,7.620441071129196,1.0,16.0,False,False,False
14,2020-03-17,2.4101942,1.224449533765437,0,0.0,4,2.032117618967786,0,0.0,8,4.064235237935572,1.9539394,0.9926587154041044,0,0.0,3,1.5240882142258394,0,0.0,6,3.048176428451679,8.70205999469757,4.420902359134913,5.0,2.540147023709733,11.0,5.588323452161411,2.0,1.016058809483893,18.0,9.144529285355036,0.0,16.0,False,False,False
15,2020-03-18,2.961475,1.5045163308968768,1,0.5080294047419465,4,2.032117618967786,0,0.0,9,4.572264642677518,2.3347208,1.1861068742291536,0,0.0,4,2.032117618967786,0,0.0,7,3.556205833193625,10.316443554639816,5.241056678117556,6.0,3.048176428451679,13.0,6.604382261645304,3.0,1.5240882142258394,21.0,10.668617499580876,3.0,18.0,False,False,False
16,2020-03-19,3.7698996,1.915219763759524,1,0.5080294047419465,5,2.540147023709733,0,0.0,12,6.096352856903358,2.7995186,1.422237801307347,1,0.5080294047419465,4,2.032117618967786,0,0.0,9,4.572264642677518,12.272201108455658,6.234639024002183,8.0,4.064235237935572,16.0,8.128470475871143,4.0,2.032117618967786,24.0,12.192705713806715,2.0,18.0,False,False,False
17,2020-03-20,3.7269995,1.8934253603219984,1,0.5080294047419465,6,3.048176428451679,0,0.0,11,5.588323452161411,3.3689592,1.7115304217441007,1,0.5080294047419465,5,2.540147023709733,0,0.0,12,6.096352856903358,14.64964324235916,7.4424495360976035,9.0,4.572264642677518,19.0,9.652558690096985,4.0,2.032117618967786,29.0,14.732852737516446,2.0,17.0,False,False,False
18,2020-03-21,2.984963,1.5164489013841376,1,0.5080294047419465,4,2.032117618967786,0,0.0,10,5.080294047419465,4.0693254,2.067336936306674,1,0.5080294047419465,6,3.048176428451679,0,0.0,13,6.604382261645304,17.550020882606507,8.915926662199313,11.0,5.588323452161411,22.0,11.176646904322824,6.0,3.048176428451679,36.0,18.289058570710072,0.0,13.0,False,False,False
19,2020-03-22,2.6099925,1.325952962361043,0,0.0,4,2.032117618967786,0,0.0,9,4.572264642677518,4.9342675,2.506752935005352,1,0.5080294047419465,6,3.048176428451679,0,0.0,15,7.620441071129196,21.10163106584549,10.72024906946565,12.0,6.096352856903358,27.0,13.716793928032557,6.0,3.048176428451679,46.0,23.36935261812954,3.0,11.0,False,False,False
20,2020-03-23,4.501221,2.2867527150083333,1,0.5080294047419465,6,3.048176428451679,0,0.0,15,7.620441071129196,6.007203,3.051835665246472,2,1.016058809483893,8,4.064235237935572,0,0.0,21,10.668617499580876,25.46793654155731,12.938460641213029,14.0,7.112411666387251,32.0,16.256940951742287,7.0,3.556205833193625,58.0,29.46570547503289,1.0,11.0,False,False,False
21,2020-03-24,7.7332325,3.92870933865197,2,1.016058809483893,10,5.080294047419465,0,0.0,25,12.700735118548662,7.3444853,3.731214383151382,2,1.016058809483893,9,4.572264642677518,0,0.0,23,11.68467630906477,30.858475796699523,15.67701309024102,17.0,8.63649988061309,39.0,19.813146784935917,9.0,4.572264642677518,70.0,35.56205833193625,6.0,17.0,True,False,False
22,2020-03-25,10.547072,5.35822291567456,3,1.5240882142258394,13,6.604382261645304,0,0.0,33,16.764970356484234,9.01992,4.582384644891135,2,1.016058809483893,11,5.588323452161411,0,0.0,30,15.240882142258393,37.54367581653595,19.07329127689937,19.0,9.652558690096985,47.0,23.877382022871483,10.0,5.080294047419465,87.0,44.198558212549344,2.0,16.0,True,False,False
23,2020-03-26,14.116041,7.171364268288016,3,1.5240882142258394,18,9.144529285355036,0,0.0,49,24.893440832355378,11.130987,5.654868800775148,3,1.5240882142258394,14,7.112411666387251,0,0.0,39,19.813146784935917,45.8751416463852,23.305920903065548,23.0,11.68467630906477,56.0,28.449646665549004,11.0,5.588323452161411,109.0,55.37520511687216,9.0,23.0,True,False,False
24,2020-03-27,14.015594,7.120333611965179,3,1.5240882142258394,17,8.63649988061309,0,0.0,53,26.925558451323163,13.8076515,7.014693255769089,3,1.5240882142258394,17,8.63649988061309,0,0.0,51,25.90949964183927,56.31383036708832,28.609081720130828,26.0,13.208764523290608,68.0,34.54599952245236,12.0,6.096352856903358,149.0,75.69638130655002,10.0,31.0,True,False,False
25,2020-03-28,11.239297,5.70989323023241,2,1.016058809483893,13,6.604382261645304,0,0.0,35,17.781029165968125,17.22501,8.75081168487668,3,1.5240882142258394,20,10.16058809483893,0,0.0,59,29.97373487977484,69.46953448390961,35.29256625156072,30.0,15.240882142258393,84.0,42.6744699983235,13.0,6.604382261645304,193.0,98.04967511519564,9.0,40.0,True,False,False
26,2020-03-29,10.478312,5.323290315573104,2,1.016058809483893,11,5.588323452161411,0,0.0,33,16.764970356484234,21.621721,10.984470281982794,4,2.032117618967786,24,12.192705713806715,1,0.5080294047419465,76,38.61023476038793,86.15697805690765,43.77027827661573,35.0,17.781029165968125,106.0,53.851116902646325,14.0,7.112411666387251,252.0,128.0234099949705,,,False,False,True
27,2020-03-30,18.817894,9.56004369072616,4,2.032117618967786,20,10.16058809483893,0,0.0,68,34.54599952245236,27.326614,13.88272357871756,5,2.540147023709733,29,14.732852737516446,1,0.5080294047419465,91,46.23067583151713,107.47639330291749,54.60116811349249,39.0,19.813146784935917,125.0,63.50367559274331,15.0,7.620441071129196,304.0,154.44093904155173,,,False,False,True
28,2020-03-31,33.62553,17.082758131437004,5,2.540147023709733,33,16.764970356484234,1,0.5080294047419465,116,58.93141095006578,34.79863,17.6787274540402,6,3.048176428451679,35,17.781029165968125,1,0.5080294047419465,112,56.89929333109801,134.93054677772523,68.54868536099312,47.0,23.877382022871483,158.0,80.26864594922755,18.0,9.144529285355036,389.0,197.6234384446172,,,False,False,True
29,2020-04-01,45.282093,23.00463529536501,6,3.048176428451679,43,21.8452644039037,1,0.5080294047419465,159,80.77667535396948,44.68618,22.701892885379493,7,3.556205833193625,43,21.8452644039037,1,0.5080294047419465,159,80.77667535396948,170.5968423833847,86.6682122868866,54.0,27.43358785606511,194.0,98.55770451993762,18.0,9.144529285355036,482.0,244.87017308561815,,,False,False,True
30,2020-04-02,63.1706,32.09252317901701,8,4.064235237935572,56,28.449646665549004,1,0.5080294047419465,198,100.5898221389054,57.916843,29.423460364341736,8,4.064235237935572,52,26.417529046581212,1,0.5080294047419465,204,103.63799856735707,217.3826917271614,110.43679947935186,62.0,31.49782309400068,237.0,120.40296892384131,21.0,10.668617499580876,622.0,315.9942897494907,,,False,False,True
