,Raw Prediction Mean,Raw Prediction Mean 100k,Raw Prediction Q25,Raw Prediction Q25 100k,Raw Prediction Q75,Raw Prediction Q75 100k,Raw Prediction Q5,Raw Prediction Q5 100k,Raw Prediction Q95,Raw Prediction Q95 100k,Trend Prediction Mean,Trend Prediction Mean 100k,Trend Prediction Q25,Trend Prediction Q25 100k,Trend Prediction Q75,Trend Prediction Q75 100k,Trend Prediction Q5,Trend Prediction Q5 100k,Trend Prediction Q95,Trend Prediction Q95 100k,Trend 7Day Prediction Mean,Trend 7Day Prediction Mean 100k,Trend 7Day Prediction Q25,Trend 7Day Prediction Q25 100k,Trend 7Day Prediction Q75,Trend 7Day Prediction Q75 100k,Trend 7Day Prediction Q5,Trend 7Day Prediction Q5 100k,Trend 7Day Prediction Q95,Trend 7Day Prediction Q95 100k,RKI Meldedaten,RKI 7Day Incidence,is_nowcast,is_high,is_prediction
2021-07-25,0.3282501,0.25790823201532476,0,0.0,1,0.7857064286499992,0,0.0,1,0.7857064286499992,1.4424763,1.133362911787117,0,0.0,2,1.5714128572999984,0,0.0,4,3.1428257145999967,,,,,,,,,,,0.0,,False,False,False
2021-07-26,1.0612603,0.8338391126017086,0,0.0,2,1.5714128572999984,0,0.0,4,3.1428257145999967,1.5200154,1.1942858691327274,0,0.0,2,1.5714128572999984,0,0.0,5,3.928532143249996,,,,,,,,,,,5.0,,False,False,False
2021-07-27,1.7979182,1.4126359019428492,1,0.7857064286499992,3,2.3571192859499974,0,0.0,5,3.928532143249996,1.6031654,1.2596173291967716,0,0.0,2,1.5714128572999984,0,0.0,5,3.928532143249996,,,,,,,,,,,2.0,,False,False,False
2021-07-28,2.276201,1.7884258340927772,1,0.7857064286499992,3,2.3571192859499974,0,0.0,7,5.499945000549994,1.6923975,1.3297275472723413,0,0.0,3,2.3571192859499974,0,0.0,5,3.928532143249996,,,,,,,,,,,0.0,,False,False,False
2021-07-29,2.3063056,1.8120792447007261,1,0.7857064286499992,4,3.1428257145999967,0,0.0,7,5.499945000549994,1.7882262,1.4050208847038448,1,0.7857064286499992,3,2.3571192859499974,0,0.0,5,3.928532143249996,,,,,,,,,,,2.0,,False,False,False
2021-07-30,2.0849667,1.6381716704927385,1,0.7857064286499992,3,2.3571192859499974,0,0.0,6,4.714238571899995,1.8912106,1.4859362636343576,1,0.7857064286499992,3,2.3571192859499974,0,0.0,5,3.928532143249996,,,,,,,,,,,2.0,,False,False,False
2021-07-31,1.8089011,1.4212651876732707,1,0.7857064286499992,3,2.3571192859499974,0,0.0,5,3.928532143249996,2.0019715,1.5729618098703213,1,0.7857064286499992,3,2.3571192859499974,0,0.0,6,4.714238571899995,11.939463806152343,9.380913467127884,8.0,6.285651429199993,15.0,11.785596429749988,4.0,3.1428257145999967,22.0,17.285541430299983,1.0,12.0,False,False,False
2021-08-01,0.66080964,0.5192023763811449,0,0.0,1,0.7857064286499992,0,0.0,2,1.5714128572999984,2.1211798,1.6666246665408835,1,0.7857064286499992,3,2.3571192859499974,0,0.0,6,4.714238571899995,12.61816756916046,9.914175376872308,8.0,6.285651429199993,16.0,12.571302858399987,4.0,3.1428257145999967,23.0,18.07124785894998,0.0,12.0,False,False,False
2021-08-02,1.9158475,1.5052937669679523,1,0.7857064286499992,3,2.3571192859499974,0,0.0,5,3.928532143249996,2.2495794,1.767509093042463,1,0.7857064286499992,3,2.3571192859499974,0,0.0,6,4.714238571899995,13.347731500148774,10.48739844756099,9.0,7.071357857849993,17.0,13.357009287049987,5.0,3.928532143249996,24.0,18.85695428759998,1.0,8.0,False,False,False
2021-08-03,3.1268353,2.4567745640524663,1,0.7857064286499992,4,3.1428257145999967,0,0.0,8,6.285651429199993,2.3879805,1.8762515537673607,1,0.7857064286499992,3,2.3571192859499974,0,0.0,6,4.714238571899995,14.13254592037201,11.10403218282761,10.0,7.857064286499992,18.0,14.142715715699985,6.0,4.714238571899995,26.0,20.42836714489998,6.0,12.0,False,False,False
2021-08-04,3.7360642,2.935449629148934,2,1.5714128572999984,5,3.928532143249996,0,0.0,9,7.071357857849993,2.5372775,1.9935552700189874,1,0.7857064286499992,4,3.1428257145999967,0,0.0,6,4.714238571899995,14.977423538684844,11.767857958958501,11.0,8.642770715149991,19.0,14.928422144349984,7.0,5.499945000549994,26.0,20.42836714489998,2.0,14.0,False,False,False
2021-08-05,3.510814,2.758469054242596,1,0.7857064286499992,5,3.928532143249996,0,0.0,9,7.071357857849993,2.6984465,2.120186763931997,1,0.7857064286499992,4,3.1428257145999967,0,0.0,7,5.499945000549994,15.887643447399139,12.483023592720539,11.0,8.642770715149991,20.0,15.714128572999984,7.0,5.499945000549994,27.0,21.214073573549978,3.0,15.0,False,False,False
2021-08-06,3.2835925,2.579939791758079,1,0.7857064286499992,4,3.1428257145999967,0,0.0,8,6.285651429199993,2.8725686,2.2569956854567863,1,0.7857064286499992,4,3.1428257145999967,0,0.0,7,5.499945000549994,16.868999760627748,13.25408155682052,13.0,10.21418357244999,21.0,16.499835001649984,8.0,6.285651429199993,29.0,22.785486430849975,1.0,14.0,False,False,False
2021-08-07,2.9215658,2.295492959092371,1,0.7857064286499992,4,3.1428257145999967,0,0.0,7,5.499945000549994,3.0608308,2.4049144485616125,1,0.7857064286499992,4,3.1428257145999967,0,0.0,9,7.071357857849993,17.92785579586029,14.086031550717578,13.0,10.21418357244999,22.0,17.285541430299983,9.0,7.071357857849993,29.0,22.785486430849975,2.0,15.0,False,False,False
2021-08-08,1.0608654,0.8335287930094637,0,0.0,2,1.5714128572999984,0,0.0,3,2.3571192859499974,3.2645295,2.564961869211402,1,0.7857064286499992,5,3.928532143249996,0,0.0,8,6.285651429199993,19.071205535888673,14.984368791653182,15.0,11.785596429749988,23.0,18.07124785894998,10.0,7.857064286499992,31.0,24.356899288149975,0.0,15.0,False,False,False
2021-08-09,3.1102805,2.4437673346255906,1,0.7857064286499992,4,3.1428257145999967,0,0.0,7,5.499945000549994,3.485114,2.738276634772774,2,1.5714128572999984,5,3.928532143249996,0,0.0,9,7.071357857849993,20.306739501953125,15.955135771605452,15.0,11.785596429749988,24.0,18.85695428759998,10.0,7.857064286499992,33.0,25.928312145449976,0.0,14.0,False,False,False
2021-08-10,5.220132,4.101491140318103,3,2.3571192859499974,7,5.499945000549994,1,0.7857064286499992,13,10.21418357244999,3.7241611,2.926097295130603,2,1.5714128572999984,5,3.928532143249996,0,0.0,9,7.071357857849993,21.64292060184479,17.004981851630962,17.0,13.357009287049987,26.0,20.42836714489998,11.0,8.642770715149991,36.0,28.28543143139997,2.0,10.0,False,False,False
2021-08-11,6.3798046,5.012653491576202,3,2.3571192859499974,9,7.071357857849993,1,0.7857064286499992,14,10.999890001099988,3.9834197,3.1297982786782086,2,1.5714128572999984,6,4.714238571899995,0,0.0,11,8.642770715149991,23.089066987991334,18.141228363995268,18.0,14.142715715699985,28.0,21.999780002199977,12.0,9.42847714379999,38.0,29.856844288699968,15.0,23.0,False,True,False
2021-08-12,6.2307076,4.895506936009042,3,2.3571192859499974,8,6.285651429199993,1,0.7857064286499992,14,10.999890001099988,4.264825,3.3509004424558952,2,1.5714128572999984,6,4.714238571899995,0,0.0,11,8.642770715149991,24.65544476032257,19.371941449410382,19.0,14.928422144349984,30.0,23.571192859499977,13.0,10.21418357244999,42.0,32.99967000329997,9.0,29.0,False,False,False
2021-08-13,6.222016,4.888677722192369,3,2.3571192859499974,8,6.285651429199993,1,0.7857064286499992,14,10.999890001099988,4.570501,3.5910717997467145,2,1.5714128572999984,6,4.714238571899995,0,0.0,11,8.642770715149991,26.35337278842926,20.706014416478826,20.0,15.714128572999984,32.0,25.142605716799974,14.0,10.999890001099988,44.0,34.571082860599965,12.0,40.0,False,True,False
2021-08-14,5.608569,4.406688822200522,3,2.3571192859499974,8,6.285651429199993,1,0.7857064286499992,14,10.999890001099988,4.902791,3.852154259220697,2,1.5714128572999984,6,4.714238571899995,0,0.0,12,9.42847714379999,28.19533736515045,22.15325782575424,21.0,16.499835001649984,35.0,27.49972500274997,14.0,10.999890001099988,48.0,37.71390857519996,1.0,39.0,False,False,False
2021-08-15,2.1185966,1.6645948562654667,1,0.7857064286499992,3,2.3571192859499974,0,0.0,6,4.714238571899995,5.264313,4.136204734095372,2,1.5714128572999984,7,5.499945000549994,0,0.0,13,10.21418357244999,30.19512066268921,23.724500418537335,22.0,17.285541430299983,37.0,29.071137860049973,14.0,10.999890001099988,54.0,42.428147147099956,0.0,39.0,True,False,False
2021-08-16,7.0785465,5.56165941816289,3,2.3571192859499974,9,7.071357857849993,1,0.7857064286499992,16,12.571302858399987,5.6579423,4.445481681614183,3,2.3571192859499974,8,6.285651429199993,0,0.0,15,11.785596429749988,32.36794678878784,25.431703874151705,24.0,18.85695428759998,40.0,31.428257145999968,14.0,10.999890001099988,59.0,46.35667929034995,16.0,55.0,True,True,False
2021-08-17,10.02399,7.875913433963433,5,3.928532143249996,13,10.21418357244999,2,1.5714128572999984,24,18.85695428759998,6.0868564,4.782482210430317,3,2.3571192859499974,8,6.285651429199993,1,0.7857064286499992,15,11.785596429749988,34.7306399974823,27.28808711715063,25.0,19.64266071624998,43.0,33.78537643194996,16.0,12.571302858399987,64.0,50.28521143359995,16.0,69.0,True,True,False
2021-08-18,11.176226,8.781232463661581,5,3.928532143249996,15,11.785596429749988,2,1.5714128572999984,29,22.785486430849975,6.55459,5.149983553565107,3,2.3571192859499974,9,7.071357857849993,1,0.7857064286499992,17,13.357009287049987,37.301808236122135,29.308270531390647,26.0,20.42836714489998,45.0,35.35678928924996,16.0,12.571302858399987,68.0,53.42803714819995,21.0,75.0,True,True,False
2021-08-19,12.200345,9.585889347363263,5,3.928532143249996,16,12.571302858399987,2,1.5714128572999984,33,25.928312145449976,7.065063,5.551065260078758,3,2.3571192859499974,9,7.071357857849993,1,0.7857064286499992,19,14.928422144349984,40.102040813446045,31.508431269109202,27.0,21.214073573549978,48.0,37.71390857519996,17.0,13.357009287049987,74.0,58.142275720099946,6.0,72.0,True,False,False
2021-08-20,10.80694,8.491082553518936,5,3.928532143249996,15,11.785596429749988,1,0.7857064286499992,28,21.999780002199977,7.6225867,5.989115379634313,3,2.3571192859499974,10,7.857064286499992,1,0.7857064286499992,19,14.928422144349984,43.15413489818573,33.90648121233381,28.0,21.999780002199977,53.0,41.64244071844996,17.0,13.357009287049987,83.0,65.21363357794993,,,False,False,True
2021-08-21,9.234389,7.255518721649423,4,3.1428257145999967,12,9.42847714379999,1,0.7857064286499992,24,18.85695428759998,8.232009,6.467942148447037,3,2.3571192859499974,11,8.642770715149991,1,0.7857064286499992,22,17.285541430299983,46.4833510723114,36.5222677627099,29.0,22.785486430849975,57.0,44.785266433049955,17.0,13.357009287049987,93.0,73.07069786444993,,,False,False,True
2021-08-22,3.5122106,2.7595664505497552,1,0.7857064286499992,5,3.928532143249996,0,0.0,10,7.857064286499992,8.898651,6.99172742315568,3,2.3571192859499974,12,9.42847714379999,1,0.7857064286499992,24,18.85695428759998,50.117689083099364,39.377790501673054,31.0,24.356899288149975,63.0,49.49950500494995,18.0,14.142715715699985,101.0,79.35634929364991,,,False,False,True
2021-08-23,11.35427,8.921122935134917,5,3.928532143249996,15,11.785596429749988,1,0.7857064286499992,30,23.571192859499977,9.628463,7.565144915133715,4,3.1428257145999967,12,9.42847714379999,1,0.7857064286499992,25,19.64266071624998,54.08821118545532,42.49745524259104,32.0,25.142605716799974,67.0,52.642330719549946,19.0,14.928422144349984,111.0,87.21341358014992,,,False,False,True
2021-08-24,19.055536,14.972056669648737,7,5.499945000549994,26,20.42836714489998,3,2.3571192859499974,52,40.85673428979996,10.428035,8.193373651010916,4,3.1428257145999967,13,10.21418357244999,1,0.7857064286499992,28,21.999780002199977,58.42939122867584,45.908348310476484,33.0,25.928312145449976,72.0,56.57086286279994,19.0,14.928422144349984,126.0,98.9990100098999,,,False,False,True
