,Raw Prediction Mean,Raw Prediction Mean 100k,Raw Prediction Q25,Raw Prediction Q25 100k,Raw Prediction Q75,Raw Prediction Q75 100k,Raw Prediction Q5,Raw Prediction Q5 100k,Raw Prediction Q95,Raw Prediction Q95 100k,Trend Prediction Mean,Trend Prediction Mean 100k,Trend Prediction Q25,Trend Prediction Q25 100k,Trend Prediction Q75,Trend Prediction Q75 100k,Trend Prediction Q5,Trend Prediction Q5 100k,Trend Prediction Q95,Trend Prediction Q95 100k,Trend 7Day Prediction Mean,Trend 7Day Prediction Mean 100k,Trend 7Day Prediction Q25,Trend 7Day Prediction Q25 100k,Trend 7Day Prediction Q75,Trend 7Day Prediction Q75 100k,Trend 7Day Prediction Q5,Trend 7Day Prediction Q5 100k,Trend 7Day Prediction Q95,Trend 7Day Prediction Q95 100k,RKI Meldedaten,RKI 7Day Incidence,is_nowcast,is_high,is_prediction
2021-08-01,0.5702432,0.17571138641869766,0,0.0,1,0.30813412462176537,0,0.0,2,0.6162682492435307,1.7405081,0.5363099262467586,0,0.0,2,0.6162682492435307,0,0.0,5,1.5406706231088267,,,,,,,,,,,0.0,,False,False,False
2021-08-02,1.7077258,0.5262085778667824,0,0.0,3,0.924402373865296,0,0.0,5,1.5406706231088267,1.8410118,0.5672785391652724,1,0.30813412462176537,2,0.6162682492435307,0,0.0,5,1.5406706231088267,,,,,,,,,,,3.0,,False,False,False
2021-08-03,2.878186,0.8868672921380494,1,0.30813412462176537,4,1.2325364984870615,0,0.0,8,2.465072996974123,1.9491228,0.6005912382534007,1,0.30813412462176537,3,0.924402373865296,0,0.0,6,1.848804747730592,,,,,,,,,,,3.0,,False,False,False
2021-08-04,3.338385,1.028670340019744,1,0.30813412462176537,5,1.5406706231088267,0,0.0,9,2.7732071215958882,2.0655022,0.6364517048496054,1,0.30813412462176537,3,0.924402373865296,0,0.0,6,1.848804747730592,,,,,,,,,,,2.0,,False,False,False
2021-08-05,3.1206405,0.9615758244763128,1,0.30813412462176537,5,1.5406706231088267,0,0.0,8,2.465072996974123,2.1908844,0.6750862212356878,1,0.30813412462176537,3,0.924402373865296,0,0.0,6,1.848804747730592,,,,,,,,,,,1.0,,False,False,False
2021-08-06,2.6969886,0.8310342309414409,1,0.30813412462176537,4,1.2325364984870615,0,0.0,7,2.1569388723523573,2.326052,0.716735985406558,1,0.30813412462176537,3,0.924402373865296,0,0.0,6,1.848804747730592,,,,,,,,,,,3.0,,False,False,False
2021-08-07,2.2880676,0.7050316980894422,1,0.30813412462176537,3,0.924402373865296,0,0.0,6,1.848804747730592,2.4718943,0.7616749826411251,1,0.30813412462176537,4,1.2325364984870615,0,0.0,7,2.1569388723523573,14.584978012561798,4.494129432528425,10.0,3.0813412462176535,18.0,5.5464142431917764,5.0,1.5406706231088267,27.0,8.319621364787665,0.0,12.0,False,False,False
2021-08-08,0.87977105,0.2710874923650408,0,0.0,1,0.30813412462176537,0,0.0,3,0.924402373865296,2.6293726,0.8101994353637565,1,0.30813412462176537,4,1.2325364984870615,0,0.0,7,2.1569388723523573,15.473843139171601,4.768019110223151,11.0,3.389475370839419,19.0,5.854548367813543,6.0,1.848804747730592,28.0,8.627755489409429,1.0,13.0,False,False,False
2021-08-09,2.6398203,0.8134187737596221,1,0.30813412462176537,4,1.2325364984870615,0,0.0,7,2.1569388723523573,2.7995403,0.8626338967587799,1,0.30813412462176537,4,1.2325364984870615,0,0.0,7,2.1569388723523573,16.43237284374237,5.0633748216650245,12.0,3.697609495461184,20.0,6.162682492435307,7.0,2.1569388723523573,29.0,8.935889614031197,0.0,10.0,False,False,False
2021-08-10,4.4727006,1.3781917004962452,2,0.6162682492435307,6,1.848804747730592,0,0.0,11,3.389475370839419,2.9835684,0.9193392543238588,1,0.30813412462176537,4,1.2325364984870615,0,0.0,8,2.465072996974123,17.46681659603119,5.382122241746995,12.0,3.697609495461184,21.0,6.470816617057073,8.0,2.465072996974123,30.0,9.244023738652961,12.0,19.0,False,True,False
2021-08-11,5.1771235,1.5952484318404458,3,0.924402373865296,7,2.1569388723523573,1,0.30813412462176537,12,3.697609495461184,3.1827323,0.980708409770159,1,0.30813412462176537,4,1.2325364984870615,0,0.0,8,2.465072996974123,18.584044528961183,5.7263782928633615,13.0,4.00574362008295,22.0,6.778950741678838,9.0,2.7732071215958882,32.0,9.860291987896492,2.0,19.0,False,False,False
2021-08-12,4.8972907,1.5090224223968107,2,0.6162682492435307,7,2.1569388723523573,0,0.0,12,3.697609495461184,3.3984501,1.0471784662513528,2,0.6162682492435307,5,1.5406706231088267,0,0.0,8,2.465072996974123,19.791612820625303,6.098471291336287,14.0,4.3138777447047145,24.0,7.395218990922368,10.0,3.0813412462176535,32.0,9.860291987896492,11.0,29.0,False,True,False
2021-08-13,4.209106,1.2969691852049436,2,0.6162682492435307,6,1.848804747730592,0,0.0,10,3.0813412462176535,3.6322799,1.1192293641215656,1,0.30813412462176537,5,1.5406706231088267,0,0.0,9,2.7732071215958882,21.09783827495575,6.500963928265066,15.0,4.622011869326481,26.0,8.0114872401659,10.0,3.0813412462176535,34.0,10.476560237140022,8.0,34.0,False,False,False
2021-08-14,3.5983088,1.1087617167504504,2,0.6162682492435307,5,1.5406706231088267,0,0.0,9,2.7732071215958882,3.8859386,1.197390338347759,2,0.6162682492435307,6,1.848804747730592,0,0.0,10,3.0813412462176535,22.51188047885895,6.93667858494301,17.0,5.238280118570011,27.0,8.319621364787665,11.0,3.389475370839419,37.0,11.400962611005317,1.0,35.0,False,False,False
2021-08-15,1.4076476,0.4337442533142166,0,0.0,2,0.6162682492435307,0,0.0,4,1.2325364984870615,4.161325,1.2822461940231733,2,0.6162682492435307,6,1.848804747730592,0,0.0,10,3.0813412462176535,24.043833835601806,7.408725691484346,18.0,5.5464142431917764,29.0,8.935889614031197,12.0,3.697609495461184,39.0,12.01723086024885,0.0,34.0,False,False,False
2021-08-16,4.21025,1.2973217053513508,2,0.6162682492435307,6,1.848804747730592,0,0.0,10,3.0813412462176535,4.460537,1.374443672830239,2,0.6162682492435307,6,1.848804747730592,0,0.0,11,3.389475370839419,25.70483014678955,7.920535335832163,20.0,6.162682492435307,31.0,9.552157863274726,14.0,4.3138777447047145,42.0,12.941633234114146,6.0,40.0,False,False,False
2021-08-17,7.179898,2.212371509813238,4,1.2325364984870615,10,3.0813412462176535,1,0.30813412462176537,16,4.930145993948246,4.785888,1.4746954548172653,2,0.6162682492435307,6,1.848804747730592,0,0.0,12,3.697609495461184,27.5071533203125,8.47589260919118,21.0,6.470816617057073,33.0,10.168426112518256,14.0,4.3138777447047145,45.0,13.866035607979443,7.0,35.0,False,False,False
2021-08-18,8.504706,2.620590203150641,5,1.5406706231088267,12,3.697609495461184,2,0.6162682492435307,19,5.854548367813543,5.139946,1.5837928003747948,2,0.6162682492435307,7,2.1569388723523573,1,0.30813412462176537,12,3.697609495461184,29.464366334915162,9.078976728144097,22.0,6.778950741678838,35.0,10.784694361761789,15.0,4.622011869326481,48.0,14.790437981844736,7.0,40.0,False,False,False
2021-08-19,7.955724,2.451430009386968,4,1.2325364984870615,10,3.0813412462176535,2,0.6162682492435307,18,5.5464142431917764,5.5255346,1.7026057321345434,3,0.924402373865296,8,2.465072996974123,1,0.30813412462176537,14,4.3138777447047145,31.591454862594606,9.734405289613601,24.0,7.395218990922368,38.0,11.709096735627085,16.0,4.930145993948246,53.0,16.331108604953563,1.0,30.0,False,False,False
2021-08-20,7.031012,2.166494778066408,3,0.924402373865296,9,2.7732071215958882,1,0.30813412462176537,17,5.238280118570011,5.945812,1.8321075913263485,3,0.924402373865296,8,2.465072996974123,1,0.30813412462176537,14,4.3138777447047145,33.90498785972595,10.447283754468238,26.0,8.0114872401659,41.0,12.63349910949238,18.0,5.5464142431917764,57.0,17.563645103440624,11.0,33.0,False,False,False
2021-08-21,5.9820604,1.8432769138598815,3,0.924402373865296,8,2.465072996974123,1,0.30813412462176537,16,4.930145993948246,6.404249,1.9733677618205547,3,0.924402373865296,8,2.465072996974123,1,0.30813412462176537,16,4.930145993948246,36.42329490089416,11.223260090127432,27.0,8.319621364787665,44.0,13.557901483357677,18.0,5.5464142431917764,63.0,19.412449851171218,4.0,36.0,False,False,False
2021-08-22,2.3250551,0.7164288035710342,1,0.30813412462176537,3,0.924402373865296,0,0.0,6,1.848804747730592,6.904694,2.1275718609103933,3,0.924402373865296,9,2.7732071215958882,1,0.30813412462176537,17,5.238280118570011,39.16666647529602,12.068586488717983,28.0,8.627755489409429,47.0,14.482303857222973,20.0,6.162682492435307,70.0,21.569388723523577,1.0,37.0,True,False,False
2021-08-23,7.117892,2.1932653908152133,3,0.924402373865296,9,2.7732071215958882,1,0.30813412462176537,17,5.238280118570011,7.4514575,2.2960482965572737,3,0.924402373865296,10,3.0813412462176535,1,0.30813412462176537,19,5.854548367813543,42.15757984924316,12.990188963018717,29.0,8.935889614031197,51.0,15.714840355710033,20.0,6.162682492435307,75.0,23.1100593466324,10.0,41.0,True,False,False
2021-08-24,12.134642,3.7390971556305885,6,1.848804747730592,16,4.930145993948246,2,0.6162682492435307,32,9.860291987896492,8.049254,2.480249895597808,4,1.2325364984870615,11,3.389475370839419,1,0.30813412462176537,19,5.854548367813543,45.42094689369202,13.995743710579482,32.0,9.860291987896492,56.0,17.255510978818858,20.0,6.162682492435307,82.0,25.26699821898476,17.0,51.0,True,False,False
2021-08-25,14.138942,4.356690624263138,7,2.1569388723523573,19,5.854548367813543,3,0.924402373865296,35,10.784694361761789,8.703388,2.681810838112142,4,1.2325364984870615,12,3.697609495461184,1,0.30813412462176537,23,7.087084866300603,48.98439981651306,15.093765157583814,33.0,10.168426112518256,61.0,18.796181601927685,22.0,6.778950741678838,92.0,28.34833946520241,9.0,53.0,True,False,False
2021-08-26,13.661035,4.209431062918156,6,1.848804747730592,18,5.5464142431917764,2,0.6162682492435307,34,10.476560237140022,9.419737,2.902542291849386,4,1.2325364984870615,13,4.00574362008295,1,0.30813412462176537,24,7.395218990922368,52.87860324859619,16.293702123227828,35.0,10.784694361761789,66.0,20.336852225036512,22.0,6.778950741678838,102.0,31.429680711420065,2.0,54.0,True,False,False
2021-08-27,11.904372,3.6681434721685946,5,1.5406706231088267,16,4.930145993948246,2,0.6162682492435307,30,9.244023738652961,10.20482,3.144453148706816,4,1.2325364984870615,13,4.00574362008295,1,0.30813412462176537,27,8.319621364787665,57.137610321044924,17.606047539254725,36.0,11.092828486383553,72.0,22.185656972767106,23.0,7.087084866300603,112.0,34.511021957637716,,,False,False,True
2021-08-28,10.346597,3.1881394534138963,4,1.2325364984870615,13,4.00574362008295,1,0.30813412462176537,26,8.0114872401659,11.065909,3.409784403629601,5,1.5406706231088267,14,4.3138777447047145,2,0.6162682492435307,29,8.935889614031197,61.799263745307925,19.04246203643006,38.0,11.709096735627085,77.0,23.726327595875933,24.0,7.395218990922368,127.0,39.1330338269642,,,False,False,True
2021-08-29,4.046464,1.2468536624510307,1,0.30813412462176537,5,1.5406706231088267,0,0.0,12,3.697609495461184,12.011058,3.7010169762652367,5,1.5406706231088267,16,4.930145993948246,2,0.6162682492435307,33,10.168426112518256,66.90563646793366,20.6159097253088,41.0,12.63349910949238,84.0,25.883266468228292,24.0,7.395218990922368,135.0,41.59810682393832,,,False,False,True
2021-08-30,12.439501,3.8330348616000265,5,1.5406706231088267,17,5.238280118570011,2,0.6162682492435307,33,10.168426112518256,13.049359,4.020952837890945,5,1.5406706231088267,17,5.238280118570011,2,0.6162682492435307,35,10.784694361761789,72.50354154872895,22.34081530709539,43.0,13.249767358735909,91.0,28.04020534058065,26.0,8.0114872401659,151.0,46.52825281788657,,,False,False,True
2021-08-31,21.482931,6.619624036829919,8,2.465072996974123,29,8.935889614031197,3,0.924402373865296,60,18.488047477305923,14.190805,4.37267153756693,5,1.5406706231088267,18,5.5464142431917764,2,0.6162682492435307,40,12.325364984870614,78.64509174919128,24.233236501935476,45.0,13.866035607979443,100.0,30.813412462176537,27.0,8.319621364787665,172.0,52.999069434943635,,,False,False,True
