,Raw Prediction Mean,Raw Prediction Mean 100k,Raw Prediction Q25,Raw Prediction Q25 100k,Raw Prediction Q75,Raw Prediction Q75 100k,Raw Prediction Q5,Raw Prediction Q5 100k,Raw Prediction Q95,Raw Prediction Q95 100k,Trend Prediction Mean,Trend Prediction Mean 100k,Trend Prediction Q25,Trend Prediction Q25 100k,Trend Prediction Q75,Trend Prediction Q75 100k,Trend Prediction Q5,Trend Prediction Q5 100k,Trend Prediction Q95,Trend Prediction Q95 100k,Trend 7Week Prediction Mean,Trend 7Week Prediction Mean 100k,Trend 7Week Prediction Q25,Trend 7Week Prediction Q25 100k,Trend 7Week Prediction Q75,Trend 7Week Prediction Q75 100k,Trend 7Week Prediction Q5,Trend 7Week Prediction Q5 100k,Trend 7Week Prediction Q95,Trend 7Week Prediction Q95 100k,RKI Meldedaten,RKI 7Day Incidence,is_nowcast,is_high,is_prediction
2020-09-24,3.1205425,1.5839594198041596,1,0.5075910237603358,4,2.0303640950413433,0,0.0,8,4.060728190082687,2.1665552,1.0997239769494627,1,0.5075910237603358,3,1.5227730712810075,0,0.0,6,3.045546142562015,,,,,,,,,,,0.0,,False,False,False
2020-09-25,3.033911,1.5399858966702595,1,0.5075910237603358,4,2.0303640950413433,0,0.0,9,4.568319213843022,2.3427413,1.1891544090758543,1,0.5075910237603358,3,1.5227730712810075,0,0.0,6,3.045546142562015,,,,,,,,,,,2.0,,False,False,False
2020-09-26,2.0713851,1.0514165296626743,1,0.5075910237603358,3,1.5227730712810075,0,0.0,7,3.553137166322351,2.5354285,1.2869607417087536,1,0.5075910237603358,4,2.0303640950413433,0,0.0,7,3.553137166322351,,,,,,,,,,,4.0,,False,False,False
2020-09-27,1.7370877,0.8817301022645552,0,0.0,2,1.0151820475206716,0,0.0,5,2.537955118801679,2.7463186,1.394006631016964,1,0.5075910237603358,4,2.0303640950413433,0,0.0,9,4.568319213843022,,,,,,,,,,,0.0,,False,False,False
2020-09-28,2.2413273,1.1376776456017978,1,0.5075910237603358,3,1.5227730712810075,0,0.0,6,3.045546142562015,2.9773076,1.511254595243372,1,0.5075910237603358,4,2.0303640950413433,0,0.0,8,4.060728190082687,,,,,,,,,,,0.0,,False,False,False
2020-09-29,3.7375402,1.8971419194713235,2,1.0151820475206716,5,2.537955118801679,0,0.0,10,5.075910237603358,3.2305038,1.6397747458540834,1,0.5075910237603358,5,2.537955118801679,0,0.0,8,4.060728190082687,,,,,,,,,,,11.0,,False,True,False
2020-09-30,4.7122145,2.3918777515063994,2,1.0151820475206716,7,3.553137166322351,0,0.0,13,6.5986833088843655,3.5082474,1.7807547919801436,1,0.5075910237603358,5,2.537955118801679,0,0.0,10,5.075910237603358,,,,,,,,,,,8.0,25.0,False,False,False
2020-10-01,5.365147,2.7233005312155,2,1.0151820475206716,8,4.060728190082687,0,0.0,14,7.106274332644702,3.813152,1.9355216863914393,1,0.5075910237603358,5,2.537955118801679,0,0.0,10,5.075910237603358,19.004,9.646259815541422,13.0,6.5986833088843655,24.0,12.18218457024806,8.0,4.060728190082687,36.0,18.27327685537209,6.0,31.0,False,False,False
2020-10-02,5.226343,2.652844887052197,2,1.0151820475206716,8,4.060728190082687,0,0.0,13,6.5986833088843655,4.14813,2.1055535398772918,2,1.0151820475206716,6,3.045546142562015,0,0.0,11,5.583501261363693,20.649,10.481247049627175,15.0,7.613865356405037,26.0,13.197366617768731,9.0,4.568319213843022,38.0,19.288458902892764,4.0,33.0,False,False,False
2020-10-03,3.596446,1.8255237591802143,1,0.5075910237603358,5,2.537955118801679,0,0.0,10,5.075910237603358,4.516429,2.2924987206351943,2,1.0151820475206716,6,3.045546142562015,0,0.0,12,6.09109228512403,22.476,11.408615850037307,16.0,8.121456380165373,28.0,14.212548665289404,10.0,5.075910237603358,39.0,19.796049926653097,7.0,36.0,False,False,False
2020-10-04,3.0692844,1.5579411410726607,1,0.5075910237603358,4,2.0303640950413433,0,0.0,8,4.060728190082687,4.9216695,2.49819531745743,2,1.0151820475206716,7,3.553137166322351,0,0.0,14,7.106274332644702,24.435,12.402986665583805,18.0,9.136638427686044,30.0,15.227730712810073,11.0,5.583501261363693,44.0,22.334005045454774,0.0,36.0,False,False,False
2020-10-05,3.9877946,2.0241686797817238,1,0.5075910237603358,6,3.045546142562015,0,0.0,11,5.583501261363693,5.3679132,2.724704609136097,2,1.0151820475206716,7,3.553137166322351,0,0.0,13,6.5986833088843655,26.613,13.508519915333817,20.0,10.151820475206716,33.0,16.750503784091084,13.0,6.5986833088843655,46.0,23.34918709297545,1.0,37.0,False,False,False
2020-10-06,6.7598243,3.431226286920719,3,1.5227730712810075,10,5.075910237603358,1,0.5075910237603358,17,8.629047403925709,5.859688,2.9743248887825757,3,1.5227730712810075,8,4.060728190082687,0,0.0,15,7.613865356405037,29.02,14.730291509524944,22.0,11.167002522727387,36.0,18.27327685537209,15.0,7.613865356405037,48.0,24.36436914049612,4.0,30.0,False,False,False
2020-10-07,8.629533,4.380273458082229,4,2.0303640950413433,12,6.09109228512403,1,0.5075910237603358,23,11.674593546487724,6.4020433,3.2496198400622234,3,1.5227730712810075,9,4.568319213843022,1,0.5075910237603358,15,7.613865356405037,31.637,16.058657218705743,24.0,12.18218457024806,39.0,19.796049926653097,16.0,8.121456380165373,53.0,26.9023242592978,8.0,30.0,False,False,False
2020-10-08,9.96313,5.05719544889871,4,2.0303640950413433,13,6.5986833088843655,1,0.5075910237603358,25,12.689775594008397,7.0006676,3.5534761991584674,3,1.5227730712810075,9,4.568319213843022,1,0.5075910237603358,18,9.136638427686044,34.529,17.526610459420638,26.0,13.197366617768731,43.0,21.82641402169444,18.0,9.136638427686044,56.0,28.425097330578808,9.0,33.0,False,False,False
2020-10-09,9.777479,4.962960520060733,4,2.0303640950413433,13,6.5986833088843655,1,0.5075910237603358,23,11.674593546487724,7.6619053,3.8891143049113452,3,1.5227730712810075,10,5.075910237603358,1,0.5075910237603358,20,10.151820475206716,37.71,19.141257506002265,28.0,14.212548665289404,46.0,23.34918709297545,20.0,10.151820475206716,62.0,31.47064347314082,9.0,38.0,False,False,False
2020-10-10,6.741572,3.4219614462926984,3,1.5227730712810075,10,5.075910237603358,1,0.5075910237603358,18,9.136638427686044,8.392874,4.2601473978720605,3,1.5227730712810075,12,6.09109228512403,1,0.5075910237603358,22,11.167002522727387,41.238,20.93203863782873,31.0,15.73532173657041,50.0,25.379551188016794,22.0,11.167002522727387,68.0,34.516189615702835,10.0,41.0,False,False,False
2020-10-11,5.6433697,2.8645237762248144,2,1.0151820475206716,8,4.060728190082687,0,0.0,15,7.613865356405037,9.201582,4.6706405555596575,4,2.0303640950413433,12,6.09109228512403,1,0.5075910237603358,23,11.674593546487724,45.103,22.893877944662428,34.0,17.258094807851418,55.0,27.917506306818467,23.0,11.674593546487724,75.0,38.069326782025186,7.0,48.0,False,False,False
2020-10-12,7.3013225,3.7060857721371576,3,1.5227730712810075,10,5.075910237603358,1,0.5075910237603358,18,9.136638427686044,10.096989,5.12514088768512,4,2.0303640950413433,13,6.5986833088843655,1,0.5075910237603358,26,13.197366617768731,49.396,25.072966209665548,37.0,18.780867879132426,59.0,29.947870401859813,25.0,12.689775594008397,82.0,41.62246394834754,1.0,48.0,False,False,False
2020-10-13,12.582462,6.386744644260034,5,2.537955118801679,16,8.121456380165373,2,1.0151820475206716,32,16.242912760330746,11.089171,5.6287637562491,5,2.537955118801679,15,7.613865356405037,1,0.5075910237603358,28,14.212548665289404,54.126,27.473871752051934,40.0,20.30364095041343,65.0,32.99341654442183,27.0,13.704957641529067,91.0,46.19078316219056,20.0,64.0,False,False,False
2020-10-14,16.191298,8.218557195505127,7,3.553137166322351,22,11.167002522727387,2,1.0151820475206716,41,20.81123197417377,12.18948,6.187270628288388,5,2.537955118801679,16,8.121456380165373,1,0.5075910237603358,33,16.750503784091084,59.354,30.127557624270974,43.0,21.82641402169444,71.0,36.038962686983844,29.0,14.72013968904974,101.0,51.266693399793915,10.0,66.0,False,False,False
2020-10-15,19.01367,9.651168511481956,8,4.060728190082687,26,13.197366617768731,3,1.5227730712810075,51,25.887142211777128,13.410664,6.80713274050504,6,3.045546142562015,18,9.136638427686044,2,1.0151820475206716,34,17.258094807851418,65.128,33.05838819546315,46.0,23.34918709297545,79.0,40.09969087706653,31.0,15.73532173657041,114.0,57.86537670867828,35.0,92.0,True,True,False
2020-10-16,17.756332,9.01295497897081,7,3.553137166322351,22,11.167002522727387,2,1.0151820475206716,45,22.84159606921511,14.767073,7.495633326470852,6,3.045546142562015,20,10.151820475206716,2,1.0151820475206716,43,21.82641402169444,71.556,36.32118329619459,50.0,25.379551188016794,86.0,43.65282804338888,34.0,17.258094807851418,126.0,63.95646899380232,22.0,105.0,True,False,False
2020-10-17,12.271893,6.229102291399613,5,2.537955118801679,16,8.121456380165373,1,0.5075910237603358,31,15.73532173657041,16.274904,8.260995673481375,7,3.553137166322351,22,11.167002522727387,2,1.0151820475206716,42,21.318822997934106,78.642,39.917973290560326,56.0,28.425097330578808,96.0,48.72873828099224,36.0,18.27327685537209,146.0,74.10828946900902,10.0,105.0,True,False,False
2020-10-18,10.078323,5.115666499477811,4,2.0303640950413433,14,7.106274332644702,1,0.5075910237603358,27,13.704957641529067,17.952402,9.112478437600657,7,3.553137166322351,23,11.674593546487724,2,1.0151820475206716,51,25.887142211777128,86.529,43.9213436949581,59.0,29.947870401859813,106.0,53.8046485185956,39.0,19.796049926653097,161.0,81.72215482541407,2.0,100.0,True,False,False
2020-10-19,13.553944,6.8798603024333715,5,2.537955118801679,18,9.136638427686044,1,0.5075910237603358,36,18.27327685537209,19.820143,10.06052625598386,8,4.060728190082687,27,13.704957641529067,2,1.0151820475206716,55,27.917506306818467,95.288,48.367333472074876,62.0,31.47064347314082,116.0,58.88055875619896,41.0,20.81123197417377,186.0,94.41193041942246,2.0,101.0,True,False,False
2020-10-20,23.926199,12.14472358697094,10,5.075910237603358,31,15.73532173657041,3,1.5227730712810075,71,36.038962686983844,21.90142,11.116964742541313,9,4.568319213843022,29,14.72013968904974,3,1.5227730712810075,60,30.455461425620147,104.992,53.292996766645174,68.0,34.516189615702835,129.0,65.47924206508333,44.0,22.334005045454774,206.0,104.5637508946292,,,False,False,True
2020-10-21,31.149832,15.811374760232866,12,6.09109228512403,39,19.796049926653097,3,1.5227730712810075,85,43.145237019628546,24.222471,12.295109627302736,9,4.568319213843022,30,15.227730712810073,3,1.5227730712810075,68,34.516189615702835,115.811,58.78462405270826,74.0,37.56173575826485,144.0,73.09310742148836,46.0,23.34918709297545,233.0,118.26870853615823,,,False,False,True
2020-10-22,36.78686,18.672680016607046,13,6.5986833088843655,49,24.871960164256453,5,2.537955118801679,104,52.789466471074924,26.81308,13.610078894998878,10,5.075910237603358,35,17.76568583161175,3,1.5227730712810075,78,39.592099853306195,127.854,64.89754275185398,79.0,40.09969087706653,157.0,79.69179073037272,49.0,24.871960164256453,263.0,133.49643924896833,,,False,False,True
2020-10-23,36.496315,18.52520217653364,14,7.106274332644702,47,23.856778116735786,4,2.0303640950413433,110,55.835012613636934,29.706825,15.078917203936726,10,5.075910237603358,37,18.780867879132426,3,1.5227730712810075,79,40.09969087706653,141.251,71.6977396971712,85.0,43.145237019628546,178.0,90.35120222933978,49.0,24.871960164256453,299.0,151.7697161043404,,,False,False,True
2020-10-24,25.53657,12.962133041583002,9,4.568319213843022,34,17.258094807851418,2,1.0151820475206716,72,36.54655371074418,32.941868,16.72099606366828,12,6.09109228512403,41,20.81123197417377,4,2.0303640950413433,91,46.19078316219056,156.206,79.28876345750702,89.0,45.17560111466989,194.0,98.47265860950515,54.0,27.409915283058133,331.0,168.01262886467117,,,False,False,True
