,Unnamed: 0,Raw Prediction Mean,Raw Prediction Mean 100k,Raw Prediction Q25,Raw Prediction Q25 100k,Raw Prediction Q75,Raw Prediction Q75 100k,Raw Prediction Q5,Raw Prediction Q5 100k,Raw Prediction Q95,Raw Prediction Q95 100k,Trend Prediction Mean,Trend Prediction Mean 100k,Trend Prediction Q25,Trend Prediction Q25 100k,Trend Prediction Q75,Trend Prediction Q75 100k,Trend Prediction Q5,Trend Prediction Q5 100k,Trend Prediction Q95,Trend Prediction Q95 100k,Trend 7Day Prediction Mean,Trend 7Day Prediction Mean 100k,Trend 7Day Prediction Q25,Trend 7Day Prediction Q25 100k,Trend 7Day Prediction Q75,Trend 7Day Prediction Q75 100k,Trend 7Day Prediction Q5,Trend 7Day Prediction Q5 100k,Trend 7Day Prediction Q95,Trend 7Day Prediction Q95 100k,RKI Meldedaten,RKI 7Day Incidence,is_nowcast,is_high,is_prediction
0,2020-04-06,9.059967,3.578652467695065,4,1.579984753147132,12,4.739954259441396,1,0.394996188286783,23,9.08491233059601,12.24007,4.834781066165306,5,1.9749809414339152,16,6.319939012588528,1,0.394996188286783,32,12.639878025177056,,,,,,,,,,,18.0,,False,False,False
1,2020-04-07,11.981718,4.7327328502433375,5,1.9749809414339152,17,6.714935200875311,1,0.394996188286783,33,13.03487421346384,10.6910715,4.222932329867035,5,1.9749809414339152,14,5.529946636014962,1,0.394996188286783,27,10.664897083743142,,,,,,,,,,,5.0,,False,False,False
2,2020-04-08,12.627197,4.987694774172269,5,1.9749809414339152,17,6.714935200875311,1,0.394996188286783,31,12.244881836890274,9.347518,3.692233804031275,4,1.579984753147132,12,4.739954259441396,1,0.394996188286783,23,9.08491233059601,,,,,,,,,,,4.0,,False,False,False
3,2020-04-09,10.992856,4.342136162449606,5,1.9749809414339152,15,5.924942824301746,1,0.394996188286783,27,10.664897083743142,8.181042,3.2314801501343027,4,1.579984753147132,12,4.739954259441396,1,0.394996188286783,21,8.294919954022443,,,,,,,,,,,20.0,,False,False,False
4,2020-04-10,8.091148,3.195972749381326,4,1.579984753147132,12,4.739954259441396,1,0.394996188286783,21,8.294919954022443,7.167341,2.8310723791946657,3,1.184988564860349,10,3.9499618828678313,1,0.394996188286783,19,7.504927577448878,,,,,,,,,,,9.0,,False,False,False
5,2020-04-11,5.3553057,2.1153253328520805,2,0.789992376573566,8,3.159969506294264,0,0.0,15,5.924942824301746,6.2855434,2.4827657398418523,3,1.184988564860349,8,3.159969506294264,0,0.0,16,6.319939012588528,,,,,,,,,,,0.0,,False,False,False
6,2020-04-12,3.1462731,1.2427659385139125,1,0.394996188286783,5,1.9749809414339152,0,0.0,9,3.5549656945810475,5.5177603,2.1794943677377887,2,0.789992376573566,8,3.159969506294264,0,0.0,14,5.529946636014962,59.43034270095825,23.474758835455745,42.0,16.589839908044887,70.0,27.64973318007481,28.0,11.059893272029925,101.0,39.89461501696508,0.0,56.0,False,False,False
7,2020-04-13,3.3724813,1.3321172446012497,1,0.394996188286783,5,1.9749809414339152,0,0.0,9,3.5549656945810475,4.848595,1.91517665371066,2,0.789992376573566,7,2.764973318007481,0,0.0,13,5.134950447728179,52.03886778831482,20.555154419144205,37.0,14.614858966610973,62.0,24.489763673780548,25.0,9.874904707169575,85.0,33.57467600437656,10.0,48.0,False,False,False
8,2020-04-14,4.664166,1.8423277651891112,2,0.789992376573566,6,2.369977129720698,0,0.0,12,4.739954259441396,4.2648287,1.6845910067786465,2,0.789992376573566,6,2.369977129720698,0,0.0,11,4.344958071154614,45.61263310623169,18.016816214685047,33.0,13.03487421346384,54.0,21.329794167486284,22.0,8.689916142309228,77.0,30.414706498082293,3.0,46.0,False,False,False
9,2020-04-15,5.299668,2.09334866667632,2,0.789992376573566,7,2.764973318007481,0,0.0,13,5.134950447728179,3.755075,1.4832403394393625,1,0.394996188286783,6,2.369977129720698,0,0.0,10,3.9499618828678313,40.02019400405884,15.807824086100808,29.0,11.454889460316709,48.0,18.959817037765585,20.0,7.899923765735661,67.0,26.464744615214464,1.0,43.0,False,False,False
10,2020-04-16,4.6275105,1.827848973334767,2,0.789992376573566,7,2.764973318007481,0,0.0,12,4.739954259441396,3.3095276,1.3072508409095462,1,0.394996188286783,5,1.9749809414339152,0,0.0,9,3.5549656945810475,35.148675577163694,13.883592876308402,26.0,10.269900895456358,42.0,16.589839908044887,18.0,7.109931389162095,57.0,22.51478273234663,6.0,29.0,False,False,False
11,2020-04-17,3.4296763,1.3547090929932892,1,0.394996188286783,5,1.9749809414339152,0,0.0,10,3.9499618828678313,2.9197304,1.153282391896937,1,0.394996188286783,4,1.579984753147132,0,0.0,8,3.159969506294264,30.90106195640564,12.20580168679395,23.0,9.08491233059601,37.0,14.614858966610973,15.0,5.924942824301746,51.0,20.144805602625937,3.0,23.0,False,False,False
12,2020-04-18,2.3059213,0.9108301128435414,1,0.394996188286783,3,1.184988564860349,0,0.0,6,2.369977129720698,2.5783818,1.0184509847022127,1,0.394996188286783,4,1.579984753147132,0,0.0,7,2.764973318007481,27.19389467906952,10.74148474290469,20.0,7.899923765735661,33.0,13.03487421346384,13.0,5.134950447728179,44.0,17.379832284618455,0.0,23.0,False,False,False
13,2020-04-19,1.3470619,0.5320843229128513,0,0.0,2,0.789992376573566,0,0.0,4,1.579984753147132,2.2791781,0.9002666956803296,1,0.394996188286783,3,1.184988564860349,0,0.0,7,2.764973318007481,23.95531399059296,9.462257715497264,18.0,7.109931389162095,29.0,11.454889460316709,11.0,4.344958071154614,41.0,16.194843719758104,0.0,23.0,False,False,False
14,2020-04-20,1.4326037,0.5658730060531525,0,0.0,2,0.789992376573566,0,0.0,4,1.579984753147132,2.0166714,0.7965774784679525,1,0.394996188286783,3,1.184988564860349,0,0.0,6,2.369977129720698,21.123390065193178,8.343658559446206,15.0,5.924942824301746,26.0,10.269900895456358,10.0,3.9499618828678313,38.0,15.009855154897757,2.0,15.0,False,False,False
15,2020-04-21,1.9880128,0.7852574526623357,0,0.0,3,1.184988564860349,0,0.0,6,2.369977129720698,1.7861449,0.7055204150674399,0,0.0,3,1.184988564860349,0,0.0,5,1.9749809414339152,18.644705534935,7.364587618028809,13.0,5.134950447728179,24.0,9.479908518882793,8.0,3.159969506294264,35.0,13.824866590037406,3.0,15.0,False,False,False
16,2020-04-22,2.2131906,0.8742018508200999,1,0.394996188286783,3,1.184988564860349,0,0.0,7,2.764973318007481,1.5835128,0.6254815161810257,0,0.0,2,0.789992376573566,0,0.0,5,1.9749809414339152,16.473142352581025,6.5068284383750745,11.0,4.344958071154614,21.0,8.294919954022443,7.0,2.764973318007481,30.0,11.849885648603491,0.0,14.0,False,False,False
17,2020-04-23,1.9905732,0.7862688107707072,1,0.394996188286783,3,1.184988564860349,0,0.0,6,2.369977129720698,1.4052356,0.5550627065531444,0,0.0,2,0.789992376573566,0,0.0,5,1.9749809414339152,14.568850309848786,5.7546403401109885,9.0,3.5549656945810475,18.0,7.109931389162095,6.0,2.369977129720698,27.0,10.664897083743142,2.0,10.0,False,False,False
18,2020-04-24,1.5277308,0.6034478701621993,0,0.0,2,0.789992376573566,0,0.0,5,1.9749809414339152,1.2482408,0.4930503564537503,0,0.0,2,0.789992376573566,0,0.0,4,1.579984753147132,12.89736325454712,5.094409324496131,8.0,3.159969506294264,16.0,6.319939012588528,5.0,1.9749809414339152,25.0,9.874904707169575,4.0,11.0,False,False,False
19,2020-04-25,1.0140322,0.4005388746008975,0,0.0,2,0.789992376573566,0,0.0,4,1.579984753147132,1.1098623,0.4383914074423956,0,0.0,2,0.789992376573566,0,0.0,4,1.579984753147132,11.428845452070236,4.514350390086479,7.0,2.764973318007481,14.0,5.529946636014962,4.0,1.579984753147132,22.0,8.689916142309228,2.0,13.0,False,False,False
20,2020-04-26,0.59104514,0.2334605824216851,0,0.0,1,0.394996188286783,0,0.0,2,0.789992376573566,0.9877785,0.3901687250618124,0,0.0,1,0.394996188286783,0,0.0,3,1.184988564860349,10.137446162700654,4.004252593229233,6.0,2.369977129720698,13.0,5.134950447728179,3.0,1.184988564860349,20.0,7.899923765735661,0.0,13.0,False,False,False
21,2020-04-27,0.6340755,0.2504574240447255,0,0.0,1,0.394996188286783,0,0.0,2,0.789992376573566,0.87997293,0.3475859557511285,0,0.0,1,0.394996188286783,0,0.0,3,1.184988564860349,9.000748664140701,3.555261414062931,5.0,1.9749809414339152,11.0,4.344958071154614,3.0,1.184988564860349,19.0,7.504927577448878,1.0,12.0,True,False,False
22,2020-04-28,0.87676394,0.3463184157226351,0,0.0,1,0.394996188286783,0,0.0,3,1.184988564860349,0.7846904,0.309949700749712,0,0.0,1,0.394996188286783,0,0.0,3,1.184988564860349,7.999295291185379,3.159691148998637,4.0,1.579984753147132,10.0,3.9499618828678313,2.0,0.789992376573566,17.0,6.714935200875311,1.0,10.0,True,False,False
23,2020-04-29,0.9814953,0.3876868959196144,0,0.0,1,0.394996188286783,0,0.0,3,1.184988564860349,0.7004009,0.2766556917777052,0,0.0,1,0.394996188286783,0,0.0,3,1.184988564860349,7.116182977318764,2.810865151192203,4.0,1.579984753147132,9.0,3.5549656945810475,1.0,0.394996188286783,15.0,5.924942824301746,1.0,11.0,True,False,False
24,2020-04-30,0.8929369,0.352706661033153,0,0.0,1,0.394996188286783,0,0.0,3,1.184988564860349,0.62576747,0.2471757625244208,0,0.0,1,0.394996188286783,0,0.0,2,0.789992376573566,6.336714039206504,2.502977891749914,3.0,1.184988564860349,8.0,3.159969506294264,1.0,0.394996188286783,14.0,5.529946636014962,0.0,9.0,True,False,False
25,2020-05-01,0.69631654,0.2750423846009653,0,0.0,1,0.394996188286783,0,0.0,3,1.184988564860349,0.5596261,0.2210501861554803,0,0.0,1,0.394996188286783,0,0.0,3,1.184988564860349,5.648097710490227,2.2309770667149458,3.0,1.184988564860349,8.0,3.159969506294264,1.0,0.394996188286783,13.0,5.134950447728179,1.0,6.0,True,False,False
26,2020-05-02,0.46671763,0.1843516884036944,0,0.0,1,0.394996188286783,0,0.0,2,0.789992376573566,0.5009572,0.1978761702048359,0,0.0,1,0.394996188286783,0,0.0,2,0.789992376573566,5.039193011641502,1.990462031639788,2.0,0.789992376573566,7.0,2.764973318007481,1.0,0.394996188286783,12.0,4.739954259441396,,,False,False,True
27,2020-05-03,0.26995268,0.1066302843355515,0,0.0,0,0.0,0,0.0,1,0.394996188286783,0.44887218,0.1773027975104923,0,0.0,1,0.394996188286783,0,0.0,2,0.789992376573566,4.50028691893816,1.7775961791774442,2.0,0.789992376573566,6.0,2.369977129720698,0.0,0.0,11.0,4.344958071154614,,,False,False,True
28,2020-05-04,0.29166156,0.1152052050201746,0,0.0,0,0.0,0,0.0,2,0.789992376573566,0.40259087,0.1590218630553863,0,0.0,1,0.394996188286783,0,0.0,2,0.789992376573566,4.022904391229153,1.5890319003776765,2.0,0.789992376573566,6.0,2.369977129720698,0.0,0.0,10.0,3.9499618828678313,,,False,False,True
29,2020-05-05,0.40507987,0.1600050040906353,0,0.0,1,0.394996188286783,0,0.0,2,0.789992376573566,0.36143047,0.142763656185707,0,0.0,1,0.394996188286783,0,0.0,2,0.789992376573566,3.59964415115118,1.4218457188935287,2.0,0.789992376573566,5.0,1.9749809414339152,0.0,0.0,9.0,3.5549656945810475,,,False,False,True
30,2020-05-06,0.44984546,0.1776872409209318,0,0.0,1,0.394996188286783,0,0.0,2,0.789992376573566,0.32479316,0.1282920607081905,0,0.0,0,0.0,0,0.0,2,0.789992376573566,3.224036689341068,1.273482203186461,1.0,0.394996188286783,4.0,1.579984753147132,0.0,0.0,9.0,3.5549656945810475,,,False,False,True
