,Unnamed: 0,Raw Prediction Mean,Raw Prediction Mean 100k,Raw Prediction Q25,Raw Prediction Q25 100k,Raw Prediction Q75,Raw Prediction Q75 100k,Raw Prediction Q5,Raw Prediction Q5 100k,Raw Prediction Q95,Raw Prediction Q95 100k,Trend Prediction Mean,Trend Prediction Mean 100k,Trend Prediction Q25,Trend Prediction Q25 100k,Trend Prediction Q75,Trend Prediction Q75 100k,Trend Prediction Q5,Trend Prediction Q5 100k,Trend Prediction Q95,Trend Prediction Q95 100k,Trend 7Day Prediction Mean,Trend 7Day Prediction Mean 100k,Trend 7Day Prediction Q25,Trend 7Day Prediction Q25 100k,Trend 7Day Prediction Q75,Trend 7Day Prediction Q75 100k,Trend 7Day Prediction Q5,Trend 7Day Prediction Q5 100k,Trend 7Day Prediction Q95,Trend 7Day Prediction Q95 100k,RKI Meldedaten,RKI 7Day Incidence,is_nowcast,is_high,is_prediction
0,2020-04-06,9.456412,7.804510096320882,4,3.3012561279566874,12,9.903768383870062,1,0.8253140319891719,26,21.45816483171847,12.99612,10.725880565587431,5,4.126570159945859,17,14.03033854381592,2,1.6506280639783435,34,28.06067708763184,,,,,,,,,,,0.0,,False,False,False
1,2020-04-07,12.140046,10.019350156653672,5,4.126570159945859,17,14.03033854381592,1,0.8253140319891719,31,25.584734991664327,10.781326,8.897979569155723,5,4.126570159945859,14,11.554396447848406,1,0.8253140319891719,29,23.934106927685985,,,,,,,,,,,2.0,,False,False,False
2,2020-04-08,12.423829,10.253560321871191,5,4.126570159945859,17,14.03033854381592,1,0.8253140319891719,33,27.235363055642672,8.961485,7.396039291052148,4,3.3012561279566874,12,9.903768383870062,1,0.8253140319891719,24,19.807536767740125,,,,,,,,,,,22.0,,False,False,False
3,2020-04-09,10.054549,8.298160537378863,4,3.3012561279566874,14,11.554396447848406,1,0.8253140319891719,24,19.807536767740125,7.463384,6.159635813673958,3,2.475942095967516,10,8.253140319891719,1,0.8253140319891719,19,15.680966607794266,,,,,,,,,,,3.0,,False,False,False
4,2020-04-10,7.4828677,6.175715680001304,3,2.475942095967516,11,9.07845435188089,1,0.8253140319891719,20,16.506280639783437,6.2278275,5.139913628227077,2,1.6506280639783435,8,6.602512255913375,0,0.0,16,13.20502451182675,,,,,,,,,,,7.0,,False,False,False
5,2020-04-11,4.5718436,3.77320684492588,2,1.6506280639783435,6,4.951884191935031,0,0.0,12,9.903768383870062,5.2069106,4.297336272429675,2,1.6506280639783435,7,5.777198223924203,0,0.0,14,11.554396447848406,,,,,,,,,,,8.0,,False,False,False
6,2020-04-12,2.4753692,2.042957021330949,1,0.8253140319891719,3,2.475942095967516,0,0.0,7,5.777198223924203,4.3617735,3.599832780309953,2,1.6506280639783435,6,4.951884191935031,0,0.0,11,9.07845435188089,55.9988394203186,46.21662794869732,39.0,32.1872472475777,69.0,56.946668207252856,24.0,19.807536767740125,101.0,83.35671723090636,1.0,43.0,False,False,False
7,2020-04-13,2.5591917,2.112136826326605,1,0.8253140319891719,4,3.3012561279566874,0,0.0,7,5.777198223924203,3.6608412,3.021343582076952,1,0.8253140319891719,5,4.126570159945859,0,0.0,10,8.253140319891719,46.66355730247498,38.51208862426339,33.0,27.235363055642672,57.0,47.0428998233828,21.0,17.33159467177261,84.0,69.32637868709044,10.0,53.0,False,False,False
8,2020-04-14,3.319119,2.739315459621139,1,0.8253140319891719,5,4.126570159945859,0,0.0,9,7.427826287902547,3.0784283,2.5406699933228083,1,0.8253140319891719,5,4.126570159945859,0,0.0,8,6.602512255913375,38.96065641021728,32.1547764308612,28.0,23.10879289569681,47.0,38.78975950349108,19.0,15.680966607794266,67.0,55.29604014327451,0.0,51.0,False,False,False
9,2020-04-15,3.511819,2.89835334115196,1,0.8253140319891719,5,4.126570159945859,0,0.0,9,7.427826287902547,2.5935955,2.1405307052191347,1,0.8253140319891719,4,3.3012561279566874,0,0.0,7,5.777198223924203,32.59276268863678,26.899264388225063,24.0,19.807536767740125,39.0,32.1872472475777,15.0,12.37971047983758,56.0,46.21758579139362,6.0,35.0,False,False,False
10,2020-04-16,3.0672152,2.5314157028333284,1,0.8253140319891719,5,4.126570159945859,0,0.0,8,6.602512255913375,2.1892426,1.80681272468064,1,0.8253140319891719,3,2.475942095967516,0,0.0,6,4.951884191935031,27.31862336921692,22.54644320124203,20.0,16.506280639783437,33.0,27.235363055642672,12.0,9.903768383870062,45.0,37.13913143951273,1.0,33.0,False,False,False
11,2020-04-17,2.2366936,1.8459746570442803,1,0.8253140319891719,3,2.475942095967516,0,0.0,7,5.777198223924203,1.8513923,1.5279800209100358,0,0.0,3,2.475942095967516,0,0.0,5,4.126570159945859,22.942184905052184,18.93450712662973,17.0,14.03033854381592,28.0,23.10879289569681,11.0,9.07845435188089,38.0,31.36193321558853,8.0,34.0,False,True,False
12,2020-04-18,1.4010551,1.1563104635570198,0,0.0,2,1.6506280639783435,0,0.0,4,3.3012561279566874,1.5685843,1.294574667554116,0,0.0,2,1.6506280639783435,0,0.0,5,4.126570159945859,19.30385477733612,15.931742219216712,14.0,11.554396447848406,23.0,18.982222735750952,9.0,7.427826287902547,33.0,27.235363055642672,0.0,26.0,False,False,False
13,2020-04-19,0.7763036,0.6406942247849656,0,0.0,1,0.8253140319891719,0,0.0,3,2.475942095967516,1.3314192,1.0988389476551674,0,0.0,2,1.6506280639783435,0,0.0,4,3.3012561279566874,16.27350016975403,13.430748039676171,11.0,9.07845435188089,20.0,16.506280639783437,7.0,5.777198223924203,29.0,23.934106927685985,1.0,26.0,False,False,False
14,2020-04-20,0.79404753,0.6553385901497677,0,0.0,1,0.8253140319891719,0,0.0,3,2.475942095967516,1.1321696,0.9343954843643588,0,0.0,2,1.6506280639783435,0,0.0,4,3.3012561279566874,13.744827639579771,11.343799118217795,9.0,7.427826287902547,17.0,14.03033854381592,5.0,4.126570159945859,25.0,20.632850799729297,0.0,16.0,False,False,False
15,2020-04-21,1.0612086,0.8758303920330945,0,0.0,2,1.6506280639783435,0,0.0,4,3.3012561279566874,0.9644706,0.7959911272337195,0,0.0,1,0.8253140319891719,0,0.0,3,2.475942095967516,11.630869426727294,9.599119742111892,7.0,5.777198223924203,14.0,11.554396447848406,4.0,3.3012561279566874,22.0,18.15690870376178,1.0,17.0,False,False,False
16,2020-04-22,1.136824,0.9382368261867668,0,0.0,2,1.6506280639783435,0,0.0,4,3.3012561279566874,0.82307154,0.6792924978071824,0,0.0,1,0.8253140319891719,0,0.0,3,2.475942095967516,9.860346638917925,8.137882441376231,6.0,4.951884191935031,12.0,9.903768383870062,3.0,2.475942095967516,19.0,15.680966607794266,1.0,12.0,False,False,False
17,2020-04-23,0.98990846,0.8169853572326247,0,0.0,2,1.6506280639783435,0,0.0,4,3.3012561279566874,0.7036364,0.5807210072816815,0,0.0,1,0.8253140319891719,0,0.0,3,2.475942095967516,8.374740113973617,6.911790530325024,5.0,4.126570159945859,11.0,9.07845435188089,2.0,1.6506280639783435,16.0,13.20502451182675,0.0,11.0,False,False,False
18,2020-04-24,0.7432765,0.6134364866738906,0,0.0,1,0.8253140319891719,0,0.0,3,2.475942095967516,0.6025739,0.497312657898874,0,0.0,1,0.8253140319891719,0,0.0,2,1.6506280639783435,7.12592340683937,5.881124578544617,4.0,3.3012561279566874,9.0,7.427826287902547,2.0,1.6506280639783435,15.0,12.37971047983758,0.0,3.0,False,False,False
19,2020-04-25,0.48110718,0.3970645138906548,0,0.0,1,0.8253140319891719,0,0.0,2,1.6506280639783435,0.5169089,0.4266121777618537,0,0.0,1,0.8253140319891719,0,0.0,2,1.6506280639783435,6.074249123692512,5.0131630355813614,3.0,2.475942095967516,8.0,6.602512255913375,1.0,0.8253140319891719,13.0,10.729082415859237,0.0,3.0,False,False,False
20,2020-04-26,0.26509064,0.2187830205002683,0,0.0,0,0.0,0,0.0,1,0.8253140319891719,0.44416955,0.3665793656182359,0,0.0,1,0.8253140319891719,0,0.0,2,1.6506280639783435,5.186999221205712,4.280903241177981,3.0,2.475942095967516,7.0,5.777198223924203,1.0,0.8253140319891719,12.0,9.903768383870062,0.0,2.0,False,False,False
21,2020-04-27,0.274523,0.2265676812385209,0,0.0,0,0.0,0,0.0,1,0.8253140319891719,0.38229862,0.3155164222334861,0,0.0,1,0.8253140319891719,0,0.0,2,1.6506280639783435,4.43712843888998,3.662024362354109,2.0,1.6506280639783435,6.0,4.951884191935031,0.0,0.0,10.0,8.253140319891719,0.0,2.0,True,False,False
22,2020-04-28,0.36422154,0.3005971393577056,0,0.0,1,0.8253140319891719,0,0.0,2,1.6506280639783435,0.3295831,0.2720095608310657,0,0.0,1,0.8253140319891719,0,0.0,2,1.6506280639783435,3.8022415441870687,3.138043299429764,2.0,1.6506280639783435,5.0,4.126570159945859,0.0,0.0,9.0,7.427826287902547,0.0,1.0,True,False,False
23,2020-04-29,0.3937795,0.3249917426728643,0,0.0,1,0.8253140319891719,0,0.0,2,1.6506280639783435,0.28459248,0.2348781663386034,0,0.0,0,0.0,0,0.0,2,1.6506280639783435,3.263762826770544,2.6936292580183747,1.0,0.8253140319891719,5.0,4.126570159945859,0.0,0.0,8.0,6.602512255913375,0.0,0.0,True,False,False
24,2020-04-30,0.35407543,0.2922234216384822,0,0.0,1,0.8253140319891719,0,0.0,2,1.6506280639783435,0.24613103,0.2031353915299405,0,0.0,0,0.0,0,0.0,1,0.8253140319891719,2.8062580143511293,2.316044116626058,1.0,0.8253140319891719,4.0,3.3012561279566874,0.0,0.0,7.0,5.777198223924203,0.0,0.0,True,False,False
25,2020-05-01,0.2637709,0.2176938323827926,0,0.0,0,0.0,0,0.0,2,1.6506280639783435,0.21319763,0.1759549945745675,0,0.0,0,0.0,0,0.0,1,0.8253140319891719,2.416881551533937,1.9946862581367195,1.0,0.8253140319891719,3.0,2.475942095967516,0.0,0.0,6.0,4.951884191935031,3.0,3.0,True,True,False
26,2020-05-02,0.17117843,0.1412759615959657,0,0.0,0,0.0,0,0.0,1,0.8253140319891719,0.18495195,0.1526434402876475,0,0.0,0,0.0,0,0.0,1,0.8253140319891719,2.084924270600081,1.7207172561610355,1.0,0.8253140319891719,3.0,2.475942095967516,0.0,0.0,6.0,4.951884191935031,,,False,False,True
27,2020-05-03,0.09608453,0.0792999117038562,0,0.0,0,0.0,0,0.0,1,0.8253140319891719,0.16068806,0.1326181063632248,0,0.0,0,0.0,0,0.0,1,0.8253140319891719,1.8014428592175245,1.4867560695389173,0.0,0.0,3.0,2.475942095967516,0.0,0.0,5.0,4.126570159945859,,,False,False,True
28,2020-05-04,0.10057148,0.0830030558063299,0,0.0,0,0.0,0,0.0,1,0.8253140319891719,0.13981217,0.1153889456873002,0,0.0,0,0.0,0,0.0,1,0.8253140319891719,1.5589562879800796,1.286628499727712,0.0,0.0,2.0,1.6506280639783435,0.0,0.0,5.0,4.126570159945859,,,False,False,True
29,2020-05-05,0.13558806,0.1119027274398831,0,0.0,0,0.0,0,0.0,1,0.8253140319891719,0.12182296,0.1005421950139862,0,0.0,0,0.0,0,0.0,1,0.8253140319891719,1.3511962870955467,1.1151612557116244,0.0,0.0,2.0,1.6506280639783435,0.0,0.0,5.0,4.126570159945859,,,False,False,True
30,2020-05-06,0.146367,0.1207987338602833,0,0.0,0,0.0,0,0.0,1,0.8253140319891719,0.10629793,0.0877291768119903,0,0.0,0,0.0,0,0.0,1,0.8253140319891719,1.172901828624308,0.9680123373094004,0.0,0.0,2.0,1.6506280639783435,0.0,0.0,4.0,3.3012561279566874,,,False,False,True
