,Raw Prediction Mean,Raw Prediction Mean 100k,Raw Prediction Q25,Raw Prediction Q25 100k,Raw Prediction Q75,Raw Prediction Q75 100k,Raw Prediction Q5,Raw Prediction Q5 100k,Raw Prediction Q95,Raw Prediction Q95 100k,Trend Prediction Mean,Trend Prediction Mean 100k,Trend Prediction Q25,Trend Prediction Q25 100k,Trend Prediction Q75,Trend Prediction Q75 100k,Trend Prediction Q5,Trend Prediction Q5 100k,Trend Prediction Q95,Trend Prediction Q95 100k,Trend 7Day Prediction Mean,Trend 7Day Prediction Mean 100k,Trend 7Day Prediction Q25,Trend 7Day Prediction Q25 100k,Trend 7Day Prediction Q75,Trend 7Day Prediction Q75 100k,Trend 7Day Prediction Q5,Trend 7Day Prediction Q5 100k,Trend 7Day Prediction Q95,Trend 7Day Prediction Q95 100k,RKI Meldedaten,RKI 7Day Incidence,is_nowcast,is_high,is_prediction
2021-08-09,0.7482419,0.5825296739203623,0,0.0,1,0.7785312229946982,0,0.0,3,2.3355936689840946,1.0650698,0.8291900485346559,0,0.0,2,1.5570624459893965,0,0.0,3,2.3355936689840946,,,,,,,,,,,2.0,,False,False,False
2021-08-10,1.6975124,1.3215663784649223,0,0.0,2,1.5570624459893965,0,0.0,5,3.892656114973491,1.162945,0.9053890607901849,0,0.0,2,1.5570624459893965,0,0.0,4,3.114124891978793,,,,,,,,,,,1.0,,False,False,False
2021-08-11,1.8626437,1.4501262739941012,1,0.7785312229946982,3,2.3355936689840946,0,0.0,6,4.671187337968189,1.2710152,0.9895249604596756,0,0.0,2,1.5570624459893965,0,0.0,4,3.114124891978793,,,,,,,,,,,2.0,,False,False,False
2021-08-12,1.765744,1.3746867807640228,1,0.7785312229946982,3,2.3355936689840946,0,0.0,5,3.892656114973491,1.3904378,1.0824992386915255,0,0.0,2,1.5570624459893965,0,0.0,4,3.114124891978793,,,,,,,,,,,3.0,,False,False,False
2021-08-13,1.7396913,1.3544039575208444,0,0.0,3,2.3355936689840946,0,0.0,5,3.892656114973491,1.5225134,1.185324254038278,0,0.0,2,1.5570624459893965,0,0.0,5,3.892656114973491,,,,,,,,,,,0.0,,False,False,False
2021-08-14,1.4231839,1.1079931027779821,0,0.0,2,1.5570624459893965,0,0.0,4,3.114124891978793,1.668703,1.2991373296245001,0,0.0,3,2.3355936689840946,0,0.0,5,3.892656114973491,,,,,,,,,,,1.0,,False,False,False
2021-08-15,0.5833835,0.4541822818282526,0,0.0,1,0.7785312229946982,0,0.0,2,1.5570624459893965,1.8306437,1.4252132132241968,1,0.7785312229946982,3,2.3355936689840946,0,0.0,5,3.892656114973491,9.911326303005218,7.716276988178173,6.0,4.671187337968189,13.0,10.120905898931076,3.0,2.3355936689840946,19.0,14.792093236899264,0.0,9.0,False,False,False
2021-08-16,1.5793241,1.2295531632844359,0,0.0,2,1.5570624459893965,0,0.0,5,3.892656114973491,2.0101824,1.5649897250114009,1,0.7785312229946982,3,2.3355936689840946,0,0.0,6,4.671187337968189,10.856440689086915,8.452078047044239,7.0,5.4497185609628875,14.0,10.899437121925775,4.0,3.114124891978793,20.0,15.570624459893963,0.0,7.0,False,False,False
2021-08-17,3.5388064,2.7550713639357127,2,1.5570624459893965,5,3.892656114973491,0,0.0,9,7.006781006952283,2.209393,1.7200814909301698,1,0.7785312229946982,3,2.3355936689840946,0,0.0,6,4.671187337968189,11.902890372276307,9.266771798700091,8.0,6.228249783957586,15.0,11.677968344920473,5.0,3.892656114973491,22.0,17.12768690588336,7.0,13.0,False,True,False
2021-08-18,3.751947,2.9210077627794817,2,1.5570624459893965,5,3.892656114973491,0,0.0,9,7.006781006952283,2.4306118,1.892307227535639,1,0.7785312229946982,4,3.114124891978793,0,0.0,7,5.4497185609628875,13.062488875865936,10.169555439882547,9.0,7.006781006952283,17.0,13.235030790909867,5.0,3.892656114973491,23.0,17.90621812887806,4.0,15.0,False,False,False
2021-08-19,3.510211,2.7328089345246553,1,0.7785312229946982,5,3.892656114973491,0,0.0,9,7.006781006952283,2.6764708,2.0837160263909027,1,0.7785312229946982,4,3.114124891978793,0,0.0,7,5.4497185609628875,14.34852307844162,11.170773220426806,10.0,7.785312229946982,18.0,14.013562013904567,6.0,4.671187337968189,25.0,19.463280574867454,1.0,13.0,False,False,False
2021-08-20,3.477294,2.707181920413859,1,0.7785312229946982,5,3.892656114973491,0,0.0,8,6.228249783957586,2.9499385,2.2966192773310468,1,0.7785312229946982,4,3.114124891978793,0,0.0,8,6.228249783957586,15.775947097778321,12.282067387933015,12.0,9.342374675936378,20.0,15.570624459893963,7.0,5.4497185609628875,27.0,21.020343020856853,1.0,14.0,False,False,False
2021-08-21,2.853521,2.2215552235138603,1,0.7785312229946982,4,3.114124891978793,0,0.0,7,5.4497185609628875,3.2543576,2.5336190446978435,1,0.7785312229946982,5,3.892656114973491,0,0.0,8,6.228249783957586,17.36160348033905,13.516550390697368,13.0,10.120905898931076,22.0,17.12768690588336,8.0,6.228249783957586,29.0,22.577405466846248,1.0,14.0,False,False,False
2021-08-22,1.1529492,0.8976069693744648,0,0.0,2,1.5570624459893965,0,0.0,3,2.3355936689840946,3.5935168,2.797665001708083,1,0.7785312229946982,5,3.892656114973491,0,0.0,9,7.006781006952283,19.124475011825563,14.889000920088101,15.0,11.677968344920473,24.0,18.684749351872757,9.0,7.006781006952283,31.0,24.134467912835643,1.0,15.0,False,False,False
2021-08-23,3.1207674,2.4296148694702424,1,0.7785312229946982,5,3.892656114973491,0,0.0,8,6.228249783957586,3.9716818,3.092078259214759,2,1.5570624459893965,6,4.671187337968189,0,0.0,10,7.785312229946982,21.085973268508912,16.416088556765757,16.0,12.456499567915172,26.0,20.24181179786215,11.0,8.56384345294168,34.0,26.470061581819735,2.0,17.0,False,False,False
2021-08-24,7.0821137,5.513646829058416,4,3.114124891978793,10,7.785312229946982,1,0.7785312229946982,18,14.013562013904567,4.3936844,3.4206204873044044,2,1.5570624459893965,6,4.671187337968189,0,0.0,10,7.785312229946982,23.270264638900755,18.116627588733685,18.0,14.013562013904567,28.0,21.79887424385155,12.0,9.342374675936378,37.0,28.80565525080383,16.0,26.0,False,True,False
2021-08-25,7.519158,5.853899347130209,4,3.114124891978793,10,7.785312229946982,1,0.7785312229946982,18,14.013562013904567,4.8649907,3.7875470297876745,2,1.5570624459893965,7,5.4497185609628875,1,0.7785312229946982,12,9.342374675936378,25.70464583969116,20.01186936222034,20.0,15.570624459893963,32.0,24.912999135830344,14.0,10.899437121925775,40.0,31.141248919787927,14.0,36.0,False,True,False
2021-08-26,7.0780864,5.510511255124584,4,3.114124891978793,10,7.785312229946982,1,0.7785312229946982,17,13.235030790909867,5.3917956,4.197681118967012,2,1.5570624459893965,7,5.4497185609628875,0,0.0,13,10.120905898931076,28.419969651222228,22.12583373003825,22.0,17.12768690588336,35.0,27.248592804814436,15.0,11.677968344920473,45.0,35.03390503476142,5.0,40.0,False,False,False
2021-08-27,7.0493135,5.488110764417797,4,3.114124891978793,9,7.006781006952283,1,0.7785312229946982,17,13.235030790909867,5.981104,4.656476085074246,3,2.3355936689840946,9,7.006781006952283,1,0.7785312229946982,14,10.899437121925775,31.451133308410643,24.485689279166227,24.0,18.684749351872757,37.0,28.80565525080383,17.0,13.235030790909867,53.0,41.262154818719004,13.0,52.0,False,False,False
2021-08-28,5.8136907,4.526139673544094,3,2.3355936689840946,8,6.228249783957586,1,0.7785312229946982,14,10.899437121925775,6.64087,5.17012485943269,3,2.3355936689840946,9,7.006781006952283,1,0.7785312229946982,16,12.456499567915172,34.83763913154602,27.12218979933048,26.0,20.24181179786215,42.0,32.69831136577732,18.0,14.013562013904567,57.0,44.376279710697794,1.0,52.0,False,False,False
2021-08-29,2.391358,1.8617467503645457,1,0.7785312229946982,3,2.3355936689840946,0,0.0,6,4.671187337968189,7.380108,5.745644375565462,4,3.114124891978793,10,7.785312229946982,1,0.7785312229946982,18,14.013562013904567,38.62423119163513,30.07016994685367,29.0,22.577405466846248,47.0,36.59096748075081,19.0,14.792093236899264,64.0,49.82599827166069,0.0,51.0,False,False,False
2021-08-30,6.6818333,5.2020157454535365,3,2.3355936689840946,9,7.006781006952283,1,0.7785312229946982,16,12.456499567915172,8.209074,6.39102072454989,4,3.114124891978793,10,7.785312229946982,1,0.7785312229946982,19,14.792093236899264,42.86162564277649,33.3691138312117,32.0,24.912999135830344,51.0,39.70509237272961,21.0,16.34915568288866,72.0,56.05424805561827,13.0,62.0,True,False,False
2021-08-31,14.354841,11.175691906828433,7,5.4497185609628875,19,14.792093236899264,3,2.3355936689840946,32,24.912999135830344,9.139412,7.115317566785961,4,3.114124891978793,12,9.342374675936378,1,0.7785312229946982,22,17.12768690588336,47.607353797912594,37.063811375830184,35.0,27.248592804814436,57.0,44.376279710697794,24.0,18.684749351872757,81.0,63.061029062570555,17.0,63.0,True,False,False
2021-09-01,16.06322,12.505718041211367,8,6.228249783957586,22,17.12768690588336,3,2.3355936689840946,38,29.58418647379853,10.184358,7.928840204840526,5,3.892656114973491,13,10.120905898931076,2,1.5570624459893965,25,19.463280574867454,52.92671523284912,41.20510033932215,38.0,29.58418647379853,63.0,49.047467048665986,25.0,19.463280574867454,92.0,71.62487251551224,4.0,53.0,True,False,False
2021-09-02,14.882139,11.5862101665698,7,5.4497185609628875,21,16.34915568288866,2,1.5570624459893965,38,29.58418647379853,11.358967,8.843310206430033,5,3.892656114973491,15,11.677968344920473,2,1.5570624459893965,28,21.79887424385155,58.893889070510866,45.850731484978915,41.0,31.919780142782624,71.0,55.27571683262357,27.0,21.020343020856853,106.0,82.52430963743801,13.0,61.0,True,False,False
2021-09-03,14.623462,11.384821846149862,7,5.4497185609628875,19,14.792093236899264,2,1.5570624459893965,34,26.470061581819735,12.680402,9.872088412521407,6,4.671187337968189,18,14.013562013904567,2,1.5570624459893965,33,25.691530358825037,65.59318992805481,51.066346374812035,45.0,35.03390503476142,81.0,63.061029062570555,29.0,22.577405466846248,120.0,93.42374675936378,0.0,48.0,True,False,False
2021-09-04,12.609968,9.817253885557875,6,4.671187337968189,17,13.235030790909867,2,1.5570624459893965,32,24.912999135830344,14.168201,11.030387395294383,7,5.4497185609628875,19,14.792093236899264,2,1.5570624459893965,37,28.80565525080383,73.12052558708191,56.92661221132601,49.0,38.14802992674021,91.0,70.84634129251754,30.0,23.355936689840945,135.0,105.10171510428425,,,False,False,True
2021-09-05,5.436414,4.232417995808646,2,1.5570624459893965,8,6.228249783957586,0,0.0,16,12.456499567915172,15.844659,12.33556104125455,7,5.4497185609628875,21,16.34915568288866,3,2.3355936689840946,41,31.919780142782624,81.58507269859314,63.51652642614708,53.0,41.262154818719004,102.0,79.41018474545922,33.0,25.691530358825037,156.0,121.45087078717292,,,False,False,True
2021-09-06,15.286758,11.901218385901302,7,5.4497185609628875,20,15.570624459893963,3,2.3355936689840946,38,29.58418647379853,17.735184,13.807394134346396,8,6.228249783957586,23,17.90621812887806,3,2.3355936689840946,47,36.59096748075081,91.11118302154541,70.93290074625753,57.0,44.376279710697794,115.0,89.5310906443903,34.0,26.470061581819735,181.0,140.91415136204037,,,False,False,True
2021-09-07,34.02435,26.489017182029784,16,12.456499567915172,44,34.25537381176672,5,3.892656114973491,83,64.61809150855996,19.86884,15.468511264771223,8,6.228249783957586,27,21.020343020856853,3,2.3355936689840946,49,38.14802992674021,101.8406053390503,79.28609102513121,62.0,48.268935825671285,128.0,99.65199654332137,37.0,28.80565525080383,214.0,166.60568172086542,,,False,False,True
2021-09-08,37.634026,29.29926267825067,16,12.456499567915172,47,36.59096748075081,6,4.671187337968189,100,77.85312229946982,22.278765,17.34471443342045,9,7.006781006952283,28,21.79887424385155,3,2.3355936689840946,63,49.047467048665986,113.93502265930175,88.70197253287485,68.0,52.94012316363947,145.0,112.88702733423125,39.0,30.36271769679323,245.0,190.74014963370107,,,False,False,True
