,Raw Prediction Mean,Raw Prediction Mean 100k,Raw Prediction Q25,Raw Prediction Q25 100k,Raw Prediction Q75,Raw Prediction Q75 100k,Raw Prediction Q5,Raw Prediction Q5 100k,Raw Prediction Q95,Raw Prediction Q95 100k,Trend Prediction Mean,Trend Prediction Mean 100k,Trend Prediction Q25,Trend Prediction Q25 100k,Trend Prediction Q75,Trend Prediction Q75 100k,Trend Prediction Q5,Trend Prediction Q5 100k,Trend Prediction Q95,Trend Prediction Q95 100k,Trend 7Day Prediction Mean,Trend 7Day Prediction Mean 100k,Trend 7Day Prediction Q25,Trend 7Day Prediction Q25 100k,Trend 7Day Prediction Q75,Trend 7Day Prediction Q75 100k,Trend 7Day Prediction Q5,Trend 7Day Prediction Q5 100k,Trend 7Day Prediction Q95,Trend 7Day Prediction Q95 100k,RKI Meldedaten,RKI 7Day Incidence,is_nowcast,is_high,is_prediction
2021-07-17,0.84946454,0.6461919383582426,0,0.0,1,0.7607050214138463,0,0.0,3,2.2821150642415393,1.0118856,0.7697464752709493,0,0.0,2,1.5214100428276927,0,0.0,4,3.0428200856553853,,,,,,,,,,,2.0,,False,False,False
2021-07-18,0.4975941,0.37852232708246447,0,0.0,1,0.7607050214138463,0,0.0,2,1.5214100428276927,1.1170751,0.8497646376781631,0,0.0,2,1.5214100428276927,0,0.0,4,3.0428200856553853,,,,,,,,,,,0.0,,False,False,False
2021-07-19,0.9319199,0.7089161044859793,0,0.0,2,1.5214100428276927,0,0.0,3,2.2821150642415393,1.2344842,0.9390782906848472,0,0.0,2,1.5214100428276927,0,0.0,4,3.0428200856553853,,,,,,,,,,,0.0,,False,False,False
2021-07-20,1.9493452,1.4828767234575935,1,0.7607050214138463,3,2.2821150642415393,0,0.0,6,4.564230128483079,1.3656394,1.0388487680756953,0,0.0,2,1.5214100428276927,0,0.0,4,3.0428200856553853,,,,,,,,,,,2.0,,False,False,False
2021-07-21,2.6479976,2.014345045608934,1,0.7607050214138463,4,3.0428200856553853,0,0.0,7,5.324935149896924,1.5122701,1.1503914720378816,0,0.0,2,1.5214100428276927,0,0.0,5,3.8035251070692317,,,,,,,,,,,3.0,,False,False,False
2021-07-22,2.4032376,1.8281549273524433,1,0.7607050214138463,3,2.2821150642415393,0,0.0,6,4.564230128483079,1.6763377,1.2751985195791349,0,0.0,2,1.5214100428276927,0,0.0,5,3.8035251070692317,,,,,,,,,,,2.0,,False,False,False
2021-07-23,2.4783814,1.885317215055693,1,0.7607050214138463,4,3.0428200856553853,0,0.0,7,5.324935149896924,1.8600616,1.4149582057143562,1,0.7607050214138463,3,2.2821150642415393,0,0.0,5,3.8035251070692317,9.777753775119782,7.437986394881811,6.0,4.564230128483079,12.0,9.128460256966157,3.0,2.2821150642415393,19.0,14.45339540686308,2.0,11.0,False,False,False
2021-07-24,1.7592051,1.3382361430558376,1,0.7607050214138463,3,2.2821150642415393,0,0.0,5,3.8035251070692317,2.0659597,1.5715859262854792,1,0.7607050214138463,3,2.2821150642415393,0,0.0,5,3.8035251070692317,10.831828102588654,8.239826028730805,7.0,5.324935149896924,13.0,9.889165278380002,4.0,3.0428200856553853,20.0,15.214100428276927,0.0,9.0,False,False,False
2021-07-25,1.0854639,0.8257178706116974,0,0.0,2,1.5214100428276927,0,0.0,4,3.0428200856553853,2.2968886,1.74725464603398,1,0.7607050214138463,3,2.2821150642415393,0,0.0,6,4.564230128483079,12.011638383388519,9.137313633650942,8.0,6.085640171310771,15.0,11.410575321207697,5.0,3.8035251070692317,22.0,16.73551047110462,0.0,9.0,False,False,False
2021-07-26,2.0651155,1.5709436411270872,1,0.7607050214138463,3,2.2821150642415393,0,0.0,5,3.8035251070692317,2.556078,1.9444212739472277,1,0.7607050214138463,4,3.0428200856553853,0,0.0,6,4.564230128483079,13.333233030319214,10.142657317844781,9.0,6.846345192724617,16.0,12.171280342621541,5.0,3.8035251070692317,23.0,17.496215492518466,0.0,9.0,False,False,False
2021-07-27,4.304604,3.2745338103268296,2,1.5214100428276927,6,4.564230128483079,0,0.0,10,7.6070502141384635,2.8472157,2.1658912373823114,1,0.7607050214138463,4,3.0428200856553853,0,0.0,7,5.324935149896924,14.81480866765976,11.269699344774155,11.0,8.36775523555231,18.0,13.692690385449234,6.0,4.564230128483079,25.0,19.01762553534616,8.0,15.0,False,True,False
2021-07-28,5.504792,4.18752315454185,2,1.5214100428276927,7,5.324935149896924,1,0.7607050214138463,13,9.889165278380002,3.1744676,2.414833397779148,1,0.7607050214138463,4,3.0428200856553853,0,0.0,8,6.085640171310771,16.47700724887848,12.534142152094205,12.0,9.128460256966157,20.0,15.214100428276927,7.0,5.324935149896924,28.0,21.299740599587697,6.0,18.0,False,False,False
2021-07-29,4.938044,3.756395017262548,2,1.5214100428276927,7,5.324935149896924,1,0.7607050214138463,12,9.128460256966157,3.5425842,2.6948615413857624,2,1.5214100428276927,5,3.8035251070692317,0,0.0,8,6.085640171310771,18.34325592517853,13.953806891362598,13.0,9.889165278380002,22.0,16.73551047110462,9.0,6.846345192724617,30.0,22.821150642415393,8.0,24.0,False,False,False
2021-07-30,5.253039,3.996013037976809,2,1.5214100428276927,7,5.324935149896924,1,0.7607050214138463,13,9.889165278380002,3.9569614,3.010080399690196,2,1.5214100428276927,6,4.564230128483079,0,0.0,10,7.6070502141384635,20.440154899597168,15.5489284706004,15.0,11.410575321207697,25.0,19.01762553534616,10.0,7.6070502141384635,33.0,25.103265706656927,5.0,27.0,False,False,False
2021-07-31,3.699961,2.814578874676954,1,0.7607050214138463,5,3.8035251070692317,0,0.0,9,6.846345192724617,4.423732,3.3651551348157227,2,1.5214100428276927,6,4.564230128483079,0,0.0,12,9.128460256966157,22.797924304008482,17.342495495872022,17.0,12.931985364035388,28.0,21.299740599587697,11.0,8.36775523555231,38.0,28.90679081372616,8.0,35.0,False,False,False
2021-08-01,2.300472,1.7499805835541338,1,0.7607050214138463,3,2.2821150642415393,0,0.0,6,4.564230128483079,4.949872,3.7653924664482474,2,1.5214100428276927,7,5.324935149896924,0,0.0,11,8.36775523555231,25.45090949630737,19.360634653390367,19.0,14.45339540686308,31.0,23.581855663829238,12.0,9.128460256966157,42.0,31.949610899381543,3.0,38.0,False,False,False
2021-08-02,4.5506363,3.461691812844947,2,1.5214100428276927,6,4.564230128483079,0,0.0,11,8.36775523555231,5.5433316,4.216840170556679,3,2.2821150642415393,7,5.324935149896924,1,0.7607050214138463,13,9.889165278380002,28.43816421508789,21.633054318208913,21.0,15.974805449690772,35.0,26.624675749484624,14.0,10.649870299793848,47.0,35.75313600645078,2.0,40.0,False,False,False
2021-08-03,9.19626,6.99564116075635,4,3.0428200856553853,13,9.889165278380002,1,0.7607050214138463,23,17.496215492518466,6.21316,4.7263820306397974,3,2.2821150642415393,9,6.846345192724617,1,0.7607050214138463,15,11.410575321207697,31.804114864349366,24.193549878933315,24.0,18.256920513932315,39.0,29.667495835140006,15.0,11.410575321207697,52.0,39.55666111352001,7.0,39.0,False,False,False
2021-08-04,11.372397,8.65104011609219,5,3.8035251070692317,15,11.410575321207697,2,1.5214100428276927,26,19.778330556760004,6.9696774,5.301868804963306,3,2.2821150642415393,9,6.846345192724617,1,0.7607050214138463,17,12.931985364035388,35.599322437286375,27.080583336974353,26.0,19.778330556760004,44.0,33.47102094220924,17.0,12.931985364035388,56.0,42.59948119917539,7.0,40.0,False,False,False
2021-08-05,10.14563,7.717831613263115,5,3.8035251070692317,14,10.649870299793848,2,1.5214100428276927,24,18.256920513932315,7.8246226,5.95222954871133,4,3.0428200856553853,11,8.36775523555231,1,0.7607050214138463,19,14.45339540686308,39.881357639312746,30.337949017026666,29.0,22.060445621001545,49.0,37.27454604927847,19.0,14.45339540686308,65.0,49.44582639190002,4.0,36.0,False,False,False
2021-08-06,11.392561,8.66637856233865,6,4.564230128483079,16,12.171280342621541,2,1.5214100428276927,27,20.539035578173852,8.791406,6.687666609650478,4,3.0428200856553853,12,9.128460256966157,1,0.7607050214138463,23,17.496215492518466,44.71579970741272,34.01553337396466,32.0,24.342560685243082,56.0,42.59948119917539,21.0,15.974805449690772,75.0,57.052876606038474,9.0,40.0,False,False,False
2021-08-07,7.970911,6.063512046239339,3,2.2821150642415393,11,8.36775523555231,1,0.7607050214138463,20,15.214100428276927,9.8853035,7.519799692090601,4,3.0428200856553853,13,9.889165278380002,1,0.7607050214138463,25,19.01762553534616,50.17738043022156,38.17018525466241,35.0,26.624675749484624,63.0,47.924416349072324,23.0,17.496215492518466,86.0,65.42063184159079,10.0,42.0,True,False,False
2021-08-08,5.092899,3.87419386242982,2,1.5214100428276927,7,5.324935149896924,0,0.0,14,10.649870299793848,11.123785,8.461919060209766,5,3.8035251070692317,15,11.410575321207697,2,1.5214100428276927,28,21.299740599587697,56.35130533027649,42.86672092796617,38.0,28.90679081372616,73.0,55.531466563210785,25.0,19.01762553534616,99.0,75.30979711997078,3.0,42.0,True,False,False
2021-08-09,10.042928,7.639705290785059,4,3.0428200856553853,13,9.889165278380002,1,0.7607050214138463,27,20.539035578173852,12.526784,9.529187809675932,6,4.564230128483079,17,12.931985364035388,2,1.5214100428276927,31,23.581855663829238,63.33475314331055,48.17906474612273,41.0,31.188905877967702,83.0,63.13851677734925,26.0,19.778330556760004,112.0,85.19896239835079,3.0,43.0,True,False,False
2021-08-10,23.040058,17.5266875885427,11,8.36775523555231,32,24.342560685243082,4,3.0428200856553853,58,44.12089124200309,14.117022,10.73888925020583,6,4.564230128483079,19,14.45339540686308,2,1.5214100428276927,35,26.624675749484624,71.23862034225463,54.19157621294769,45.0,34.231725963623084,92.0,69.98486197007387,28.0,21.299740599587697,134.0,101.9344728694554,5.0,41.0,True,False,False
2021-08-11,30.05168,22.860463650431484,14,10.649870299793848,39,29.667495835140006,5,3.8035251070692317,75,57.052876606038474,15.920535,12.110830721212551,7,5.324935149896924,22,16.73551047110462,2,1.5214100428276927,41,31.188905877967702,80.18949339675903,61.00055029154707,50.0,38.03525107069232,104.0,79.11332222704002,30.0,22.821150642415393,156.0,118.66998334056002,6.0,40.0,True,False,False
2021-08-12,24.897999,18.94003216875717,11,8.36775523555231,35,26.624675749484624,4,3.0428200856553853,67,50.9672364347277,17.96708,13.66764772683382,8,6.085640171310771,24,18.256920513932315,3,2.2821150642415393,45,34.231725963623084,90.33194282722474,68.71596250273834,55.0,41.838776177761545,119.0,90.52389754824772,32.0,24.342560685243082,176.0,133.88408376883697,,,False,False,True
2021-08-13,25.766796,19.600930681917816,11,8.36775523555231,35,26.624675749484624,4,3.0428200856553853,69,52.4886464775554,20.290615,15.435172826983035,9,6.846345192724617,28,21.299740599587697,3,2.2821150642415393,53,40.317366134933856,101.83115195083619,77.46346862535749,60.0,45.642301284830786,136.0,103.4558829122831,36.0,27.38538077089847,197.0,149.85888921852774,,,False,False,True
2021-08-14,18.133629,13.794342521578074,7,5.324935149896924,24,18.256920513932315,2,1.5214100428276927,49,37.27454604927847,22.93007,17.44301989674568,9,6.846345192724617,32,24.342560685243082,3,2.2821150642415393,57,43.36018622058924,114.87591785621643,87.38668755274838,68.0,51.72794145614155,157.0,119.43068836197388,39.0,29.667495835140006,229.0,174.20144990377082,,,False,False,True
2021-08-15,11.314125,8.606712071923539,4,3.0428200856553853,16,12.171280342621541,1,0.7607050214138463,31,23.581855663829238,25.930025,19.725100719369948,11,8.36775523555231,35,26.624675749484624,4,3.0428200856553853,69,52.4886464775554,129.6821389808655,98.64985431043269,74.0,56.292171584624626,176.0,133.88408376883697,40.0,30.428200856553854,260.0,197.78330556760008,,,False,False,True
2021-08-16,21.615208,16.442796913906932,8,6.085640171310771,29,22.060445621001545,3,2.2821150642415393,60,45.642301284830786,29.341444,22.320184507407248,12,9.128460256966157,40,30.428200856553854,4,3.0428200856553853,80,60.85640171310771,146.49678843879698,111.44084258639478,81.0,61.617106734521556,206.0,156.70523441125235,43.0,32.710315920795395,305.0,232.01503153122312,,,False,False,True
