,Raw Prediction Mean,Raw Prediction Mean 100k,Raw Prediction Q25,Raw Prediction Q25 100k,Raw Prediction Q75,Raw Prediction Q75 100k,Raw Prediction Q5,Raw Prediction Q5 100k,Raw Prediction Q95,Raw Prediction Q95 100k,Trend Prediction Mean,Trend Prediction Mean 100k,Trend Prediction Q25,Trend Prediction Q25 100k,Trend Prediction Q75,Trend Prediction Q75 100k,Trend Prediction Q5,Trend Prediction Q5 100k,Trend Prediction Q95,Trend Prediction Q95 100k,Trend 7Day Prediction Mean,Trend 7Day Prediction Mean 100k,Trend 7Day Prediction Q25,Trend 7Day Prediction Q25 100k,Trend 7Day Prediction Q75,Trend 7Day Prediction Q75 100k,Trend 7Day Prediction Q5,Trend 7Day Prediction Q5 100k,Trend 7Day Prediction Q95,Trend 7Day Prediction Q95 100k,RKI Meldedaten,RKI 7Day Incidence,is_nowcast,is_high,is_prediction
2021-04-29,17.321415,23.902156681288034,9,12.419274714356682,23,31.73814649224485,3,4.139758238118894,41,56.57669592095822,14.681346,20.259074517525733,8,11.039355301650383,20,27.598388254125958,3,4.139758238118894,33,45.537340619307834,,,,,,,,,,,21.0,,False,False,False
2021-04-30,18.645283,25.728988111950457,9,12.419274714356682,25,34.49798531765745,4,5.519677650825192,43,59.33653474637081,13.645014,18.82901997305453,7,9.659435888944087,19,26.218468841419664,2,2.759838825412596,32,44.15742120660153,,,,,,,,,,,12.0,,False,False,False
2021-05-01,9.484382,13.087682600598782,5,6.899597063531489,12,16.559032952475576,2,2.759838825412596,22,30.35822707953856,12.689712,17.51077943481505,6,8.279516476237788,16,22.078710603300767,2,2.759838825412596,29,40.01766296848264,,,,,,,,,,,12.0,,False,False,False
2021-05-02,6.1440687,8.478319796267897,3,4.139758238118894,8,11.039355301650383,1,1.379919412706298,14,19.318871777888173,11.808572,16.294878150802106,6,8.279516476237788,16,22.078710603300767,2,2.759838825412596,26,35.877904730363746,,,,,,,,,,,1.0,,False,False,False
2021-05-03,7.605223,10.494595335330814,4,5.519677650825192,10,13.799194127062979,1,1.379919412706298,17,23.458630016007067,10.995433,15.172810526564717,6,8.279516476237788,15,20.69879119059447,2,2.759838825412596,26,35.877904730363746,,,,,,,,,,,4.0,,False,False,False
2021-05-04,13.8098,19.056411110796034,7,9.659435888944087,18,24.838549428713364,3,4.139758238118894,32,44.15742120660153,10.244643,14.13678255630657,5,6.899597063531489,14,19.318871777888173,2,2.759838825412596,23,31.73814649224485,,,,,,,,,,,21.0,,False,False,False
2021-05-05,16.947145,23.385694657918066,9,12.419274714356682,22,30.35822707953856,4,5.519677650825192,37,51.05701827013302,9.55102,13.179637608118355,5,6.899597063531489,13,17.938952365181873,1,1.379919412706298,22,30.35822707953856,83.61574246978759,115.38298624191034,66.0,91.07468123861567,98.0,135.23210244521718,46.0,63.4762929844897,136.0,187.66904012805654,7.0,78.0,False,False,False
2021-05-06,11.054537,15.254369645845145,6,8.279516476237788,14,19.318871777888173,2,2.759838825412596,25,34.49798531765745,8.909879,12.294914631638676,4,5.519677650825192,12,16.559032952475576,2,2.759838825412596,21,28.978307666832258,77.84428077697754,107.418834212311,61.0,84.17508417508417,91.0,125.57266655627312,43.0,59.33653474637081,124.0,171.11000717558096,18.0,75.0,False,False,False
2021-05-07,10.716164,14.787442341912538,5,6.899597063531489,14,19.318871777888173,2,2.759838825412596,26,35.877904730363746,8.316958,11.476732470327988,4,5.519677650825192,11,15.17911353976928,1,1.379919412706298,19,26.218468841419664,72.51621070098876,100.06652688219458,56.0,77.27548711155269,85.0,117.29315008003533,40.0,55.196776508251915,114.0,157.31081304851796,6.0,69.0,False,False,False
2021-05-08,5.813241,8.021804387681186,3,4.139758238118894,9,12.419274714356682,1,1.379919412706298,15,20.69879119059447,7.7683024,10.719631245592609,4,5.519677650825192,10,13.799194127062979,1,1.379919412706298,18,24.838549428713364,67.59480953979492,93.27538988214788,53.0,73.13572887343379,80.0,110.39355301650383,38.0,52.43693768283933,105.0,144.89153833416128,12.0,69.0,False,False,False
2021-05-09,3.9541962,5.456471990328282,2,2.759838825412596,5,6.899597063531489,0,0.0,10,13.799194127062979,7.2603655,10.018719331128523,3,4.139758238118894,10,13.799194127062979,1,1.379919412706298,17,23.458630016007067,63.046592403411864,86.99921676244945,49.0,67.61605122260859,75.0,103.49395595297234,36.0,49.67709885742673,101.0,139.37186068333608,1.0,69.0,False,False,False
2021-05-10,4.6393685,6.401955033652484,2,2.759838825412596,6,8.279516476237788,0,0.0,11,15.17911353976928,6.7898593,9.369458712171763,3,4.139758238118894,9,12.419274714356682,1,1.379919412706298,16,22.078710603300767,58.841011367797854,81.19585384969622,46.0,63.4762929844897,69.0,95.21443947673455,34.0,46.917260032014134,94.0,129.712424794392,3.0,68.0,False,False,False
2021-05-11,8.450056,11.660396557999775,4,5.519677650825192,11,15.17911353976928,1,1.379919412706298,19,26.218468841419664,6.3538113,8.767747203819454,3,4.139758238118894,9,12.419274714356682,1,1.379919412706298,15,20.69879119059447,54.950183246612546,75.82682459376903,42.0,57.956615333664516,65.0,89.69476182590937,30.0,41.39758238118894,85.0,117.29315008003533,24.0,71.0,False,True,False
2021-05-12,10.264731,14.164502499625087,5,6.899597063531489,14,19.318871777888173,2,2.759838825412596,23,31.73814649224485,5.949476,8.20979694253765,3,4.139758238118894,8,11.039355301650383,1,1.379919412706298,15,20.69879119059447,51.34864356422424,70.85699007040934,40.0,55.196776508251915,61.0,84.17508417508417,28.0,38.637743555776346,80.0,110.39355301650383,6.0,70.0,False,False,False
2021-05-13,6.814569,9.403556032339111,3,4.139758238118894,9,12.419274714356682,1,1.379919412706298,17,23.458630016007067,5.574364,7.692173676332459,3,4.139758238118894,7,9.659435888944087,1,1.379919412706298,14,19.318871777888173,48.01312223815918,66.25423944107631,37.0,51.05701827013302,56.0,77.27548711155269,26.0,35.877904730363746,75.0,103.49395595297234,1.0,53.0,False,False,False
2021-05-14,6.7570367,9.324165876023471,3,4.139758238118894,9,12.419274714356682,1,1.379919412706298,16,22.078710603300767,5.2261763,7.211702177301049,2,2.759838825412596,7,9.659435888944087,0,0.0,13,17.938952365181873,44.92234666633606,61.989218229199174,34.0,46.917260032014134,54.0,74.51564828614009,24.0,33.11806590495115,71.0,97.97427830214714,1.0,48.0,False,False,False
2021-05-15,3.6172085,4.991456080460921,1,1.379919412706298,5,6.899597063531489,0,0.0,9,12.419274714356682,4.9028134,6.765487341908738,2,2.759838825412596,7,9.659435888944087,0,0.0,12,16.559032952475576,42.05685746002197,58.035074046506004,32.0,44.15742120660153,50.0,68.9959706353149,23.0,31.73814649224485,68.0,93.83452006402827,12.0,48.0,False,False,False
2021-05-16,2.4855728,3.429890057304874,1,1.379919412706298,4,5.519677650825192,0,0.0,6,8.279516476237788,4.602349,6.350870535243303,2,2.759838825412596,6,8.279516476237788,0,0.0,12,16.559032952475576,39.39884726905823,54.367234184823964,30.0,41.39758238118894,47.0,64.856212397196,21.0,28.978307666832258,65.0,89.69476182590937,0.0,47.0,False,False,False
2021-05-17,2.9799864,4.112140959477983,1,1.379919412706298,4,5.519677650825192,0,0.0,9,12.419274714356682,4.3230233,5.96542377024889,2,2.759838825412596,6,8.279516476237788,0,0.0,12,16.559032952475576,36.93201136016846,50.96319942618599,28.0,38.637743555776346,45.0,62.09637357178341,19.0,26.218468841419664,60.0,82.79516476237788,0.0,44.0,False,False,False
2021-05-18,5.307288,7.323629688471556,2,2.759838825412596,7,9.659435888944087,0,0.0,13,17.938952365181873,4.063211,5.606903869193047,2,2.759838825412596,5,6.899597063531489,0,0.0,10,13.799194127062979,34.64141234111786,47.802357373072056,26.0,35.877904730363746,42.0,57.956615333664516,18.0,24.838549428713364,58.0,80.03532593696528,6.0,26.0,False,False,False
2021-05-19,6.596085,9.102065814659,3,4.139758238118894,9,12.419274714356682,1,1.379919412706298,16,22.078710603300767,3.821427,5.27326155861374,1,1.379919412706298,6,8.279516476237788,0,0.0,10,13.799194127062979,32.51335979652405,44.865816355528025,23.0,31.73814649224485,40.0,55.196776508251915,16.0,22.078710603300767,55.0,75.89556769884638,6.0,26.0,False,False,False
2021-05-20,4.4548435,6.14732489339076,2,2.759838825412596,6,8.279516476237788,0,0.0,11,15.17911353976928,3.5963035,4.962609091307968,1,1.379919412706298,5,6.899597063531489,0,0.0,9,12.419274714356682,30.535301460266112,42.13625525786017,22.0,30.35822707953856,38.0,52.43693768283933,14.0,19.318871777888173,53.0,73.13572887343379,2.0,27.0,True,False,False
2021-05-21,4.468428,6.166070670587942,2,2.759838825412596,6,8.279516476237788,0,0.0,12,16.559032952475576,3.386595,4.673228249885142,1,1.379919412706298,5,6.899597063531489,0,0.0,9,12.419274714356682,28.695720184326174,39.59778134393964,20.0,27.598388254125958,36.0,49.67709885742673,13.0,17.938952365181873,51.0,70.37589004802119,1.0,27.0,True,False,False
2021-05-22,2.3214931,3.203473534085788,1,1.379919412706298,3,4.139758238118894,0,0.0,7,9.659435888944087,3.191137,4.403512139106169,1,1.379919412706298,5,6.899597063531489,0,0.0,9,12.419274714356682,26.984046092033385,37.23580903575838,19.0,26.218468841419664,34.0,46.917260032014134,12.0,16.559032952475576,49.0,67.61605122260859,3.0,18.0,True,False,False
2021-05-23,1.5993798,2.2070151317166165,0,0.0,3,4.139758238118894,0,0.0,5,6.899597063531489,3.0088723,4.152001201873645,1,1.379919412706298,4,5.519677650825192,0,0.0,8,11.039355301650383,25.39057246351242,35.03694384212676,17.0,23.458630016007067,32.0,44.15742120660153,10.0,13.799194127062979,48.0,66.2361318099023,0.0,18.0,True,False,False
2021-05-24,1.9807489,2.7332738682162017,0,0.0,3,4.139758238118894,0,0.0,6,8.279516476237788,2.8388298,3.917356298188679,1,1.379919412706298,4,5.519677650825192,0,0.0,9,12.419274714356682,23.906381939411162,32.9888805257647,16.0,22.078710603300767,30.0,41.39758238118894,9.0,12.419274714356682,46.0,63.4762929844897,1.0,19.0,True,False,False
2021-05-25,3.4757586,4.796266875928268,1,1.379919412706298,5,6.899597063531489,0,0.0,10,13.799194127062979,2.6801045,3.6983281461289153,1,1.379919412706298,4,5.519677650825192,0,0.0,8,11.039355301650383,22.523278564453125,31.080309328880507,15.0,20.69879119059447,29.0,40.01766296848264,9.0,12.419274714356682,45.0,62.09637357178341,,,False,False,True
2021-05-26,4.1889005,5.780345236416906,1,1.379919412706298,6,8.279516476237788,0,0.0,12,16.559032952475576,2.531872,3.4937795135192573,1,1.379919412706298,4,5.519677650825192,0,0.0,8,11.039355301650383,21.233725128173827,29.30082950843659,14.0,19.318871777888173,26.0,35.877904730363746,8.0,11.039355301650383,43.0,59.33653474637081,,,False,False,True
2021-05-27,2.8393161,3.9180275052785873,1,1.379919412706298,4,5.519677650825192,0,0.0,8,11.039355301650383,2.3933704,3.302658296888694,1,1.379919412706298,3,4.139758238118894,0,0.0,7,9.659435888944087,20.030788008689882,27.640873224995698,13.0,17.938952365181873,25.0,34.49798531765745,7.0,9.659435888944087,41.0,56.57669592095822,,,False,False,True
2021-05-28,2.901289,4.0035451092990115,1,1.379919412706298,4,5.519677650825192,0,0.0,8,11.039355301650383,2.263894,3.123991336906329,1,1.379919412706298,3,4.139758238118894,0,0.0,7,9.659435888944087,18.908085774660112,26.09163461756929,12.0,16.559032952475576,24.0,33.11806590495115,6.0,8.279516476237788,38.0,52.43693768283933,,,False,False,True
2021-05-29,1.5521694,2.141868753824383,0,0.0,2,2.759838825412596,0,0.0,5,6.899597063531489,2.1427937,2.9568825993919745,1,1.379919412706298,3,4.139758238118894,0,0.0,7,9.659435888944087,17.85974173283577,24.645004323060892,11.0,15.17911353976928,23.0,31.73814649224485,5.0,6.899597063531489,37.0,51.05701827013302,,,False,False,True
