,Raw Prediction Mean,Raw Prediction Mean 100k,Raw Prediction Q25,Raw Prediction Q25 100k,Raw Prediction Q75,Raw Prediction Q75 100k,Raw Prediction Q5,Raw Prediction Q5 100k,Raw Prediction Q95,Raw Prediction Q95 100k,Trend Prediction Mean,Trend Prediction Mean 100k,Trend Prediction Q25,Trend Prediction Q25 100k,Trend Prediction Q75,Trend Prediction Q75 100k,Trend Prediction Q5,Trend Prediction Q5 100k,Trend Prediction Q95,Trend Prediction Q95 100k,Trend 7Day Prediction Mean,Trend 7Day Prediction Mean 100k,Trend 7Day Prediction Q25,Trend 7Day Prediction Q25 100k,Trend 7Day Prediction Q75,Trend 7Day Prediction Q75 100k,Trend 7Day Prediction Q5,Trend 7Day Prediction Q5 100k,Trend 7Day Prediction Q95,Trend 7Day Prediction Q95 100k,RKI Meldedaten,RKI 7Day Incidence,is_nowcast,is_high,is_prediction
2021-04-27,18.498117,20.72873612632975,10,11.20586290747319,24,26.894070977935655,4,4.482345162989276,41,45.94403792064008,12.599648,14.118992839939892,7,7.844104035231233,17,19.049966942704422,3,3.361758872241957,28,31.37641614092493,,,,,,,,,,,19.0,,False,False,False
2021-04-28,16.991522,19.040466577280313,9,10.08527661672587,23,25.773484687188336,4,4.482345162989276,39,43.70286533914544,11.930187,13.368803774937987,6,6.723517744483914,15,16.808794361209785,2,2.241172581494638,28,31.37641614092493,,,,,,,,,,,16.0,,False,False,False
2021-04-29,15.818668,17.726182704791427,9,10.08527661672587,21,23.5323121056937,4,4.482345162989276,35,39.220520176156164,11.303354,12.666384282056242,6,6.723517744483914,15,16.808794361209785,2,2.241172581494638,26,29.135243559430297,,,,,,,,,,,14.0,,False,False,False
2021-04-30,12.335971,13.823520566802472,7,7.844104035231233,17,19.049966942704422,3,3.361758872241957,28,31.37641614092493,10.716088,12.008301564492285,5,5.602931453736595,14,15.688208070462466,2,2.241172581494638,23,25.773484687188336,,,,,,,,,,,9.0,,False,False,False
2021-05-01,8.126258,9.106173092732206,4,4.482345162989276,10,11.20586290747319,1,1.120586290747319,18,20.17055323345174,10.165597,11.39142841566354,5,5.602931453736595,13,14.567621779715148,2,2.241172581494638,23,25.773484687188336,,,,,,,,,,,11.0,,False,False,False
2021-05-02,5.035753,5.642995529342443,2,2.241172581494638,7,7.844104035231233,1,1.120586290747319,12,13.447035488967828,9.649334,10.812911204993725,5,5.602931453736595,13,14.567621779715148,2,2.241172581494638,22,24.65289839644102,,,,,,,,,,,0.0,,False,False,False
2021-05-03,5.0496655,5.658585723722354,2,2.241172581494638,7,7.844104035231233,1,1.120586290747319,12,13.447035488967828,9.164907,10.270069469697773,5,5.602931453736595,12,13.447035488967828,2,2.241172581494638,21,23.5323121056937,75.52911407470702,84.63688978440707,58.0,64.9940048633445,90.0,100.85276616725871,43.0,48.185210502134716,120.0,134.47035488967828,4.0,73.0,False,False,False
2021-05-04,14.11563,15.817781968507916,8,8.964690325978552,18,20.17055323345174,3,3.361758872241957,30,33.61758872241957,8.710118,9.760438842931762,5,5.602931453736595,11,12.32644919822051,2,2.241172581494638,19,21.29113952419906,71.6395926322937,80.27834537847096,55.0,61.63224599110255,85.0,95.24983471352212,40.0,44.82345162989276,112.0,125.50566456369972,12.0,66.0,False,False,False
2021-05-05,12.358182,13.848408707417548,7,7.844104035231233,17,19.049966942704422,3,3.361758872241957,29,32.49700243167225,8.282948,9.281757229473442,4,4.482345162989276,12,13.447035488967828,1,1.120586290747319,19,21.29113952419906,67.99234334564208,76.19128782891123,53.0,59.391073409607905,80.0,89.64690325978552,38.0,42.58227904839812,108.0,121.02331940071045,14.0,64.0,False,False,False
2021-05-06,11.35717,12.726688873954117,6,6.723517744483914,15,16.808794361209785,2,2.241172581494638,24,26.894070977935655,7.881512,8.831914601614699,4,4.482345162989276,11,12.32644919822051,2,2.241172581494638,18,20.17055323345174,64.57050513458252,72.35682284044255,51.0,57.14990082811327,76.0,85.16455809679624,38.0,42.58227904839812,102.0,114.29980165622653,10.0,60.0,False,False,False
2021-05-07,8.779476,9.83816062216647,5,5.602931453736595,12,13.447035488967828,2,2.241172581494638,21,23.5323121056937,7.504074,8.408962457906455,4,4.482345162989276,11,12.32644919822051,1,1.120586290747319,17,19.049966942704422,61.35849808120727,68.75749177064654,49.0,54.90872824661863,73.0,81.80279922455428,37.0,41.4616927576508,94.0,105.335111330248,18.0,69.0,False,True,False
2021-05-08,5.526462,6.192877481225878,3,3.361758872241957,7,7.844104035231233,1,1.120586290747319,13,14.567621779715148,7.1490192,8.011092722881585,4,4.482345162989276,10,11.20586290747319,1,1.120586290747319,17,19.049966942704422,58.34191972351074,65.37715541804675,47.0,52.667555665124,69.0,77.32045406156502,35.0,39.220520176156164,89.0,99.7321798765114,10.0,68.0,False,False,False
2021-05-09,3.4500022,3.8660251448163763,1,1.120586290747319,5,5.602931453736595,0,0.0,8,8.964690325978552,6.814867,7.636646478204057,3,3.361758872241957,9,10.08527661672587,1,1.120586290747319,15,16.808794361209785,55.507449569702146,62.200887022156394,44.0,49.30579679288204,66.0,73.95869518932305,32.0,35.85876130391421,85.0,95.24983471352212,1.0,69.0,False,False,False
2021-05-10,3.5296323,3.955257488996722,2,2.241172581494638,5,5.602931453736595,0,0.0,8,8.964690325978552,6.5002165,7.284053572220728,3,3.361758872241957,9,10.08527661672587,1,1.120586290747319,15,16.808794361209785,52.84276156425476,59.214874174133236,42.0,47.0646242113874,63.0,70.5969363170811,31.0,34.73817501316689,82.0,91.88807584128016,2.0,67.0,False,False,False
2021-05-11,9.758746,10.935516911558807,5,5.602931453736595,13,14.567621779715148,2,2.241172581494638,22,24.65289839644102,6.2038074,6.951901741558686,3,3.361758872241957,9,10.08527661672587,1,1.120586290747319,15,16.808794361209785,50.336443990707394,56.40632906095698,41.0,45.94403792064008,60.0,67.23517744483914,29.0,32.49700243167225,79.0,88.5263169690382,15.0,70.0,False,False,False
2021-05-12,8.609045,9.647177648730576,4,4.482345162989276,11,12.32644919822051,1,1.120586290747319,19,21.29113952419906,5.924436,6.638842023676261,3,3.361758872241957,8,8.964690325978552,1,1.120586290747319,14,15.688208070462466,47.97792684173584,53.763407077327,38.0,42.58227904839812,57.0,63.87341857259718,26.0,29.135243559430297,76.0,85.16455809679624,8.0,64.0,False,False,False
2021-05-13,8.002874,8.967910980572924,4,4.482345162989276,11,12.32644919822051,1,1.120586290747319,19,21.29113952419906,5.6610045,6.343644054140896,3,3.361758872241957,8,8.964690325978552,1,1.120586290747319,13,14.567621779715148,45.75741428756714,51.275131150693234,36.0,40.34110646690348,54.0,60.511659700355224,26.0,29.135243559430297,72.0,80.68221293380697,9.0,63.0,False,False,False
2021-05-14,6.1555214,6.897792627569288,3,3.361758872241957,8,8.964690325978552,1,1.120586290747319,14,15.688208070462466,5.4124813,6.0651524108834565,2,2.241172581494638,7,7.844104035231233,1,1.120586290747319,13,14.567621779715148,43.66582449913025,48.93132430790378,34.0,38.099933885408845,52.0,58.27048711886059,25.0,28.014657268682974,69.0,77.32045406156502,1.0,46.0,False,False,False
2021-05-15,3.9582145,4.435520895640366,2,2.241172581494638,5,5.602931453736595,0,0.0,10,11.20586290747319,5.1779304,5.802317900815979,2,2.241172581494638,7,7.844104035231233,0,0.0,13,14.567621779715148,41.69473338508606,46.722546627692,32.0,35.85876130391421,50.0,56.02931453736595,22.0,24.65289839644102,68.0,76.19986777081769,8.0,44.0,False,False,False
2021-05-16,2.4308763,2.7240066629019566,1,1.120586290747319,3,3.361758872241957,0,0.0,6,6.723517744483914,4.956447,5.554126619244926,2,2.241172581494638,7,7.844104035231233,0,0.0,12,13.447035488967828,39.83632227134704,44.64003661106359,31.0,34.73817501316689,48.0,53.78814195587131,20.0,22.41172581494638,64.0,71.71752260782841,0.0,43.0,False,False,False
2021-05-17,2.5034125,2.805289659590926,1,1.120586290747319,4,4.482345162989276,0,0.0,7,7.844104035231233,4.7472253,5.319675619830377,2,2.241172581494638,6,6.723517744483914,1,1.120586290747319,12,13.447035488967828,38.083331407547,42.67565908128397,29.0,32.49700243167225,46.0,51.54696937437667,19.0,21.29113952419906,64.0,71.71752260782841,1.0,42.0,False,False,False
2021-05-18,6.959532,7.798756269039586,3,3.361758872241957,9,10.08527661672587,1,1.120586290747319,16,17.929380651957104,4.549492,5.098098336020485,2,2.241172581494638,6,6.723517744483914,0,0.0,12,13.447035488967828,36.42901870441437,40.8218589455444,26.0,29.135243559430297,44.0,49.30579679288204,18.0,20.17055323345174,61.0,68.35576373558646,17.0,44.0,True,True,False
2021-05-19,6.310678,7.071658910717815,3,3.361758872241957,8,8.964690325978552,1,1.120586290747319,16,17.929380651957104,4.362534,4.88859586766921,2,2.241172581494638,6,6.723517744483914,0,0.0,12,13.447035488967828,34.867116706848144,39.071612979580834,25.0,28.014657268682974,42.0,47.0646242113874,17.0,19.049966942704422,61.0,68.35576373558646,12.0,48.0,True,False,False
2021-05-20,5.8592706,6.565818330273032,2,2.241172581494638,8,8.964690325978552,1,1.120586290747319,15,16.808794361209785,4.185685,4.690421337727457,2,2.241172581494638,6,6.723517744483914,0,0.0,11,12.32644919822051,33.3917991399765,37.418392339645784,23.0,25.773484687188336,40.0,44.82345162989276,15.0,16.808794361209785,60.0,67.23517744483914,4.0,43.0,True,False,False
2021-05-21,4.465467,5.003940896131098,2,2.241172581494638,6,6.723517744483914,0,0.0,12,13.447035488967828,4.0183325,4.502888259594329,2,2.241172581494638,5,5.602931453736595,0,0.0,10,11.20586290747319,31.997646206855773,35.856123675585536,22.0,24.65289839644102,40.0,44.82345162989276,14.0,15.688208070462466,57.0,63.87341857259718,4.0,46.0,True,False,False
2021-05-22,2.8304718,3.171787830069661,1,1.120586290747319,4,4.482345162989276,0,0.0,8,8.964690325978552,3.859895,4.325345435063355,1,1.120586290747319,6,6.723517744483914,0,0.0,11,12.32644919822051,30.67961386203766,34.37915469922081,21.0,23.5323121056937,37.0,41.4616927576508,13.0,14.567621779715148,57.0,63.87341857259718,0.0,38.0,True,False,False
2021-05-23,1.8314959,2.0523491912172176,0,0.0,3,3.361758872241957,0,0.0,6,6.723517744483914,3.7098434,4.1571995097910985,1,1.120586290747319,5,5.602931453736595,0,0.0,10,11.20586290747319,29.433006951332093,32.98222408513329,20.0,22.41172581494638,37.0,41.4616927576508,12.0,13.447035488967828,55.0,61.63224599110255,,,False,False,True
2021-05-24,1.9163834,2.1474728782777674,0,0.0,3,3.361758872241957,0,0.0,6,6.723517744483914,3.5676703,3.9978825952857733,1,1.120586290747319,5,5.602931453736595,0,0.0,10,11.20586290747319,28.25345105314255,31.66042991645194,19.0,21.29113952419906,36.0,40.34110646690348,12.0,13.447035488967828,54.0,60.511659700355224,,,False,False,True
2021-05-25,5.348698,5.993677768856287,2,2.241172581494638,7,7.844104035231233,0,0.0,15,16.808794361209785,3.4329133,3.846875551971607,1,1.120586290747319,5,5.602931453736595,0,0.0,9,10.08527661672587,27.136870700359346,30.409205280605278,18.0,20.17055323345174,34.0,38.099933885408845,10.0,11.20586290747319,55.0,61.63224599110255,,,False,False,True
2021-05-26,4.816235,5.397007043939084,2,2.241172581494638,6,6.723517744483914,0,0.0,14,15.688208070462466,3.3051295,3.7036828871350735,1,1.120586290747319,5,5.602931453736595,0,0.0,10,11.20586290747319,26.079466529369355,29.22429266281486,17.0,19.049966942704422,33.0,36.979347594661526,9.0,10.08527661672587,53.0,59.391073409607905,,,False,False,True
2021-05-27,4.570584,5.121733556734398,2,2.241172581494638,6,6.723517744483914,0,0.0,13,14.567621779715148,3.183913,3.5678491258295253,1,1.120586290747319,4,4.482345162989276,0,0.0,9,10.08527661672587,25.07769498682022,28.101721205773508,16.0,17.929380651957104,32.0,35.85876130391421,9.0,10.08527661672587,52.0,58.27048711886059,,,False,False,True
