,Raw Prediction Mean,Raw Prediction Mean 100k,Raw Prediction Q25,Raw Prediction Q25 100k,Raw Prediction Q75,Raw Prediction Q75 100k,Raw Prediction Q5,Raw Prediction Q5 100k,Raw Prediction Q95,Raw Prediction Q95 100k,Trend Prediction Mean,Trend Prediction Mean 100k,Trend Prediction Q25,Trend Prediction Q25 100k,Trend Prediction Q75,Trend Prediction Q75 100k,Trend Prediction Q5,Trend Prediction Q5 100k,Trend Prediction Q95,Trend Prediction Q95 100k,Trend 7Day Prediction Mean,Trend 7Day Prediction Mean 100k,Trend 7Day Prediction Q25,Trend 7Day Prediction Q25 100k,Trend 7Day Prediction Q75,Trend 7Day Prediction Q75 100k,Trend 7Day Prediction Q5,Trend 7Day Prediction Q5 100k,Trend 7Day Prediction Q95,Trend 7Day Prediction Q95 100k,RKI Meldedaten,RKI 7Day Incidence,is_nowcast,is_high,is_prediction
2021-08-18,2.9597192,2.567818773968611,1,0.8675886241779598,4,3.470354496711839,0,0.0,8,6.940708993423678,2.1808596,1.8920889488072135,1,0.8675886241779598,3,2.602765872533879,0,0.0,6,5.205531745067758,,,,,,,,,,,4.0,,False,False,False
2021-08-19,2.9618404,2.5696590455481783,1,0.8675886241779598,4,3.470354496711839,0,0.0,8,6.940708993423678,2.269338,1.9688517568283714,1,0.8675886241779598,3,2.602765872533879,0,0.0,7,6.073120369245719,,,,,,,,,,,4.0,,False,False,False
2021-08-20,2.4064882,2.0878418581560254,1,0.8675886241779598,3,2.602765872533879,0,0.0,7,6.073120369245719,2.363462,2.0505127395153977,1,0.8675886241779598,3,2.602765872533879,0,0.0,7,6.073120369245719,,,,,,,,,,,2.0,,False,False,False
2021-08-21,1.7240251,1.4957446182961576,1,0.8675886241779598,2,1.7351772483559196,0,0.0,5,4.337943120889799,2.4636433,2.1374289644882083,1,0.8675886241779598,4,3.470354496711839,0,0.0,7,6.073120369245719,,,,,,,,,,,2.0,,False,False,False
2021-08-22,1.304292,1.1315888514218386,0,0.0,2,1.7351772483559196,0,0.0,4,3.470354496711839,2.570325,2.229984602308832,1,0.8675886241779598,4,3.470354496711839,0,0.0,7,6.073120369245719,,,,,,,,,,,0.0,,False,False,False
2021-08-23,1.5193788,1.3181957911001518,0,0.0,2,1.7351772483559196,0,0.0,4,3.470354496711839,2.6839921,2.3286011128220707,1,0.8675886241779598,4,3.470354496711839,0,0.0,7,6.073120369245719,,,,,,,,,,,0.0,,False,False,False
2021-08-24,4.763824,4.133039328735322,2,1.7351772483559196,7,6.073120369245719,0,0.0,12,10.411063490135517,2.8051717,2.433735062368214,1,0.8675886241779598,4,3.470354496711839,0,0.0,8,6.940708993423678,17.33679449605942,15.041205684492216,12.0,10.411063490135517,22.0,19.086949731915116,7.0,6.073120369245719,33.0,28.630424597872672,2.0,14.0,False,False,False
2021-08-25,4.311955,3.741003092727624,2,1.7351772483559196,6,5.205531745067758,0,0.0,11,9.543474865957558,2.9344344,2.5458819436607882,1,0.8675886241779598,4,3.470354496711839,0,0.0,8,6.940708993423678,18.09036977291107,15.694999022150467,13.0,11.278652114313477,23.0,19.954538356093074,8.0,6.940708993423678,33.0,28.630424597872672,8.0,18.0,False,False,False
2021-08-26,4.317565,3.745870344573632,2,1.7351772483559196,6,5.205531745067758,0,0.0,10,8.675886241779597,3.0723999,2.6655790861696005,1,0.8675886241779598,4,3.470354496711839,0,0.0,8,6.940708993423678,18.89343011665344,16.39172504090979,14.0,12.146240738491437,23.0,19.954538356093074,8.0,6.940708993423678,33.0,28.630424597872672,2.0,16.0,False,False,False
2021-08-27,3.495548,3.032697713933885,1,0.8675886241779598,5,4.337943120889799,0,0.0,9,7.808297617601638,3.219747,2.7934158424613997,1,0.8675886241779598,5,4.337943120889799,0,0.0,8,6.940708993423678,19.749711104393004,17.1346246849725,14.0,12.146240738491437,24.0,20.822126980271033,9.0,7.808297617601638,34.0,29.498013222050634,3.0,17.0,False,False,False
2021-08-28,2.4442286,2.1205849407124333,1,0.8675886241779598,3,2.602765872533879,0,0.0,7,6.073120369245719,3.3772075,2.930026857939083,1,0.8675886241779598,5,4.337943120889799,0,0.0,9,7.808297617601638,20.663272698402405,17.92722033142094,15.0,13.013829362669396,26.0,22.557304228626954,10.0,8.675886241779597,35.0,30.365601846228593,3.0,18.0,False,False,False
2021-08-29,1.8211197,1.5799827451701276,0,0.0,3,2.602765872533879,0,0.0,5,4.337943120889799,3.5455832,3.0761075322516263,1,0.8675886241779598,5,4.337943120889799,0,0.0,9,7.808297617601638,21.6385293674469,18.773341923137636,16.0,13.881417986847357,27.0,23.424892852804916,10.0,8.675886241779597,36.0,31.23319047040655,0.0,18.0,False,False,False
2021-08-30,2.1236885,1.8424880181555636,1,0.8675886241779598,3,2.602765872533879,0,0.0,6,5.205531745067758,3.725748,3.232416565879248,1,0.8675886241779598,5,4.337943120889799,0,0.0,9,7.808297617601638,22.680284608840942,19.67715691974887,17.0,14.749006611025317,28.0,24.292481476982875,11.0,9.543474865957558,37.0,32.10077909458451,3.0,21.0,False,False,False
2021-08-31,6.6694264,5.78631843382027,3,2.602765872533879,9,7.808297617601638,1,0.8675886241779598,17,14.749006611025317,3.9186537,3.3997792343143374,2,1.7351772483559196,5,4.337943120889799,0,0.0,9,7.808297617601638,23.793768602371216,20.643202965739977,18.0,15.616595235203276,28.0,24.292481476982875,11.0,9.543474865957558,39.0,33.83595634294043,15.0,34.0,False,True,False
2021-09-01,6.1077123,5.298981704981998,3,2.602765872533879,9,7.808297617601638,1,0.8675886241779598,14,12.146240738491437,4.1253457,3.579102849471383,2,1.7351772483559196,6,5.205531745067758,0,0.0,10,8.675886241779597,24.984680579185486,21.676424649221328,19.0,16.484183859381236,30.0,26.027658725338792,12.0,10.411063490135517,42.0,36.43872221547431,5.0,31.0,False,False,False
2021-09-02,6.234862,5.4092950449557975,3,2.602765872533879,8,6.940708993423678,1,0.8675886241779598,15,13.013829362669396,4.3469524,3.7713663914473727,2,1.7351772483559196,6,5.205531745067758,0,0.0,11,9.543474865957558,26.259234325408936,22.782212980348195,20.0,17.351772483559195,31.0,26.895247349516755,13.0,11.278652114313477,44.0,38.17389946383023,9.0,38.0,False,False,False
2021-09-03,5.066728,4.395835640025325,2,1.7351772483559196,7,6.073120369245719,0,0.0,12,10.411063490135517,4.5847173,3.97764852095861,2,1.7351772483559196,6,5.205531745067758,0,0.0,12,10.411063490135517,27.624209489822388,23.966449905278747,21.0,18.219361107737154,33.0,28.630424597872672,14.0,12.146240738491437,45.0,39.04148808800819,4.0,39.0,False,False,False
2021-09-04,3.5878038,3.112737977062352,1,0.8675886241779598,5,4.337943120889799,0,0.0,9,7.808297617601638,4.8400006,4.199129398330115,2,1.7351772483559196,7,6.073120369245719,0,0.0,13,11.278652114313477,29.087008290290832,25.235557504026335,21.0,18.219361107737154,35.0,30.365601846228593,15.0,13.013829362669396,49.0,42.51184258472003,3.0,39.0,False,False,False
2021-09-05,2.6941726,2.3374335796688683,1,0.8675886241779598,4,3.470354496711839,0,0.0,7,6.073120369245719,5.114292,4.437101597432047,2,1.7351772483559196,7,6.073120369245719,0,0.0,12,10.411063490135517,30.655717809677125,26.596552037685555,22.0,19.086949731915116,37.0,32.10077909458451,15.0,13.013829362669396,50.0,43.379431208897984,0.0,39.0,False,False,False
2021-09-06,3.1310954,2.716502785915509,1,0.8675886241779598,5,4.337943120889799,0,0.0,9,7.808297617601638,5.409211,4.692970105679706,2,1.7351772483559196,7,6.073120369245719,0,0.0,13,11.278652114313477,32.339180837631226,28.057105409962713,23.0,19.954538356093074,39.0,33.83595634294043,16.0,13.881417986847357,54.0,46.84978570560983,3.0,39.0,False,False,False
2021-09-07,9.914579,8.601776062278077,4,3.470354496711839,13,11.278652114313477,1,0.8675886241779598,24,20.822126980271033,5.726546,4.9682861572364345,2,1.7351772483559196,8,6.940708993423678,0,0.0,14,12.146240738491437,34.14707201766968,29.625611231515744,24.0,20.822126980271033,41.0,35.57113359129635,16.0,13.881417986847357,57.0,49.45255157814371,10.0,34.0,False,False,False
2021-09-08,8.926931,7.744903996353969,4,3.470354496711839,12,10.411063490135517,1,0.8675886241779598,23,19.954538356093074,6.068257,5.264750507194549,2,1.7351772483559196,8,6.940708993423678,0,0.0,14,12.146240738491437,36.08998314380646,31.3112588223408,25.0,21.689715604448992,44.0,38.17389946383023,16.0,13.881417986847357,61.0,52.92290607485555,3.0,32.0,True,False,False
2021-09-09,8.999865,7.808180089341477,4,3.470354496711839,12,10.411063490135517,1,0.8675886241779598,23,19.954538356093074,6.4364944,5.584229438682087,3,2.602765872533879,9,7.808297617601638,0,0.0,17,14.749006611025317,38.179520354270934,33.124117535936335,26.0,22.557304228626954,46.0,39.90907671218615,17.0,14.749006611025317,65.0,56.39326057156739,5.0,28.0,True,False,False
2021-09-10,7.58387,6.579679029528052,3,2.602765872533879,10,8.675886241779597,1,0.8675886241779598,19,16.484183859381236,6.8336096,5.928762038820423,3,2.602765872533879,9,7.808297617601638,1,0.8675886241779598,18,15.616595235203276,40.428406609535216,35.07522566807379,28.0,24.292481476982875,49.0,42.51184258472003,17.0,14.749006611025317,71.0,61.59879231663514,3.0,27.0,True,False,False
2021-09-11,5.4429955,4.722280937130563,2,1.7351772483559196,8,6.940708993423678,0,0.0,15,13.013829362669396,7.2622027,6.300604582065716,3,2.602765872533879,10,8.675886241779597,1,0.8675886241779598,20,17.351772483559195,42.850603569984436,37.17669619647797,29.0,25.160070101160834,51.0,44.24701983307595,18.0,15.616595235203276,78.0,67.67191268588086,8.0,32.0,True,False,False
2021-09-12,4.1774273,3.6242883652448654,1,0.8675886241779598,6,5.205531745067758,0,0.0,12,10.411063490135517,7.7251267,6.702232349198312,3,2.602765872533879,10,8.675886241779597,1,0.8675886241779598,22,19.086949731915116,45.46143865299225,39.44182701410027,30.0,26.027658725338792,55.0,47.71737432978779,19.0,16.484183859381236,87.0,75.4802103034825,0.0,32.0,True,False,False
2021-09-13,4.8954716,4.24725549237337,2,1.7351772483559196,6,5.205531745067758,0,0.0,14,12.146240738491437,8.225529,7.13637491571717,3,2.602765872533879,11,9.543474865957558,1,0.8675886241779598,22,19.086949731915116,48.27775244426727,41.88522882152598,31.0,26.895247349516755,59.0,51.18772882649963,18.0,15.616595235203276,97.0,84.15609654526209,,,False,False,True
2021-09-14,15.607676,13.54104169877246,6,5.205531745067758,21,18.219361107737154,2,1.7351772483559196,42,36.43872221547431,8.766863,7.606030703755096,3,2.602765872533879,11,9.543474865957558,1,0.8675886241779598,25,21.689715604448992,51.31806328868866,44.52296792411086,32.0,27.762835973694713,63.0,54.658083323211464,19.0,16.484183859381236,106.0,91.96439416286374,,,False,False,True
2021-09-15,14.157731,12.28308683494106,5,4.337943120889799,19,16.484183859381236,1,0.8675886241779598,42,36.43872221547431,9.352936,8.114500815281644,3,2.602765872533879,13,11.278652114313477,1,0.8675886241779598,28,24.292481476982875,54.602744045257566,47.3727195825663,33.0,28.630424597872672,68.0,58.99602644410127,19.0,16.484183859381236,117.0,101.50786902882129,,,False,False,True
2021-09-16,14.066144,12.203626829432324,5,4.337943120889799,18,15.616595235203276,2,1.7351772483559196,38,32.96836771876247,9.987979,8.665456698508933,4,3.470354496711839,13,11.278652114313477,1,0.8675886241779598,26,22.557304228626954,58.1542274723053,50.453946202829464,35.0,30.365601846228593,72.0,62.4663809408131,19.0,16.484183859381236,128.0,111.05134389477885,,,False,False,True
2021-09-17,11.463416,9.94552974589169,4,3.470354496711839,15,13.013829362669396,1,0.8675886241779598,35,30.365601846228593,10.676607,9.262903040507808,4,3.470354496711839,14,12.146240738491437,1,0.8675886241779598,33,28.630424597872672,61.99723017883301,53.788091633698016,36.0,31.23319047040655,77.0,66.8043240617029,19.0,16.484183859381236,140.0,121.46240738491437,,,False,False,True
