,Raw Prediction Mean,Raw Prediction Mean 100k,Raw Prediction Q25,Raw Prediction Q25 100k,Raw Prediction Q75,Raw Prediction Q75 100k,Raw Prediction Q5,Raw Prediction Q5 100k,Raw Prediction Q95,Raw Prediction Q95 100k,Trend Prediction Mean,Trend Prediction Mean 100k,Trend Prediction Q25,Trend Prediction Q25 100k,Trend Prediction Q75,Trend Prediction Q75 100k,Trend Prediction Q5,Trend Prediction Q5 100k,Trend Prediction Q95,Trend Prediction Q95 100k,Trend 7Day Prediction Mean,Trend 7Day Prediction Mean 100k,Trend 7Day Prediction Q25,Trend 7Day Prediction Q25 100k,Trend 7Day Prediction Q75,Trend 7Day Prediction Q75 100k,Trend 7Day Prediction Q5,Trend 7Day Prediction Q5 100k,Trend 7Day Prediction Q95,Trend 7Day Prediction Q95 100k,RKI Meldedaten,RKI 7Day Incidence,is_nowcast,is_high,is_prediction
2021-08-18,1.2988105,1.1885379535669927,0,0.0,2,1.8301945496806309,0,0.0,4,3.6603890993612618,0.9365799,0.8570616955694277,0,0.0,2,1.8301945496806309,0,0.0,3,2.7452918245209466,,,,,,,,,,,2.0,,False,False,False
2021-08-19,1.3425721,1.2285840966796968,0,0.0,2,1.8301945496806309,0,0.0,4,3.6603890993612618,1.0253588,0.9383030374010559,0,0.0,2,1.8301945496806309,0,0.0,4,3.6603890993612618,,,,,,,,,,,0.0,,False,False,False
2021-08-20,1.1431948,1.0461344572831877,0,0.0,2,1.8301945496806309,0,0.0,4,3.6603890993612618,1.1238837,1.0284629752277397,0,0.0,2,1.8301945496806309,0,0.0,3,2.7452918245209466,,,,,,,,,,,0.0,,False,False,False
2021-08-21,0.8470102,0.7750967597530689,0,0.0,1,0.9150972748403154,0,0.0,3,2.7452918245209466,1.2333348,1.1286212611594237,0,0.0,2,1.8301945496806309,0,0.0,4,3.6603890993612618,,,,,,,,,,,0.0,,False,False,False
2021-08-22,0.67846286,0.6208595095813507,0,0.0,1,0.9150972748403154,0,0.0,2,1.8301945496806309,1.3550397,1.2399931620166171,0,0.0,2,1.8301945496806309,0,0.0,4,3.6603890993612618,,,,,,,,,,,1.0,,False,False,False
2021-08-23,0.8444584,0.7727615411567967,0,0.0,1,0.9150972748403154,0,0.0,3,2.7452918245209466,1.4905076,1.3639594726555515,0,0.0,2,1.8301945496806309,0,0.0,4,3.6603890993612618,,,,,,,,,,,1.0,,False,False,False
2021-08-24,2.7685287,2.5334729798487388,1,0.9150972748403154,4,3.6603890993612618,0,0.0,7,6.405680923882208,1.6414456,1.5020824321254622,0,0.0,3,2.7452918245209466,0,0.0,5,4.575486374201577,8.806150248527526,8.058484094261907,5.0,4.575486374201577,12.0,10.981167298083786,2.0,1.8301945496806309,18.0,16.471750947125678,1.0,5.0,False,False,False
2021-08-25,2.6480432,2.423217119940091,1,0.9150972748403154,4,3.6603890993612618,0,0.0,7,6.405680923882208,1.8097949,1.656138374528382,1,0.9150972748403154,3,2.7452918245209466,0,0.0,6,5.490583649041893,9.679366154432296,8.857561590102579,6.0,5.490583649041893,13.0,11.896264572924103,3.0,2.7452918245209466,19.0,17.386848221965995,7.0,10.0,False,True,False
2021-08-26,2.7614107,2.5269593606935814,1,0.9150972748403154,4,3.6603890993612618,0,0.0,8,7.3207781987225236,1.99776,1.8281447410117835,0,0.0,3,2.7452918245209466,0,0.0,6,5.490583649041893,10.651767361164094,9.74740328443428,7.0,6.405680923882208,14.0,12.811361847764417,4.0,3.6603890993612618,20.0,18.301945496806308,1.0,11.0,False,False,False
2021-08-27,2.3534076,2.1535968699026853,1,0.9150972748403154,3,2.7452918245209466,0,0.0,6,5.490583649041893,2.2078424,2.0203904568916187,1,0.9150972748403154,3,2.7452918245209466,0,0.0,6,5.490583649041893,11.735725507736205,10.73933043040338,8.0,7.3207781987225236,15.0,13.726459122604732,4.0,3.6603890993612618,21.0,19.21704277164663,4.0,15.0,False,False,False
2021-08-28,1.7346135,1.5873401935095899,0,0.0,3,2.7452918245209466,0,0.0,5,4.575486374201577,2.442895,2.2354864995577373,1,0.9150972748403154,4,3.6603890993612618,0,0.0,7,6.405680923882208,12.945287143230438,11.846196986795547,9.0,8.235875473562839,17.0,15.556653672285362,5.0,4.575486374201577,23.0,21.04723732132726,3.0,18.0,False,False,False
2021-08-29,1.380322,1.2631288882403169,0,0.0,2,1.8301945496806309,0,0.0,4,3.6603890993612618,2.7061691,2.476408008078579,1,0.9150972748403154,4,3.6603890993612618,0,0.0,7,6.405680923882208,14.296417524814606,13.082612716937176,10.0,9.150972748403154,18.0,16.471750947125678,6.0,5.490583649041893,25.0,22.87743187100789,0.0,17.0,False,False,False
2021-08-30,1.7195219,1.5735296983621083,1,0.9150972748403154,3,2.7452918245209466,0,0.0,5,4.575486374201577,3.001372,2.7465473976917565,1,0.9150972748403154,4,3.6603890993612618,0,0.0,8,7.3207781987225236,15.807281860351562,14.465200553040466,11.0,10.066070023243471,20.0,18.301945496806308,7.0,6.405680923882208,29.0,26.53782097036915,2.0,18.0,False,False,False
2021-08-31,5.663407,5.182568202144466,3,2.7452918245209466,8,7.3207781987225236,1,0.9150972748403154,14,12.811361847764417,3.3327365,3.0497780244331807,1,0.9150972748403154,5,4.575486374201577,0,0.0,8,7.3207781987225236,17.498570979118348,16.012894616591034,13.0,11.896264572924103,22.0,20.132140046486942,8.0,7.3207781987225236,30.0,27.452918245209464,5.0,22.0,False,False,False
2021-09-01,5.4605265,4.9969130486715585,2,1.8301945496806309,8,7.3207781987225236,0,0.0,13,11.896264572924103,3.7051075,3.3905336749739945,2,1.8301945496806309,5,4.575486374201577,0,0.0,10,9.150972748403154,19.393879945755003,17.74728668694065,15.0,13.726459122604732,23.0,21.04723732132726,9.0,8.235875473562839,33.0,30.19821006973041,8.0,23.0,False,False,False
2021-09-02,5.8130727,5.319526826497167,3,2.7452918245209466,8,7.3207781987225236,1,0.9150972748403154,15,13.726459122604732,4.1240206,3.7738798710051924,2,1.8301945496806309,6,5.490583649041893,0,0.0,11,10.066070023243471,21.52014339351654,19.693024573579805,16.0,14.641556397445047,26.0,23.792529145848206,11.0,10.066070023243471,36.0,32.943501894251355,4.0,26.0,False,False,False
2021-09-03,5.0048656,4.579938831739128,2,1.8301945496806309,7,6.405680923882208,0,0.0,13,11.896264572924103,4.595843,4.2056431993842125,2,1.8301945496806309,6,5.490583649041893,0,0.0,12,10.981167298083786,23.90814428329468,21.87827768013203,18.0,16.471750947125678,29.0,26.53782097036915,12.0,10.981167298083786,41.0,37.51898826845294,7.0,29.0,False,False,False
2021-09-04,3.7298245,3.4131524444092065,1,0.9150972748403154,5,4.575486374201577,0,0.0,9,8.235875473562839,5.1278486,4.692480433732271,2,1.8301945496806309,7,6.405680923882208,0,0.0,12,10.981167298083786,26.593102972984315,24.33527606012584,20.0,18.301945496806308,32.0,29.283112794890094,13.0,11.896264572924103,44.0,40.264280092973884,5.0,31.0,False,False,False
2021-09-05,3.0018733,2.7470059649203904,1,0.9150972748403154,4,3.6603890993612618,0,0.0,8,7.3207781987225236,5.7284284,5.242069164523855,2,1.8301945496806309,8,7.3207781987225236,1,0.9150972748403154,14,12.811361847764417,29.61536254501343,27.10093755834974,22.0,20.132140046486942,35.0,32.02840461941104,14.0,12.811361847764417,49.0,44.83976646717546,1.0,32.0,False,False,False
2021-09-06,3.74947,3.431129880482331,1,0.9150972748403154,5,4.575486374201577,0,0.0,10,9.150972748403154,6.4072003,5.863211481482722,3,2.7452918245209466,9,8.235875473562839,1,0.9150972748403154,16,14.641556397445047,33.02118977069855,30.217600771151147,24.0,21.962334596167572,39.0,35.6887937187723,16.0,14.641556397445047,57.0,52.16054466589799,2.0,32.0,False,False,False
2021-09-07,12.431948,11.376441398169845,6,5.490583649041893,16,14.641556397445047,2,1.8301945496806309,30,27.452918245209464,7.175248,6.566049705725163,3,2.7452918245209466,9,8.235875473562839,1,0.9150972748403154,19,17.386848221965995,36.86370422935486,33.733875280802046,26.0,23.792529145848206,44.0,40.264280092973884,18.0,16.471750947125678,65.0,59.48132286462051,9.0,36.0,False,False,False
2021-09-08,11.843539,10.837990703294054,6,5.490583649041893,17,15.556653672285362,2,1.8301945496806309,33,30.19821006973041,8.04536,7.362286851275712,3,2.7452918245209466,11,10.066070023243471,1,0.9150972748403154,20,18.301945496806308,41.20396380996704,37.70563499511982,28.0,25.622723695528833,50.0,45.75486374201578,19.0,17.386848221965995,75.0,68.63229561302367,9.0,37.0,True,False,False
2021-09-09,12.75891,11.675644054776058,5,4.575486374201577,17,15.556653672285362,2,1.8301945496806309,34,31.113307344570725,9.032297,8.26543036964722,4,3.6603890993612618,12,10.981167298083786,1,0.9150972748403154,23,21.04723732132726,46.11224057006836,42.197185682450595,31.0,28.36801552004978,56.0,51.24544739105767,19.0,17.386848221965995,83.0,75.9530738117462,6.0,39.0,True,False,False
2021-09-10,11.248622,10.29358318191953,4,3.6603890993612618,14,12.811361847764417,1,0.9150972748403154,27,24.70762642068852,10.153107,9.291079913964495,4,3.6603890993612618,14,12.811361847764417,1,0.9150972748403154,27,24.70762642068852,51.66949804496765,47.28261685331691,34.0,31.113307344570725,63.0,57.65112831493988,21.0,19.21704277164663,98.0,89.67953293435092,0.0,32.0,True,False,False
2021-09-11,8.593163,7.863579958211631,3,2.7452918245209466,12,10.981167298083786,1,0.9150972748403154,22,20.132140046486942,11.4275055,10.457279131514952,5,4.575486374201577,15,13.726459122604732,1,0.9150972748403154,29,26.53782097036915,57.96914145660401,53.04740337177109,38.0,34.77369644393199,70.0,64.05680923882208,23.0,21.04723732132726,113.0,103.40599205695565,3.0,30.0,True,False,False
2021-09-12,7.015124,6.419520650524646,3,2.7452918245209466,9,8.235875473562839,0,0.0,19,17.386848221965995,12.878341,11.784934758907184,5,4.575486374201577,17,15.556653672285362,2,1.8301945496806309,35,32.02840461941104,65.11904928207397,59.5902645382181,42.0,38.43408554329326,79.0,72.29268471238493,25.0,22.87743187100789,129.0,118.0475484544007,1.0,30.0,True,False,False
2021-09-13,8.842264,8.09153207228519,3,2.7452918245209466,11,10.066070023243471,1,0.9150972748403154,24,21.962334596167572,14.532127,13.29830993199721,5,4.575486374201577,18,16.471750947125678,2,1.8301945496806309,41,37.51898826845294,73.24397521781921,67.02536212029797,45.0,41.1793773678142,87.0,79.61346291110745,26.0,23.792529145848206,152.0,139.09478577572796,,,False,False,True
2021-09-14,29.82554,27.293269522488117,11,10.066070023243471,37,33.858599169091676,4,3.6603890993612618,80,73.20778198722523,16.41964,15.025566972326487,7,6.405680923882208,21,19.21704277164663,2,1.8301945496806309,43,39.34918281813357,82.4883694896698,75.48488212601787,50.0,45.75486374201578,98.0,89.67953293435092,27.0,24.70762642068852,182.0,166.54770402093743,,,False,False,True
2021-09-15,28.65899,26.22576430439949,11,10.066070023243471,37,33.858599169091676,4,3.6603890993612618,77,70.4624901627043,18.576683,16.99947169981897,7,6.405680923882208,23,21.04723732132726,2,1.8301945496806309,53,48.50015556653672,93.01968014717102,85.122055809194,55.0,50.33035011621736,109.0,99.7456029575944,29.0,26.53782097036915,208.0,190.34023316678565,,,False,False,True
2021-09-16,30.25064,27.682280051521957,12,10.981167298083786,37,33.858599169091676,4,3.6603890993612618,79,72.29268471238493,21.044903,19.2581326700747,8,7.3207781987225236,27,24.70762642068852,2,1.8301945496806309,60,54.90583649041893,105.032276471138,96.11474996901299,61.0,55.82093376525925,122.0,111.6418675305185,31.0,28.36801552004978,245.0,224.1988323358773,,,False,False,True
2021-09-17,26.180895,23.95806513959542,9,8.235875473562839,32,29.283112794890094,3,2.7452918245209466,73,66.80210106334303,23.872856,21.845985611435026,9,8.235875473562839,29,26.53782097036915,3,2.7452918245209466,65,59.48132286462051,118.75203962707519,108.66966784446566,65.0,59.48132286462051,137.0,125.36832665312322,34.0,31.113307344570725,291.0,266.2933069785318,,,False,False,True
