,Raw Prediction Mean,Raw Prediction Mean 100k,Raw Prediction Q25,Raw Prediction Q25 100k,Raw Prediction Q75,Raw Prediction Q75 100k,Raw Prediction Q5,Raw Prediction Q5 100k,Raw Prediction Q95,Raw Prediction Q95 100k,Trend Prediction Mean,Trend Prediction Mean 100k,Trend Prediction Q25,Trend Prediction Q25 100k,Trend Prediction Q75,Trend Prediction Q75 100k,Trend Prediction Q5,Trend Prediction Q5 100k,Trend Prediction Q95,Trend Prediction Q95 100k,Trend 7Day Prediction Mean,Trend 7Day Prediction Mean 100k,Trend 7Day Prediction Q25,Trend 7Day Prediction Q25 100k,Trend 7Day Prediction Q75,Trend 7Day Prediction Q75 100k,Trend 7Day Prediction Q5,Trend 7Day Prediction Q5 100k,Trend 7Day Prediction Q95,Trend 7Day Prediction Q95 100k,RKI Meldedaten,RKI 7Day Incidence,is_nowcast,is_high,is_prediction
2020-04-17,57.64154,9.893437527352944,25,4.290932059098149,75,12.872796177294447,8,1.3730982589114076,152,26.08886691931675,39.112286,6.713126640534028,17,2.9178338001867417,49,8.410226835832372,5,0.8581864118196298,97,16.64881638930082,,,,,,,,,,,1.0,,False,False,False
2020-04-18,41.200485,7.0715395850129426,17,2.9178338001867417,52,8.925138682924151,5,0.8581864118196298,105,18.021914648212228,34.01067,5.837498974869959,15,2.5745592354588895,43,7.380403141648816,5,0.8581864118196298,83,14.245894436205855,,,,,,,,,,,2.0,,False,False,False
2020-04-19,24.880533,4.27042723458726,11,1.8880101060031855,33,5.664030318009557,4,0.6865491294557038,61,10.469874224199485,29.602581,5.080906703369692,13,2.231284670731038,41,7.037128576920964,4,0.6865491294557038,73,12.529521612566596,,,,,,,,,,,0.0,,False,False,False
2020-04-20,28.71286,4.928197449771687,14,2.4029219530949635,39,6.693854012193112,4,0.6865491294557038,71,12.186247047838743,25.790312,4.426579107530415,12,2.0596473883671114,35,6.007304882737409,4,0.6865491294557038,63,10.813148788927336,,,,,,,,,,,172.0,,False,True,False
2020-04-21,10.899029,1.870679625426419,4,0.6865491294557038,15,2.5745592354588895,1,0.17163728236392595,31,5.320755753281705,22.490385,3.860188735416159,10,1.7163728236392597,30,5.149118470917779,3,0.5149118470917778,57,9.783325094743779,,,,,,,,,,,11.0,,False,False,False
2020-04-22,14.019197,2.4062170268734917,5,0.8581864118196298,19,3.2611083649145938,1,0.17163728236392595,42,7.208765859284891,19.63138,3.369476689840667,8,1.3730982589114076,26,4.462569341462076,3,0.5149118470917778,48,8.238589553468445,,,,,,,,,,,12.0,,False,False,False
2020-04-23,12.422185,2.1321100575733,4,0.6865491294557038,16,2.746196517822815,1,0.17163728236392595,36,6.178942165101334,17.15218,2.9439535865094513,7,1.2014609765474817,23,3.947657494370297,2,0.3432745647278519,40,6.865491294557039,187.7897461013794,32.23172167665242,130.0,22.312846707310374,219.0,37.588564837699785,92.0,15.790629977481188,335.0,57.498489591915195,8.0,206.0,False,False,False
2020-04-24,10.476064,1.7980830307351425,4,0.6865491294557038,14,2.4029219530949635,1,0.17163728236392595,29,4.977481188553853,15.000401,2.5746279789018445,7,1.2014609765474817,20,3.4327456472785194,2,0.3432745647278519,36,6.178942165101334,163.67786387252806,28.093223738213332,116.0,19.90992475421541,193.0,33.125995496237714,80.0,13.730982589114078,279.0,47.88680177953534,8.0,213.0,False,False,False
2020-04-25,8.308243,1.4260042007663287,4,0.6865491294557038,12,2.0596473883671114,1,0.17163728236392595,20,3.4327456472785194,13.131134,2.2537920813192613,6,1.0298236941835557,19,3.2611083649145938,2,0.3432745647278519,32,5.49239303564563,142.79833205413817,24.50951763987377,104.0,17.850277365848303,170.0,29.178338001867413,71.0,12.186247047838743,233.0,39.99148679079475,3.0,214.0,False,False,False
2020-04-26,7.317024,1.2558741218526848,3,0.5149118470917778,10,1.7163728236392597,1,0.17163728236392595,17,2.9178338001867417,11.505833,1.974829865503125,5,0.8581864118196298,16,2.746196517822815,1,0.17163728236392595,29,4.977481188553853,124.70159913635254,21.403443582199248,91.0,15.618992695117264,149.0,25.57395507222497,65.0,11.156423353655187,209.0,35.87219201406052,0.0,214.0,False,False,False
2020-04-27,8.735036,1.499257814430166,3,0.5149118470917778,11,1.8880101060031855,1,0.17163728236392595,22,3.776020212006371,10.091417,1.7320633560302667,4,0.6865491294557038,15,2.5745592354588895,1,0.17163728236392595,27,4.634206623826001,109.00270238113403,18.708927607021685,81.0,13.902619871478002,130.0,22.312846707310374,57.0,9.783325094743779,178.0,30.55143626077882,6.0,48.0,False,False,False
2020-04-28,11.511508,1.9758039343287237,5,0.8581864118196298,16,2.746196517822815,1,0.17163728236392595,29,4.977481188553853,8.8593855,1.5206008356472012,4,0.6865491294557038,12,2.0596473883671114,1,0.17163728236392595,23,3.947657494370297,95.37171520996094,16.369342013023996,72.0,12.357884330202667,114.0,19.566650189487557,50.0,8.581864118196298,156.0,26.77541604877245,0.0,37.0,False,False,False
2020-04-29,14.651989,2.5148276108666323,6,1.0298236941835557,20,3.4327456472785194,2,0.3432745647278519,36,6.178942165101334,7.785302,1.3362480785872322,3,0.5149118470917778,11,1.8880101060031855,1,0.17163728236392595,20,3.4327456472785194,83.52564138793946,14.336114095529785,63.0,10.813148788927336,100.0,17.163728236392597,43.0,7.380403141648816,139.0,23.857582248585707,10.0,35.0,False,False,False
2020-04-30,10.7330265,1.8421875211060978,4,0.6865491294557038,14,2.4029219530949635,1,0.17163728236392595,27,4.634206623826001,6.848077,1.1753852959373035,3,0.5149118470917778,9,1.5447355412753334,0,0.0,17,2.9178338001867417,73.22153781127929,12.567545760435426,55.0,9.440050530015927,87.0,14.93244356566156,38.0,6.5222167298291875,123.0,21.111385730762894,1.0,28.0,False,False,False
2020-05-01,8.768627,1.5050233741931152,4,0.6865491294557038,12,2.0596473883671114,1,0.17163728236392595,23,3.947657494370297,6.029528,1.0348918294766918,2,0.3432745647278519,8,1.3730982589114076,0,0.0,16,2.746196517822815,64.25066604995727,11.027809710886828,48.0,8.238589553468445,78.0,13.387708024386225,33.0,5.664030318009557,109.0,18.70846377766793,0.0,20.0,False,False,False
2020-05-02,4.1867514,0.7186026323324768,2,0.3432745647278519,6,1.0298236941835557,0,0.0,13,2.231284670731038,5.3139973,0.912080031412188,2,0.3432745647278519,7,1.2014609765474817,0,0.0,13,2.231284670731038,56.433533485412596,9.686098321629833,42.0,7.208765859284891,69.0,11.842972483110891,29.0,4.977481188553853,97.0,16.64881638930082,0.0,17.0,False,False,False
2020-05-03,3.3590226,0.5765335117757786,1,0.17163728236392595,5,0.8581864118196298,0,0.0,9,1.5447355412753334,4.687966,0.8046296898100991,2,0.3432745647278519,7,1.2014609765474817,0,0.0,13,2.231284670731038,49.61566339683533,8.515897628116132,36.0,6.178942165101334,61.0,10.469874224199485,24.0,4.119294776734223,84.0,14.417531718569782,0.0,17.0,False,False,False
2020-05-04,3.702312,0.635454762232257,1,0.17163728236392595,5,0.8581864118196298,0,0.0,11,1.8880101060031855,4.1397443,0.710534459358314,2,0.3432745647278519,6,1.0298236941835557,0,0.0,12,2.0596473883671114,43.66400164604187,7.4943705796606155,32.0,5.49239303564563,53.0,9.096775965288076,21.0,3.6043829296424454,75.0,12.872796177294447,17.0,28.0,False,True,False
2020-05-05,4.4733014,0.7677853318455163,2,0.3432745647278519,6,1.0298236941835557,0,0.0,12,2.0596473883671114,3.659239,0.6280618435994256,1,0.17163728236392595,5,0.8581864118196298,0,0.0,11,1.8880101060031855,38.46384953689575,6.601830603767739,28.0,4.805843906189927,47.0,8.06695227110452,18.0,3.089471082550667,66.0,11.328060636019114,6.0,34.0,False,False,False
2020-05-06,5.810745,0.9973404303309508,2,0.3432745647278519,8,1.3730982589114076,0,0.0,16,2.746196517822815,3.2377048,0.5557108579523629,1,0.17163728236392595,4,0.6865491294557038,0,0.0,9,1.5447355412753334,33.916249376296996,5.8212928709248155,24.0,4.119294776734223,41.0,7.037128576920964,15.0,2.5745592354588895,60.0,10.298236941835558,7.0,31.0,False,False,False
2020-05-07,4.5165396,0.7752065357635729,2,0.3432745647278519,6,1.0298236941835557,0,0.0,13,2.231284670731038,2.8675811,0.4921838353766361,1,0.17163728236392595,4,0.6865491294557038,0,0.0,9,1.5447355412753334,29.93575522899628,5.138091673016607,21.0,3.6043829296424454,37.0,6.350579447465261,13.0,2.231284670731038,53.0,9.096775965288076,5.0,35.0,False,False,False
2020-05-08,3.4141545,0.5859962129761698,1,0.17163728236392595,5,0.8581864118196298,0,0.0,10,1.7163728236392597,2.5423002,0.436353502664133,1,0.17163728236392595,4,0.6865491294557038,0,0.0,8,1.3730982589114076,26.448529298782347,4.539553691365675,18.0,3.089471082550667,32.0,5.49239303564563,11.0,1.8880101060031855,50.0,8.581864118196298,9.0,44.0,True,True,False
2020-05-09,1.7377678,0.2982657406391809,0,0.0,3,0.5149118470917778,0,0.0,5,0.8581864118196298,2.2561774,0.3872441538987914,0,0.0,3,0.5149118470917778,0,0.0,7,1.2014609765474817,23.390709073543547,4.014717737948239,16.0,2.746196517822815,29.0,4.977481188553853,9.0,1.5447355412753334,47.0,8.06695227110452,0.0,44.0,True,False,False
2020-05-10,1.2548337,0.2153762352463673,0,0.0,2,0.3432745647278519,0,0.0,4,0.6865491294557038,2.0042734,0.3440080490690889,0,0.0,3,0.5149118470917778,0,0.0,6,1.0298236941835557,20.707018116474153,3.5540963153722043,13.0,2.231284670731038,26.0,4.462569341462076,7.0,1.2014609765474817,42.0,7.208765859284891,0.0,44.0,True,False,False
2020-05-11,1.563982,0.26843761133932276,0,0.0,2,0.3432745647278519,0,0.0,5,0.8581864118196298,1.7822969,0.3059085884160595,0,0.0,3,0.5149118470917778,0,0.0,6,1.0298236941835557,18.34957001399994,3.149470329749537,11.0,1.8880101060031855,23.0,3.947657494370297,6.0,1.0298236941835557,38.0,6.5222167298291875,3.0,30.0,True,False,False
2020-05-12,2.008836,0.3447911467446829,0,0.0,3,0.5149118470917778,0,0.0,6,1.0298236941835557,1.5865177,0.2723055786191253,0,0.0,2,0.3432745647278519,0,0.0,5,0.8581864118196298,16.27684835410118,2.7937140169476677,10.0,1.7163728236392597,21.0,3.6043829296424454,5.0,0.8581864118196298,37.0,6.350579447465261,3.0,27.0,True,False,False
2020-05-13,2.569195,0.4409696430229815,1,0.17163728236392595,3,0.5149118470917778,0,0.0,8,1.3730982589114076,1.4136871,0.2426414084766293,0,0.0,2,0.3432745647278519,0,0.0,4,0.6865491294557038,14.452830221652984,2.480644501711736,8.0,1.3730982589114076,19.0,3.2611083649145938,4.0,0.6865491294557038,34.0,5.835667600373483,,,False,False,True
2020-05-14,2.02478,0.347527748090215,0,0.0,3,0.5149118470917778,0,0.0,7,1.2014609765474817,1.2609822,0.21643154468620196,0,0.0,2,0.3432745647278519,0,0.0,4,0.6865491294557038,12.846232718944549,2.20489247249419,7.0,1.2014609765474817,17.0,2.9178338001867417,3.0,0.5149118470917778,30.0,5.149118470917779,,,False,False,True
2020-05-15,1.5410662,0.26450441055203555,0,0.0,2,0.3432745647278519,0,0.0,6,1.0298236941835557,1.1259354,0.19325250377733028,0,0.0,2,0.3432745647278519,0,0.0,4,0.6865491294557038,11.429868459701538,1.9617915602003244,6.0,1.0298236941835557,15.0,2.5745592354588895,3.0,0.5149118470917778,27.0,4.634206623826001,,,False,False,True
2020-05-16,0.80901873,0.13885777434552438,0,0.0,1,0.17163728236392595,0,0.0,3,0.5149118470917778,1.0063981,0.17273542880502646,0,0.0,2,0.3432745647278519,0,0.0,4,0.6865491294557038,10.180090488433837,1.7472830656536353,5.0,0.8581864118196298,13.0,2.231284670731038,2.0,0.3432745647278519,24.0,4.119294776734223,,,False,False,True
2020-05-17,0.6557302,0.1125477524510643,0,0.0,1,0.17163728236392595,0,0.0,3,0.5149118470917778,0.90049535,0.15455857464985456,0,0.0,1,0.17163728236392595,0,0.0,3,0.5149118470917778,9.076313160896301,1.557833724820176,5.0,0.8581864118196298,12.0,2.0596473883671114,2.0,0.3432745647278519,22.0,3.776020212006371,,,False,False,True
