,Raw Prediction Mean,Raw Prediction Mean 100k,Raw Prediction Q25,Raw Prediction Q25 100k,Raw Prediction Q75,Raw Prediction Q75 100k,Raw Prediction Q5,Raw Prediction Q5 100k,Raw Prediction Q95,Raw Prediction Q95 100k,Trend Prediction Mean,Trend Prediction Mean 100k,Trend Prediction Q25,Trend Prediction Q25 100k,Trend Prediction Q75,Trend Prediction Q75 100k,Trend Prediction Q5,Trend Prediction Q5 100k,Trend Prediction Q95,Trend Prediction Q95 100k,Trend 7Week Prediction Mean,Trend 7Week Prediction Mean 100k,Trend 7Week Prediction Q25,Trend 7Week Prediction Q25 100k,Trend 7Week Prediction Q75,Trend 7Week Prediction Q75 100k,Trend 7Week Prediction Q5,Trend 7Week Prediction Q5 100k,Trend 7Week Prediction Q95,Trend 7Week Prediction Q95 100k,RKI Meldedaten,RKI 7Day Incidence,is_nowcast,is_high,is_prediction
2020-04-17,14.701209,6.641132495133206,6,2.7104433381820154,20,9.034811127273384,2,0.9034811127273383,37,16.71440058545576,12.32423,5.567354673985392,5,2.258702781818346,17,7.6795894581823765,1,0.45174055636366917,34,15.359178916364753,,,,,,,,,,,45.0,,False,True,False
2020-04-18,7.652889,3.4571203286759555,3,1.3552216690910077,10,4.517405563636692,1,0.45174055636366917,19,8.583070570909715,10.60188,4.789299055119045,5,2.258702781818346,14,6.32436778909137,1,0.45174055636366917,27,12.196995021819069,,,,,,,,,,,11.0,,False,False,False
2020-04-19,5.5959096,2.5278992325183935,2,0.9034811127273383,8,3.6139244509093533,0,0.0,15,6.776108345455038,9.130011,4.124396218685433,4,1.8069622254546767,12,5.420886676364031,1,0.45174055636366917,25,11.29351390909173,,,,,,,,,,,4.0,,False,False,False
2020-04-20,6.1748805,2.789443897199817,2,0.9034811127273383,9,4.065665007273023,0,0.0,17,7.6795894581823765,7.8708982,3.5556040529627353,3,1.3552216690910077,10,4.517405563636692,1,0.45174055636366917,21,9.486551683637053,,,,,,,,,,,0.0,,False,False,False
2020-04-21,7.9275823,3.581210330594331,3,1.3552216690910077,11,4.969146120000361,1,0.45174055636366917,21,9.486551683637053,6.7926745,3.0685267120134085,3,1.3552216690910077,9,4.065665007273023,0,0.0,18,8.131330014546046,,,,,,,,,,,3.0,,False,False,False
2020-04-22,9.385753,4.23992496507708,4,1.8069622254546767,13,5.8726272327277,1,0.45174055636366917,24,10.841773352728062,5.8684096,2.650998612807598,2,0.9034811127273383,8,3.6139244509093533,0,0.0,15,6.776108345455038,,,,,,,,,,,1.0,,False,False,False
2020-04-23,6.991703,3.158435720251873,3,1.3552216690910077,10,4.517405563636692,0,0.0,18,8.131330014546046,5.075298,2.2927179088583216,2,0.9034811127273383,7,3.162183894545685,0,0.0,13,5.8726272327277,,,,,,,,,,,3.0,67.0,False,False,False
2020-04-24,5.301806,2.3950407921802253,2,0.9034811127273383,7,3.162183894545685,0,0.0,14,6.32436778909137,4.3940344,1.9849634554702789,1,0.45174055636366917,6,2.7104433381820154,0,0.0,12,5.420886676364031,57.153,25.81832801785279,40.0,18.06962225454677,69.0,31.170098389093177,27.0,12.196995021819069,104.0,46.9810178618216,2.0,24.0,False,False,False
2020-04-25,2.687044,1.2138467354816385,1,0.45174055636366917,4,1.8069622254546767,0,0.0,8,3.6139244509093533,3.8082535,1.7203425159095787,1,0.45174055636366917,5,2.258702781818346,0,0.0,11,4.969146120000361,49.242,22.2446084764598,35.0,15.810919472728424,59.0,26.652692825456484,23.0,10.390032796364391,87.0,39.30142840363922,3.0,16.0,False,False,False
2020-04-26,2.1046329,0.9507480172032956,1,0.45174055636366917,3,1.3552216690910077,0,0.0,6,2.7104433381820154,3.304047,1.4925721188774332,1,0.45174055636366917,5,2.258702781818346,0,0.0,9,4.065665007273023,42.43,19.167351806510485,30.0,13.552216690910075,51.0,23.03876837454713,20.0,9.034811127273384,73.0,32.97706061454785,0.0,12.0,False,False,False
2020-04-27,2.3018448,1.039836661220761,1,0.45174055636366917,3,1.3552216690910077,0,0.0,7,3.162183894545685,2.8696196,1.296323534916155,1,0.45174055636366917,4,1.8069622254546767,0,0.0,8,3.6139244509093533,36.615,16.540480471255748,26.0,11.7452544654554,45.0,20.328325036365115,17.0,7.6795894581823765,63.0,28.459655050911163,4.0,16.0,False,False,False
2020-04-28,3.0466774,1.3763076822215226,1,0.45174055636366917,4,1.8069622254546767,0,0.0,9,4.065665007273023,2.494933,1.127062387240585,1,0.45174055636366917,4,1.8069622254546767,0,0.0,7,3.162183894545685,31.612,14.28042246776831,22.0,9.938292240000722,39.0,17.617881698183098,14.0,6.32436778909137,56.0,25.29747115636548,1.0,14.0,False,False,False
2020-04-29,3.5222142,1.5911269656498916,1,0.45174055636366917,5,2.258702781818346,0,0.0,10,4.517405563636692,2.1714404,0.9809276889427565,0,0.0,3,1.3552216690910077,0,0.0,7,3.162183894545685,27.308,12.33613111317908,19.0,8.583070570909715,34.0,15.359178916364753,12.0,5.420886676364031,47.0,21.231806149092453,1.0,14.0,False,False,False
2020-04-30,2.650234,1.1972181710007135,1,0.45174055636366917,4,1.8069622254546767,0,0.0,8,3.6139244509093533,1.8918676,0.854633344715694,0,0.0,3,1.3552216690910077,0,0.0,5,2.258702781818346,23.602,10.66198061129532,16.0,7.227848901818707,29.0,13.100476134546406,10.0,4.517405563636692,42.0,18.973103367274106,2.0,13.0,False,False,False
2020-05-01,1.9494772,0.8806578989606351,0,0.0,3,1.3552216690910077,0,0.0,6,2.7104433381820154,1.6500065,0.7453748821717454,0,0.0,3,1.3552216690910077,0,0.0,5,2.258702781818346,20.428,9.228156085397035,14.0,6.32436778909137,25.0,11.29351390909173,9.0,4.065665007273023,36.0,16.262660029092093,2.0,13.0,False,False,False
2020-05-02,1.0156002,0.45878778109909035,0,0.0,1,0.45174055636366917,0,0.0,3,1.3552216690910077,1.4405603,0.6507595117000164,0,0.0,2,0.9034811127273383,0,0.0,4,1.8069622254546767,17.67,7.982255630946035,12.0,5.420886676364031,22.0,9.938292240000722,8.0,3.6139244509093533,33.0,14.907438360001084,0.0,10.0,False,False,False
2020-05-03,0.81051975,0.366144649888156,0,0.0,1,0.45174055636366917,0,0.0,3,1.3552216690910077,1.2590001,0.568741370443604,0,0.0,2,0.9034811127273383,0,0.0,4,1.8069622254546767,15.333,6.92653795072414,11.0,4.969146120000361,19.0,8.583070570909715,6.0,2.7104433381820154,29.0,13.100476134546406,2.0,12.0,False,False,False
2020-05-04,0.8948074,0.4042207820020849,0,0.0,2,0.9034811127273383,0,0.0,4,1.8069622254546767,1.101459,0.49757372835301794,0,0.0,2,0.9034811127273383,0,0.0,4,1.8069622254546767,13.271,5.995048923502254,9.0,4.065665007273023,17.0,7.6795894581823765,5.0,2.258702781818346,26.0,11.7452544654554,4.0,12.0,False,False,False
2020-05-05,1.1545821,0.5215715646045282,0,0.0,2,0.9034811127273383,0,0.0,4,1.8069622254546767,0.9646206,0.4357582383818226,0,0.0,1,0.45174055636366917,0,0.0,4,1.8069622254546767,11.512,5.20043728485856,8.0,3.6139244509093533,15.0,6.776108345455038,4.0,1.8069622254546767,23.0,10.390032796364391,4.0,15.0,False,False,False
2020-05-06,1.3572745,0.6131359441496897,0,0.0,2,0.9034811127273383,0,0.0,5,2.258702781818346,0.84564674,0.3820129222731339,0,0.0,1,0.45174055636366917,0,0.0,3,1.3552216690910077,9.988,4.511984676960328,6.0,2.7104433381820154,13.0,5.8726272327277,3.0,1.3552216690910077,20.0,9.034811127273384,0.0,14.0,False,False,False
2020-05-07,1.0354152,0.4677390279539395,0,0.0,2,0.9034811127273383,0,0.0,4,1.8069622254546767,0.74210256,0.3352378143972601,0,0.0,1,0.45174055636366917,0,0.0,3,1.3552216690910077,8.643,3.9043936286511935,5.0,2.258702781818346,12.0,5.420886676364031,3.0,1.3552216690910077,18.0,8.131330014546046,0.0,12.0,False,False,False
2020-05-08,0.77690005,0.3509572707116604,0,0.0,1,0.45174055636366917,0,0.0,3,1.3552216690910077,0.6518986,0.29448904115270125,0,0.0,1,0.45174055636366917,0,0.0,3,1.3552216690910077,7.513,3.3939267999602465,5.0,2.258702781818346,10.0,4.517405563636692,2.0,0.9034811127273383,16.0,7.227848901818707,0.0,10.0,True,False,False
2020-05-09,0.40215895,0.18167150983572355,0,0.0,1,0.45174055636366917,0,0.0,2,0.9034811127273383,0.57323915,0.258955378740211,0,0.0,1,0.45174055636366917,0,0.0,2,0.9034811127273383,6.511,2.9412827624838505,4.0,1.8069622254546767,9.0,4.065665007273023,2.0,0.9034811127273383,15.0,6.776108345455038,0.0,10.0,True,False,False
2020-05-10,0.32164422,0.1452997366868658,0,0.0,0,0.0,0,0.0,2,0.9034811127273383,0.5045787,0.22793867628934095,0,0.0,1,0.45174055636366917,0,0.0,2,0.9034811127273383,5.627,2.5419441106583665,3.0,1.3552216690910077,8.0,3.6139244509093533,1.0,0.45174055636366917,13.0,5.8726272327277,0.0,8.0,True,False,False
2020-05-11,0.3569626,0.16125447928061476,0,0.0,1,0.45174055636366917,0,0.0,2,0.9034811127273383,0.44458777,0.20083832623640774,0,0.0,1,0.45174055636366917,0,0.0,2,0.9034811127273383,4.871,2.200428250047433,3.0,1.3552216690910077,7.0,3.162183894545685,1.0,0.45174055636366917,12.0,5.420886676364031,0.0,4.0,True,False,False
2020-05-12,0.4676916,0.21127525542397052,0,0.0,1,0.45174055636366917,0,0.0,2,0.9034811127273383,0.39212093,0.17713692841425654,0,0.0,1,0.45174055636366917,0,0.0,2,0.9034811127273383,4.234,1.9126695156437754,2.0,0.9034811127273383,6.0,2.7104433381820154,1.0,0.45174055636366917,11.0,4.969146120000361,0.0,0.0,True,False,False
2020-05-13,0.5605478,0.253222196988645,0,0.0,1,0.45174055636366917,0,0.0,2,0.9034811127273383,0.34619033,0.15638821651009494,0,0.0,0,0.0,0,0.0,2,0.9034811127273383,3.651,1.6493047712837563,2.0,0.9034811127273383,6.0,2.7104433381820154,0.0,0.0,10.0,4.517405563636692,,,False,False,True
2020-05-14,0.43794352,0.1978368572963518,0,0.0,1,0.45174055636366917,0,0.0,2,0.9034811127273383,0.30594203,0.13820641697748215,0,0.0,0,0.0,0,0.0,2,0.9034811127273383,3.162,1.4284036392219222,1.0,0.45174055636366917,5.0,2.258702781818346,0.0,0.0,9.0,4.065665007273023,,,False,False,True
2020-05-15,0.33118263,0.14960862699808786,0,0.0,0,0.0,0,0.0,2,0.9034811127273383,0.27064002,0.12225907539686887,0,0.0,0,0.0,0,0.0,1,0.45174055636366917,2.706,1.222409945520089,1.0,0.45174055636366917,5.0,2.258702781818346,0.0,0.0,8.0,3.6139244509093533,,,False,False,True
2020-05-16,0.17206274,0.07772771937197831,0,0.0,0,0.0,0,0.0,1,0.45174055636366917,0.23964679,0.10825817753357114,0,0.0,0,0.0,0,0.0,1,0.45174055636366917,2.337,1.055717680221895,1.0,0.45174055636366917,4.0,1.8069622254546767,0.0,0.0,8.0,3.6139244509093533,,,False,False,True
2020-05-17,0.13814008,0.062403478295891546,0,0.0,0,0.0,0,0.0,1,0.45174055636366917,0.21241035,0.09595436267773039,0,0.0,0,0.0,0,0.0,1,0.45174055636366917,2.009,0.9075467777346115,1.0,0.45174055636366917,3.0,1.3552216690910077,0.0,0.0,7.0,3.162183894545685,,,False,False,True
