,Unnamed: 0,Raw Prediction Mean,Raw Prediction Mean 100k,Raw Prediction Q25,Raw Prediction Q25 100k,Raw Prediction Q75,Raw Prediction Q75 100k,Raw Prediction Q5,Raw Prediction Q5 100k,Raw Prediction Q95,Raw Prediction Q95 100k,Trend Prediction Mean,Trend Prediction Mean 100k,Trend Prediction Q25,Trend Prediction Q25 100k,Trend Prediction Q75,Trend Prediction Q75 100k,Trend Prediction Q5,Trend Prediction Q5 100k,Trend Prediction Q95,Trend Prediction Q95 100k,Trend 7Day Prediction Mean,Trend 7Day Prediction Mean 100k,Trend 7Day Prediction Q25,Trend 7Day Prediction Q25 100k,Trend 7Day Prediction Q75,Trend 7Day Prediction Q75 100k,Trend 7Day Prediction Q5,Trend 7Day Prediction Q5 100k,Trend 7Day Prediction Q95,Trend 7Day Prediction Q95 100k,RKI Meldedaten,RKI 7Day Incidence,is_nowcast,is_high,is_prediction
0,2020-04-05,3.94267,1.5856623576837592,1,0.4021798145951055,5,2.010899072975527,0,0.0,11,4.423977960546161,6.369288,2.5615991035010666,2,0.804359629190211,8,3.217438516760844,0,0.0,17,6.837056848116792,,,,,,,,,,,1.0,,False,False,False
1,2020-04-06,4.737227,1.905217141029425,2,0.804359629190211,7,2.815258702165738,0,0.0,13,5.228337589736372,5.624585,2.262094676552806,2,0.804359629190211,8,3.217438516760844,0,0.0,16,6.434877033521688,,,,,,,,,,,2.0,,False,False,False
2,2020-04-07,5.853106,2.3540011170553043,2,0.804359629190211,8,3.217438516760844,0,0.0,16,6.434877033521688,4.976282,2.001360189751722,2,0.804359629190211,7,2.815258702165738,0,0.0,14,5.630517404331476,,,,,,,,,,,5.0,,False,False,False
3,2020-04-08,6.288819,2.5292360078310594,2,0.804359629190211,9,3.619618331355949,0,0.0,16,6.434877033521688,4.410958,1.7739981558406726,2,0.804359629190211,6,2.4130788875706326,0,0.0,12,4.826157775141265,,,,,,,,,,,7.0,,False,False,False
4,2020-04-09,5.583212,2.2454551071859896,2,0.804359629190211,7,2.815258702165738,0,0.0,14,5.630517404331476,3.9171762,1.5754092601127925,1,0.4021798145951055,6,2.4130788875706326,0,0.0,11,4.423977960546161,,,,,,,,,,,6.0,,False,False,False
5,2020-04-10,3.9547007,1.5905008694971912,1,0.4021798145951055,6,2.4130788875706326,0,0.0,11,4.423977960546161,3.4851656,1.4016632121638395,1,0.4021798145951055,5,2.010899072975527,0,0.0,10,4.021798145951054,,,,,,,,,,,1.0,,False,False,False
6,2020-04-11,2.777219,1.1169414392497856,1,0.4021798145951055,4,1.608719258380422,0,0.0,8,3.217438516760844,3.106576,1.2494021575548686,1,0.4021798145951055,4,1.608719258380422,0,0.0,9,3.619618331355949,31.890033628463744,12.825527812127229,22.0,8.847955921092321,40.0,16.087192583804217,13.0,5.228337589736372,61.0,24.53296869030144,4.0,26.0,False,False,False
7,2020-04-12,1.6100451,0.6475276222772663,0,0.0,2,0.804359629190211,0,0.0,5,2.010899072975527,2.7742636,1.1157528206240386,1,0.4021798145951055,4,1.608719258380422,0,0.0,8,3.217438516760844,28.295008090019227,11.379681107610942,20.0,8.043596291902109,35.0,14.076293510828693,12.0,4.826157775141265,54.0,21.71770998813569,5.0,30.0,False,False,False
8,2020-04-13,1.958387,0.7876236850279383,1,0.4021798145951055,3,1.2065394437853163,0,0.0,6,2.4130788875706326,2.4820852,0.9982445590139832,1,0.4021798145951055,4,1.608719258380422,0,0.0,7,2.815258702165738,25.152508749961854,10.115831305661429,18.0,7.239236662711899,32.0,12.869754067043376,11.0,4.423977960546161,47.0,18.90245128596996,5.0,33.0,False,False,False
9,2020-04-14,2.3623,0.9500693522568326,1,0.4021798145951055,3,1.2065394437853163,0,0.0,6,2.4130788875706326,2.2247846,0.8947634341893718,1,0.4021798145951055,3,1.2065394437853163,0,0.0,6,2.4130788875706326,22.40100951385498,9.009233853025387,16.0,6.434877033521688,28.0,11.261034808662952,10.0,4.021798145951054,42.0,16.89155221299443,0.0,28.0,False,False,False
10,2020-04-15,2.684356,1.0795937669172415,1,0.4021798145951055,4,1.608719258380422,0,0.0,8,3.217438516760844,1.9978253,0.8034849997784477,0,0.0,3,1.2065394437853163,0,0.0,6,2.4130788875706326,19.98787498188019,8.038719854362721,14.0,5.630517404331476,25.0,10.054495364877637,9.0,3.619618331355949,36.0,14.478473325423796,4.0,25.0,False,False,False
11,2020-04-16,2.4297762,0.9772069461178036,1,0.4021798145951055,4,1.608719258380422,0,0.0,7,2.815258702165738,1.7973093,0.7228415142890299,0,0.0,3,1.2065394437853163,0,0.0,5,2.010899072975527,17.86800918960571,7.186152623059265,13.0,5.228337589736372,22.0,8.847955921092321,8.0,3.217438516760844,32.0,12.869754067043376,3.0,22.0,False,False,False
12,2020-04-17,1.915507,0.7703782102908008,0,0.0,3,1.2065394437853163,0,0.0,5,2.010899072975527,1.6198748,0.6514809683721978,0,0.0,2,0.804359629190211,0,0.0,5,2.010899072975527,16.002717718601225,6.43597004508485,11.0,4.423977960546161,20.0,8.043596291902109,7.0,2.815258702165738,29.0,11.663214623258058,0.0,21.0,False,False,False
13,2020-04-18,1.3262093,0.5333746230462566,0,0.0,2,0.804359629190211,0,0.0,4,1.608719258380422,1.4626096,0.5882320692762733,0,0.0,2,0.804359629190211,0,0.0,5,2.010899072975527,14.358750129699708,5.774799464980075,10.0,4.021798145951054,18.0,7.239236662711899,6.0,2.4130788875706326,26.0,10.456675179472745,2.0,19.0,False,False,False
14,2020-04-19,0.7994176,0.3215096285202889,0,0.0,1,0.4021798145951055,0,0.0,3,1.2065394437853163,1.3230021,0.5320847321854671,0,0.0,2,0.804359629190211,0,0.0,5,2.010899072975527,12.90749088859558,5.191132292463384,9.0,3.619618331355949,16.0,6.434877033521688,5.0,2.010899072975527,24.0,9.65231555028253,1.0,15.0,False,False,False
15,2020-04-20,0.9605329,0.3863069650833495,0,0.0,1,0.4021798145951055,0,0.0,3,1.2065394437853163,1.1988747,0.4821632046514423,0,0.0,2,0.804359629190211,0,0.0,4,1.608719258380422,11.624279319763184,4.675050501624076,8.0,3.217438516760844,15.0,6.032697218926582,4.0,1.608719258380422,21.0,8.445776106497215,1.0,11.0,False,False,False
16,2020-04-21,1.2112854,0.4871545115747722,0,0.0,2,0.804359629190211,0,0.0,4,1.608719258380422,1.0883347,0.4377062396088149,0,0.0,2,0.804359629190211,0,0.0,4,1.608719258380422,10.48783084630966,4.217993865273647,7.0,2.815258702165738,13.0,5.228337589736372,3.0,1.2065394437853163,20.0,8.043596291902109,1.0,12.0,False,False,False
17,2020-04-22,1.3763491,0.5535398031497607,0,0.0,2,0.804359629190211,0,0.0,5,2.010899072975527,0.98974353,0.3980548626714153,0,0.0,1,0.4021798145951055,0,0.0,4,1.608719258380422,9.479749447107316,3.8125638750456736,6.0,2.4130788875706326,12.0,4.826157775141265,3.0,1.2065394437853163,18.0,7.239236662711899,0.0,8.0,False,False,False
18,2020-04-23,1.2666267,0.5094117113912944,0,0.0,2,0.804359629190211,0,0.0,5,2.010899072975527,0.90167344,0.3626348643592791,0,0.0,1,0.4021798145951055,0,0.0,3,1.2065394437853163,8.584112685918807,3.452356848486319,5.0,2.010899072975527,11.0,4.423977960546161,3.0,1.2065394437853163,18.0,7.239236662711899,0.0,5.0,False,False,False
19,2020-04-24,0.9700731,0.3901438049069838,0,0.0,1,0.4021798145951055,0,0.0,3,1.2065394437853163,0.8228811,0.3309461590106366,0,0.0,1,0.4021798145951055,0,0.0,3,1.2065394437853163,7.787119382619858,3.1318222295320064,5.0,2.010899072975527,10.0,4.021798145951054,2.0,0.804359629190211,16.0,6.434877033521688,1.0,6.0,False,False,False
20,2020-04-25,0.70441157,0.283300119008345,0,0.0,1,0.4021798145951055,0,0.0,3,1.2065394437853163,0.7522801,0.302551870845491,0,0.0,1,0.4021798145951055,0,0.0,3,1.2065394437853163,7.076790402293205,2.846142251922703,4.0,1.608719258380422,9.0,3.619618331355949,2.0,0.804359629190211,16.0,6.434877033521688,1.0,5.0,False,False,False
21,2020-04-26,0.43418938,0.1746222096699057,0,0.0,1,0.4021798145951055,0,0.0,2,0.804359629190211,0.68892646,0.2770723085632198,0,0.0,1,0.4021798145951055,0,0.0,3,1.2065394437853163,6.442713978409767,2.5911295133261345,4.0,1.608719258380422,9.0,3.619618331355949,1.0,0.4021798145951055,15.0,6.032697218926582,0.0,4.0,True,False,False
22,2020-04-27,0.5108525,0.2054545802820939,0,0.0,1,0.4021798145951055,0,0.0,2,0.804359629190211,0.6319869,0.2541723915783223,0,0.0,1,0.4021798145951055,0,0.0,3,1.2065394437853163,5.875827403068542,2.3631391755589464,3.0,1.2065394437853163,8.0,3.217438516760844,1.0,0.4021798145951055,15.0,6.032697218926582,0.0,3.0,True,False,False
23,2020-04-28,0.64613396,0.2598620312710409,0,0.0,1,0.4021798145951055,0,0.0,3,1.2065394437853163,0.58073926,0.2335616045456845,0,0.0,1,0.4021798145951055,0,0.0,2,0.804359629190211,5.368231992304325,2.1589945473684677,3.0,1.2065394437853163,7.0,2.815258702165738,1.0,0.4021798145951055,14.0,5.630517404331476,0.0,2.0,True,False,False
24,2020-04-29,0.7324034,0.2945578671642579,0,0.0,1,0.4021798145951055,0,0.0,3,1.2065394437853163,0.53454524,0.2149833107978338,0,0.0,1,0.4021798145951055,0,0.0,2,0.804359629190211,4.9130335629582405,1.975922927450076,2.0,0.804359629190211,7.0,2.815258702165738,1.0,0.4021798145951055,13.0,5.228337589736372,0.0,2.0,True,False,False
25,2020-04-30,0.6936567,0.2789747213682858,0,0.0,1,0.4021798145951055,0,0.0,3,1.2065394437853163,0.49284753,0.1982133198907831,0,0.0,1,0.4021798145951055,0,0.0,2,0.804359629190211,4.504206815123558,1.811501061804403,2.0,0.804359629190211,6.0,2.4130788875706326,0.0,0.0,12.0,4.826157775141265,4.0,6.0,True,True,False
26,2020-05-01,0.5410334,0.2175926965719554,0,0.0,1,0.4021798145951055,0,0.0,2,0.804359629190211,0.4551531,0.1830533960855973,0,0.0,1,0.4021798145951055,0,0.0,2,0.804359629190211,4.136478641331196,1.663608213047194,2.0,0.804359629190211,6.0,2.4130788875706326,0.0,0.0,12.0,4.826157775141265,,,False,False,True
27,2020-05-02,0.39498097,0.1588533677931991,0,0.0,1,0.4021798145951055,0,0.0,2,0.804359629190211,0.4210303,0.1693298941063403,0,0.0,1,0.4021798145951055,0,0.0,2,0.804359629190211,3.8052278788387777,1.5303858428035062,1.0,0.4021798145951055,5.0,2.010899072975527,0.0,0.0,11.0,4.423977960546161,,,False,False,True
28,2020-05-03,0.24650855,0.099140765996708,0,0.0,0,0.0,0,0.0,1,0.4021798145951055,0.39009714,0.1568892002978827,0,0.0,1,0.4021798145951055,0,0.0,2,0.804359629190211,3.5063992959707977,1.4102030187499437,1.0,0.4021798145951055,5.0,2.010899072975527,0.0,0.0,11.0,4.423977960546161,,,False,False,True
29,2020-05-04,0.30049562,0.1208532694363384,0,0.0,0,0.0,0,0.0,2,0.804359629190211,0.3620172,0.1455960159546521,0,0.0,0,0.0,0,0.0,2,0.804359629190211,3.236429642453789,1.3016266735521689,1.0,0.4021798145951055,4.0,1.608719258380422,0.0,0.0,10.0,4.021798145951054,,,False,False,True
30,2020-05-05,0.3849375,0.1548140858176339,0,0.0,1,0.4021798145951055,0,0.0,2,0.804359629190211,0.3364932,0.1353307652607327,0,0.0,0,0.0,0,0.0,2,0.804359629190211,2.992183575063944,1.2033958354537369,1.0,0.4021798145951055,4.0,1.608719258380422,0.0,0.0,10.0,4.021798145951054,,,False,False,True
