,Raw Prediction Mean,Raw Prediction Mean100k,Raw Prediction Q25,Raw Prediction Q75,Raw Prediction Q5,Raw Prediction Q95,Trend Prediction Mean,Trend Prediction Mean100k,Trend Prediction Q25,Trend Prediction Q75,Trend Prediction Q5,Trend Prediction Q95,Trend 7Week Prediction Mean,Trend 7Week Prediction Mean100k,Trend 7Week Prediction Q25,Trend 7Week Prediction Q75,Trend 7Week Prediction Q5,Trend 7Week Prediction Q95,RKI Meldedaten,RKI 7Day Incidence,is_nowcast,is_high,is_prediction
2020-09-26,0.046956334,0.13705877108804998,0,0,0,1,0.053192295,0.15526063634752063,0,0,0,0,,,,,,,0.0,,False,False,False
2020-09-27,0.036720715,0.10718247267504921,0,0,0,0,0.06195877,0.1808487240850809,0,0,0,1,,,,,,,0.0,,False,False,False
2020-09-28,0.059184983,0.1727524363559496,0,0,0,1,0.07244803,0.2114653625540086,0,0,0,1,,,,,,,0.0,,False,False,False
2020-09-29,0.10244882,0.2990333314301097,0,0,0,1,0.085045606,0.2482358695488074,0,0,0,1,,,,,,,0.0,,False,False,False
2020-09-30,0.14545023,0.42454826143512037,0,0,0,1,0.1002329,0.2925653689089813,0,0,0,1,,,,,,,0.0,,False,False,False
2020-10-01,0.16776213,0.4896734481008025,0,0,0,1,0.11861456,0.34621880331542343,0,0,0,1,,,,,,,0.0,,False,False,False
2020-10-02,0.20073667,0.585921407036949,0,0,0,1,0.14095345,0.4114227976970142,0,0,0,1,,,,,,,1.0,1.0,False,False,False
2020-10-03,0.1505275,0.43936806832789443,0,0,0,1,0.16821614,0.4909986728307558,0,0,0,1,0.225,0.6567425569176882,0.0,1.0,0.0,3.0,0.0,1.0,False,False,False
2020-10-04,0.11924788,0.34806737403414445,0,0,0,1,0.201635,0.5885434802621603,0,0,0,1,0.31,0.9048453006421483,0.0,1.0,0.0,3.0,0.0,1.0,False,False,False
2020-10-05,0.1920578,0.5605890237347921,0,0,0,1,0.24278727,0.7086610366968671,0,0,0,1,0.418,1.2200817279626386,0.0,1.0,0.0,3.0,0.0,1.0,False,False,False
2020-10-06,0.34652275,1.0114499673363753,0,1,0,2,0.29370686,0.8572879778512288,0,0,0,1,0.564,1.6462346760070052,0.0,2.0,0.0,4.0,1.0,2.0,False,False,False
2020-10-07,0.5186707,1.5139249626372475,0,1,0,2,0.3570278,1.0421126717119478,0,1,0,2,0.768,2.2416812609457093,0.0,2.0,0.0,4.0,0.0,2.0,False,False,False
2020-10-08,0.62631893,1.828134736570064,0,1,0,3,0.43618733,1.2731678907584865,0,1,0,2,1.022,2.983070636310566,0.0,2.0,0.0,5.0,2.0,4.0,False,False,False
2020-10-09,0.75873303,2.214632331742905,0,1,0,3,0.5356994,1.563629302836489,0,1,0,2,1.342,3.9171044950379454,1.0,3.0,0.0,5.0,0.0,3.0,False,False,False
2020-10-10,0.58018076,1.693464037089143,0,1,0,2,0.6615348,1.9309247363707982,0,1,0,3,1.746,5.096322241681261,1.0,3.0,0.0,6.0,0.0,3.0,False,False,False
2020-10-11,0.485741,1.4178079254634213,0,1,0,2,0.82165295,2.398286414972972,0,1,0,3,2.233,6.517805020431991,1.0,4.0,0.0,7.0,0.0,3.0,False,False,False
2020-10-12,0.81688064,2.3843567760195583,0,1,0,3,1.0267503,2.996936200361233,0,2,0,4,2.853,8.327495621716288,2.0,5.0,0.0,8.0,0.0,3.0,False,False,False
2020-10-13,1.4995875,4.377079676487483,0,2,0,4,1.2913285,3.769201794057153,0,2,0,5,3.64,10.624635143023935,2.0,6.0,1.0,10.0,0.0,2.0,False,False,False
2020-10-14,2.3494582,6.857729749754071,1,3,0,7,1.6352254,4.772987085743807,0,2,0,5,4.63,13.514302393461763,3.0,7.0,1.0,12.0,6.0,8.0,False,True,False
2020-10-15,2.9126883,8.501717093167827,1,4,0,8,2.0858433,6.088275767979212,0,3,0,7,5.904,17.23292469352014,4.0,9.0,2.0,14.0,4.0,10.0,False,False,False
2020-10-16,3.5848694,10.463716898811981,1,5,0,10,2.6814241,7.826690125511959,1,4,0,8,7.567,22.08698190309399,5.0,11.0,2.0,18.0,1.0,11.0,False,False,False
2020-10-17,2.9377725,8.574934327043593,1,4,0,9,3.4758942,10.145633859792724,1,5,0,11,9.704,28.324576765907764,6.0,13.0,3.0,21.0,14.0,25.0,True,True,False
2020-10-18,2.6086676,7.614324567839503,1,4,0,9,4.54616,13.269585906527936,1,6,0,14,12.511,36.517805020431986,8.0,16.0,4.0,29.0,0.0,25.0,True,False,False
2020-10-19,4.5225806,13.200761168263853,1,6,0,16,6.003099,17.522180860396475,2,7,0,19,16.243,47.41097489784004,10.0,21.0,5.0,36.0,3.0,28.0,True,False,False
2020-10-20,8.934816,26.079441886395216,2,10,0,30,8.008503,23.375665477942675,2,10,0,29,21.215,61.923525977816695,12.0,27.0,6.0,51.0,0.0,28.0,True,False,False
2020-10-21,14.408907,42.05752047710121,3,16,0,54,10.801142,31.526974635198712,2,12,0,36,27.945,81.56742556917688,14.0,34.0,7.0,75.0,0.0,22.0,True,False,False
2020-10-22,19.67339,57.42378416471183,4,20,1,74,14.737629,43.01701264921576,3,15,0,45,37.115,108.33333333333333,16.0,46.0,7.0,103.0,,,False,False,True
2020-10-23,27.074396,79.02625948190689,5,26,1,103,20.35671,59.41830459050834,4,18,1,71,49.748,145.20723876240513,19.0,58.0,8.0,133.0,,,False,False,True
2020-10-24,23.891775,69.7366485837847,4,22,1,84,28.481659,83.13385769724846,5,26,1,105,67.435,196.83304144775246,23.0,76.0,10.0,197.0,,,False,False,True
2020-10-25,22.62718,66.04547379538417,3,18,0,81,40.384586,117.87678813561797,6,34,1,147,92.428,269.7840046701693,28.0,97.0,11.0,290.0,,,False,False,True
2020-10-26,44.122974,128.78860579803586,5,32,1,154,58.0521,169.44571398198605,6,41,1,204,128.275,374.4162288382954,33.0,125.0,12.0,402.0,,,False,False,True
