,Unnamed: 0,Raw Prediction Mean,Raw Prediction Mean 100k,Raw Prediction Q25,Raw Prediction Q25 100k,Raw Prediction Q75,Raw Prediction Q75 100k,Raw Prediction Q5,Raw Prediction Q5 100k,Raw Prediction Q95,Raw Prediction Q95 100k,Trend Prediction Mean,Trend Prediction Mean 100k,Trend Prediction Q25,Trend Prediction Q25 100k,Trend Prediction Q75,Trend Prediction Q75 100k,Trend Prediction Q5,Trend Prediction Q5 100k,Trend Prediction Q95,Trend Prediction Q95 100k,Trend 7Day Prediction Mean,Trend 7Day Prediction Mean 100k,Trend 7Day Prediction Q25,Trend 7Day Prediction Q25 100k,Trend 7Day Prediction Q75,Trend 7Day Prediction Q75 100k,Trend 7Day Prediction Q5,Trend 7Day Prediction Q5 100k,Trend 7Day Prediction Q95,Trend 7Day Prediction Q95 100k,RKI Meldedaten,RKI 7Day Incidence,is_nowcast,is_high,is_prediction
0,2020-09-26,0.076431,0.0985278347798157,0,0.0,0,0.0,0,0.0,1,1.2891083237724468,0.089044034,0.1147874058915476,0,0.0,0,0.0,0,0.0,1,1.2891083237724468,,,,,,,,,,,0.0,,False,False,False
1,2020-09-27,0.062036723,0.0799720567101758,0,0.0,0,0.0,0,0.0,1,1.2891083237724468,0.10790983,0.1391074533785286,0,0.0,0,0.0,0,0.0,1,1.2891083237724468,,,,,,,,,,,0.0,,False,False,False
2,2020-09-28,0.102835245,0.1325657763118215,0,0.0,0,0.0,0,0.0,1,1.2891083237724468,0.1311099,0.16901485651033,0,0.0,0,0.0,0,0.0,1,1.2891083237724468,,,,,,,,,,,0.0,,False,False,False
3,2020-09-29,0.18701836,0.2410869228697265,0,0.0,0,0.0,0,0.0,1,1.2891083237724468,0.15971294,0.2058872723864624,0,0.0,0,0.0,0,0.0,1,1.2891083237724468,,,,,,,,,,,0.0,,False,False,False
4,2020-09-30,0.27898228,0.3596383749027154,0,0.0,0,0.0,0,0.0,1,1.2891083237724468,0.19506855,0.2514644847906311,0,0.0,0,0.0,0,0.0,1,1.2891083237724468,,,,,,,,,,,0.0,,False,False,False
5,2020-10-01,0.3330532,0.4293416623113444,0,0.0,0,0.0,0,0.0,1,1.2891083237724468,0.23888512,0.3079487896684441,0,0.0,0,0.0,0,0.0,1,1.2891083237724468,,,,,,,,,,,0.0,,False,False,False
6,2020-10-02,0.4060003,0.5233783667790703,0,0.0,1,1.2891083237724468,0,0.0,2,2.578216647544893,0.29333112,0.3781355871979031,0,0.0,0,0.0,0,0.0,1,1.2891083237724468,1.215061857804656,1.566346354794395,0.0,0.0,2.0,2.578216647544893,0.0,0.0,4.0,5.156433295089787,0.0,0.0,False,False,False
7,2020-10-03,0.31628135,0.4077209268871229,0,0.0,1,1.2891083237724468,0,0.0,1,1.2891083237724468,0.36116624,0.4655823886423604,0,0.0,1,1.2891083237724468,0,0.0,2,2.578216647544893,1.4871843861043452,1.917141771111528,0.0,0.0,2.0,2.578216647544893,0.0,0.0,4.0,5.156433295089787,0.0,0.0,False,False,False
8,2020-10-04,0.25932324,0.3342957370477961,0,0.0,0,0.0,0,0.0,2,2.578216647544893,0.4459127,0.5748297553509474,0,0.0,1,1.2891083237724468,0,0.0,2,2.578216647544893,1.825187038987875,2.3528638044008545,1.0,1.2891083237724468,3.0,3.86732497131734,0.0,0.0,5.0,6.445541618862234,0.0,0.0,False,False,False
9,2020-10-05,0.4246424,0.5474100817082217,0,0.0,1,1.2891083237724468,0,0.0,2,2.578216647544893,0.55207413,0.7116833785403287,0,0.0,1,1.2891083237724468,0,0.0,2,2.578216647544893,2.2461517523527146,2.8955329204139515,1.0,1.2891083237724468,3.0,3.86732497131734,0.0,0.0,6.0,7.73464994263468,1.0,1.0,False,False,False
10,2020-10-06,0.78893435,1.0170218047278468,0,0.0,1,1.2891083237724468,0,0.0,3,3.86732497131734,0.68543464,0.8835994776745792,0,0.0,1,1.2891083237724468,0,0.0,3,3.86732497131734,2.7718725739717485,3.5732440075435377,1.0,1.2891083237724468,4.0,5.156433295089787,0.0,0.0,7.0,9.023758266407128,1.0,2.0,False,False,False
11,2020-10-07,1.2258726,1.5802826965227723,0,0.0,2,2.578216647544893,0,0.0,4,5.156433295089787,0.8534274,1.100160352507373,0,0.0,1,1.2891083237724468,0,0.0,3,3.86732497131734,3.4302310429215432,4.421939389892802,2.0,2.578216647544893,5.0,6.445541618862234,0.0,0.0,8.0,10.312866590179574,0.0,2.0,False,False,False
12,2020-10-08,1.4928951,1.924503521877341,0,0.0,2,2.578216647544893,0,0.0,5,6.445541618862234,1.0656502,1.3737385415879544,0,0.0,2,2.578216647544893,0,0.0,4,5.156433295089787,4.256995542287827,5.487728387825437,2.0,2.578216647544893,6.0,7.73464994263468,1.0,1.2891083237724468,10.0,12.891083237724468,3.0,5.0,False,False,False
13,2020-10-09,1.8611851,2.399269214947708,0,0.0,3,3.86732497131734,0,0.0,5,6.445541618862234,1.334516,1.7203357856487855,0,0.0,2,2.578216647544893,0,0.0,4,5.156433295089787,5.298180308938027,6.8299283370992825,3.0,3.86732497131734,7.0,9.023758266407128,1.0,1.2891083237724468,12.0,15.46929988526936,9.0,14.0,False,True,False
14,2020-10-10,1.4563202,1.8773544070427304,0,0.0,2,2.578216647544893,0,0.0,4,5.156433295089787,1.6761365,2.1607214875984937,0,0.0,2,2.578216647544893,0,0.0,5,6.445541618862234,6.613150093078613,8.525066831344171,4.0,5.156433295089787,9.0,11.60197491395202,2.0,2.578216647544893,14.0,18.047516532814253,0.0,14.0,False,False,False
15,2020-10-11,1.2185953,1.5709012586739846,0,0.0,2,2.578216647544893,0,0.0,4,5.156433295089787,2.111475,2.721919918258209,1,1.2891083237724468,3,3.86732497131734,0,0.0,6,7.73464994263468,8.278712804555893,10.672157586474537,5.0,6.445541618862234,11.0,14.180191561496912,3.0,3.86732497131734,17.0,21.91484150413159,0.0,14.0,False,False,False
16,2020-10-12,2.0445547,2.635652526805643,1,1.2891083237724468,3,3.86732497131734,0,0.0,6,7.73464994263468,2.6678982,3.4392098314128816,1,1.2891083237724468,4,5.156433295089787,0,0.0,7,9.023758266407128,10.39453615283966,13.399683076379231,7.0,9.023758266407128,13.0,16.758408209041807,4.0,5.156433295089787,19.0,24.49305815167648,0.0,13.0,False,False,False
17,2020-10-13,3.8651814,4.982637619832531,1,1.2891083237724468,6,7.73464994263468,0,0.0,10,12.891083237724468,3.3812351,4.358778460300528,1,1.2891083237724468,5,6.445541618862234,0,0.0,10,12.891083237724468,13.090334096908569,16.87485864528711,9.0,11.60197491395202,16.0,20.62573318035915,5.0,6.445541618862234,24.0,30.93859977053872,1.0,13.0,False,False,False
18,2020-10-14,6.2834015,8.099985279841349,3,3.86732497131734,9,11.60197491395202,1,1.2891083237724468,18,23.20394982790404,4.298524,5.54126308998093,2,2.578216647544893,6,7.73464994263468,0,0.0,11,14.180191561496912,16.5354327249527,21.315963962915838,11.0,14.180191561496912,21.0,27.071274799221374,7.0,9.023758266407128,29.0,37.38414138940095,15.0,28.0,False,True,False
19,2020-10-15,7.63608,9.843734005698934,3,3.86732497131734,10,12.891083237724468,1,1.2891083237724468,20,25.782166475448932,5.4817643,7.066588295856491,2,2.578216647544893,7,9.023758266407128,0,0.0,15,19.3366248565867,20.951544886112213,27.00881090857929,14.0,18.047516532814253,26.0,33.516816418083614,9.0,11.60197491395202,37.0,47.697007979580526,3.0,28.0,False,False,False
20,2020-10-16,9.638825,12.425490422174336,4,5.156433295089787,14,18.047516532814253,1,1.2891083237724468,29,37.38414138940095,7.0128436,9.040314762387425,3,3.86732497131734,9,11.60197491395202,1,1.2891083237724468,17,21.91484150413159,26.62987365436554,34.3287917888512,18.0,23.20394982790404,32.0,41.2514663607183,11.0,14.180191561496912,46.0,59.29898289353255,3.0,22.0,False,False,False
21,2020-10-17,7.8175573,10.077677870867774,3,3.86732497131734,10,12.891083237724468,1,1.2891083237724468,22,28.360383122993824,9.000354,11.60243118647486,3,3.86732497131734,12,15.46929988526936,1,1.2891083237724468,26,33.516816418083614,33.95409282493591,43.77050368676719,22.0,28.360383122993824,41.0,52.85344127467031,14.0,18.047516532814253,62.0,79.92471607389169,8.0,30.0,True,False,False
22,2020-10-18,6.775702,8.734613948035985,2,2.578216647544893,9,11.60197491395202,0,0.0,20,25.782166475448932,11.588719,14.93911404395476,5,6.445541618862234,15,19.3366248565867,1,1.2891083237724468,32,41.2514663607183,43.43133538341522,55.98769595531335,28.0,36.095033065628506,53.0,68.32274115993967,17.0,21.91484150413159,84.0,108.28509919688553,2.0,32.0,True,False,False
23,2020-10-19,11.620194,14.979689149186015,4,5.156433295089787,15,19.3366248565867,1,1.2891083237724468,34,43.82968300826318,14.970624,19.29875579662621,6,7.73464994263468,20,25.782166475448932,2,2.578216647544893,44,56.72076624598765,55.734061343193055,71.84724239515431,35.0,45.118791332035634,69.0,88.94847434029882,20.0,25.782166475448932,113.0,145.66924058628646,0.0,32.0,True,False,False
24,2020-10-20,21.747128,28.03440438583493,8,10.312866590179574,28,36.095033065628506,2,2.578216647544893,66,85.08114936898147,19.404089,25.01397393643856,7,9.023758266407128,24,30.93859977053872,2,2.578216647544893,56,72.19006613125701,71.75691510391235,92.5024365486862,42.0,54.14254959844276,89.0,114.73064081574776,24.0,30.93859977053872,155.0,199.81179018472923,10.0,41.0,True,False,False
25,2020-10-21,34.579464,44.576675281859934,11,14.180191561496912,45,58.00987456976009,3,3.86732497131734,102,131.48904902478955,25.235634,32.53146423958242,8,10.312866590179574,31,39.96235803694584,3,3.86732497131734,72,92.81579931161616,92.69403171157838,119.4926478434228,52.0,67.03363283616723,113.0,145.66924058628646,29.0,37.38414138940095,215.0,277.158289611076,9.0,35.0,True,False,False
26,2020-10-22,46.474182,59.9102524574846,15,19.3366248565867,60,77.3464994263468,5,6.445541618862234,131,168.8731904141905,32.932415,42.45344898663461,11,14.180191561496912,39,50.27522462712541,3,3.86732497131734,103,132.778157348562,120.14468220901487,154.87950989263646,63.0,81.21382439766413,150.0,193.36624856586695,32.0,41.2514663607183,274.0,353.2156807136504,,,False,False,True
27,2020-10-23,60.934055,78.55059811845422,19,24.49305815167648,78,100.55044925425082,6,7.73464994263468,202,260.3998814020342,43.12621,55.59435812756419,13,16.758408209041807,52,67.03363283616723,4,5.156433295089787,123,158.56032382401094,156.2579976272583,201.43348539731383,76.0,97.97223260670592,191.0,246.21968984053728,39.0,50.27522462712541,369.0,475.6809714720328,,,False,False,True
28,2020-10-24,50.534565,65.14452979899943,15,19.3366248565867,58,74.7682827788019,5,6.445541618862234,155,199.81179018472923,56.674118,73.05907784029841,17,21.91484150413159,70,90.23758266407128,5,6.445541618862234,191,246.21968984053728,203.9317962245941,262.89017599499067,94.0,121.17618243460998,242.0,311.9642143529321,46.0,59.29898289353255,537.0,692.2511698658038,,,False,False,True
29,2020-10-25,44.503963,57.37043102271855,12,15.46929988526936,54,69.61184948371212,3,3.86732497131734,168,216.57019839377105,74.74391,96.35299793444574,20,25.782166475448932,91,117.30885746329264,6,7.73464994263468,241,310.6751060291596,267.0869924945831,344.304065196116,111.0,143.0910239387416,323.0,416.3819885785003,53.0,68.32274115993967,686.0,884.3283101078985,,,False,False,True
30,2020-10-26,79.62324,102.64298180118205,20,25.782166475448932,92,118.59796578706508,6,7.73464994263468,255,328.7226225619739,98.93061,127.53227492794394,24,30.93859977053872,117,150.82567388137625,8,10.312866590179574,354,456.3443466154461,351.0469825115204,452.5375871908015,142.0,183.05338197568744,425.0,547.8710376032898,62.0,79.92471607389169,1000.0,1289.1083237724465,,,False,False,True
