,Unnamed: 0,Raw Prediction Mean,Raw Prediction Mean 100k,Raw Prediction Q25,Raw Prediction Q25 100k,Raw Prediction Q75,Raw Prediction Q75 100k,Raw Prediction Q5,Raw Prediction Q5 100k,Raw Prediction Q95,Raw Prediction Q95 100k,Trend Prediction Mean,Trend Prediction Mean 100k,Trend Prediction Q25,Trend Prediction Q25 100k,Trend Prediction Q75,Trend Prediction Q75 100k,Trend Prediction Q5,Trend Prediction Q5 100k,Trend Prediction Q95,Trend Prediction Q95 100k,Trend 7Day Prediction Mean,Trend 7Day Prediction Mean 100k,Trend 7Day Prediction Q25,Trend 7Day Prediction Q25 100k,Trend 7Day Prediction Q75,Trend 7Day Prediction Q75 100k,Trend 7Day Prediction Q5,Trend 7Day Prediction Q5 100k,Trend 7Day Prediction Q95,Trend 7Day Prediction Q95 100k,RKI Meldedaten,RKI 7Day Incidence,is_nowcast,is_high,is_prediction
0,2020-03-25,8.765364,4.63288051832933,4,2.1141760791547526,12,6.342528237464257,1,0.5285440197886881,22,11.627968435351136,6.9636292,3.680584632093087,3,1.5856320593660642,9,4.756896178098192,1,0.5285440197886881,19,10.042336375985077,,,,,,,,,,,4.0,,False,False,False
1,2020-03-26,8.205142,4.3367788748582825,4,2.1141760791547526,11,5.813984217675569,1,0.5285440197886881,21,11.09942441556245,6.0068307,3.1748742912895977,3,1.5856320593660642,8,4.228352158309505,0,0.0,16,8.45670431661901,,,,,,,,,,,3.0,,False,False,False
2,2020-03-27,5.7545795,3.0415485525736585,2,1.0570880395773763,8,4.228352158309505,1,0.5285440197886881,16,8.45670431661901,5.1896925,2.742980905168224,2,1.0570880395773763,7,3.6998081385208166,0,0.0,13,6.871072257252945,,,,,,,,,,,4.0,,False,False,False
3,2020-03-28,3.6162357,1.9113398593617603,1,0.5285440197886881,5,2.6427200989434407,0,0.0,10,5.2854401978868815,4.4907813,2.373575625824742,2,1.0570880395773763,6,3.1712641187321284,0,0.0,12,6.342528237464257,,,,,,,,,,,0.0,,False,False,False
4,2020-03-29,2.4895368,1.3158297406334896,1,0.5285440197886881,4,2.1141760791547526,0,0.0,7,3.6998081385208166,3.8920772,2.057134042843245,2,1.0570880395773763,5,2.6427200989434407,0,0.0,10,5.2854401978868815,,,,,,,,,,,5.0,,False,False,False
5,2020-03-30,2.2697868,1.1996822649962269,1,0.5285440197886881,3,1.5856320593660642,0,0.0,6,3.1712641187321284,3.3784509,1.7856600607046855,1,0.5285440197886881,5,2.6427200989434407,0,0.0,9,4.756896178098192,,,,,,,,,,,10.0,,False,True,False
6,2020-03-31,3.6880145,1.9492779756546952,1,0.5285440197886881,5,2.6427200989434407,0,0.0,9,4.756896178098192,2.9371583,1.552417415950913,1,0.5285440197886881,4,2.1141760791547526,0,0.0,8,4.228352158309505,32.858623027801514,17.367228699835366,23.0,12.156512455139827,41.0,21.67030481133621,14.0,7.399616277041633,60.0,31.71264118732129,3.0,29.0,False,False,False
7,2020-04-01,3.4546452,1.8259321223013103,1,0.5285440197886881,5,2.6427200989434407,0,0.0,9,4.756896178098192,2.5574458,1.3517226761905476,1,0.5285440197886881,4,2.1141760791547526,0,0.0,7,3.6998081385208166,28.45243674850464,15.038365291838032,20.0,10.570880395773765,36.0,19.02758471239277,13.0,6.871072257252945,51.0,26.955745009223094,5.0,30.0,False,False,False
8,2020-04-02,3.189045,1.685550705587957,1,0.5285440197886881,5,2.6427200989434407,0,0.0,8,4.228352158309505,2.2302403,1.1787801668106113,1,0.5285440197886881,3,1.5856320593660642,0,0.0,7,3.6998081385208166,24.675845037460327,13.042270327782033,17.0,8.985248336407697,31.0,16.38486461344933,11.0,5.813984217675569,44.0,23.255936870702275,4.0,31.0,False,False,False
9,2020-04-03,2.237108,1.1824100511148572,1,0.5285440197886881,3,1.5856320593660642,0,0.0,6,3.1712641187321284,1.9478692,1.0295346328348387,1,0.5285440197886881,3,1.5856320593660642,0,0.0,6,3.1712641187321284,21.43401846218109,11.328822278226149,15.0,7.928160296830322,27.0,14.270688534294578,10.0,5.2854401978868815,38.0,20.08467275197015,1.0,28.0,False,False,False
10,2020-04-04,1.3890369,0.7341671334870625,0,0.0,2,1.0570880395773763,0,0.0,5,2.6427200989434407,1.7038321,0.9005502761283424,0,0.0,3,1.5856320593660642,0,0.0,5,2.6427200989434407,18.64707212638855,9.855798458971003,14.0,7.399616277041633,23.0,12.156512455139827,9.0,4.756896178098192,32.0,16.91340863323802,0.0,28.0,False,False,False
11,2020-04-05,0.9379916,0.4957698820362566,0,0.0,1,0.5285440197886881,0,0.0,3,1.5856320593660642,1.4926192,0.7889148946560454,0,0.0,2,1.0570880395773763,0,0.0,4,2.1141760791547526,16.24761638355255,8.587580475347412,12.0,6.342528237464257,20.0,10.570880395773765,8.0,4.228352158309505,29.0,15.327776573871956,1.0,24.0,False,False,False
12,2020-04-06,0.8641874,0.4567611085803946,0,0.0,1,0.5285440197886881,0,0.0,3,1.5856320593660642,1.3095567,0.6921583917574026,0,0.0,2,1.0570880395773763,0,0.0,4,2.1141760791547526,14.17872091770172,7.494078149304024,10.0,5.2854401978868815,17.0,8.985248336407697,6.0,3.1712641187321284,25.0,13.213600494717202,1.0,15.0,False,False,False
13,2020-04-07,1.4298239,0.7557248409284512,0,0.0,2,1.0570880395773763,0,0.0,4,2.1141760791547526,1.1506604,0.6081746505515184,0,0.0,2,1.0570880395773763,0,0.0,4,2.1141760791547526,12.392224446773527,6.549836123221332,9.0,4.756896178098192,15.0,7.928160296830322,5.0,2.6427200989434407,22.0,11.627968435351136,1.0,13.0,False,False,False
14,2020-04-08,1.3641003,0.7209870545921149,0,0.0,2,1.0570880395773763,0,0.0,4,2.1141760791547526,1.0125464,0.5351753770810319,0,0.0,2,1.0570880395773763,0,0.0,4,2.1141760791547526,10.847325598955154,5.733289076028496,8.0,4.228352158309505,14.0,7.399616277041633,4.0,2.1141760791547526,20.0,10.570880395773765,3.0,11.0,False,False,False
15,2020-04-09,1.2820427,0.6776160262234043,0,0.0,2,1.0570880395773763,0,0.0,4,2.1141760791547526,0.8923269,0.4716340299637522,0,0.0,1,0.5285440197886881,0,0.0,3,1.5856320593660642,9.50941140127182,5.026142527852588,7.0,3.6998081385208166,12.0,6.342528237464257,3.0,1.5856320593660642,18.0,9.513792356196385,1.0,8.0,False,False,False
16,2020-04-10,0.89978576,0.4755763711727923,0,0.0,1,0.5285440197886881,0,0.0,3,1.5856320593660642,0.78753436,0.4162465756962774,0,0.0,1,0.5285440197886881,0,0.0,3,1.5856320593660642,8.349077090263366,4.412854766813443,5.0,2.6427200989434407,11.0,5.813984217675569,3.0,1.5856320593660642,16.0,8.45670431661901,0.0,7.0,False,False,False
17,2020-04-11,0.5634653,0.2978162228828296,0,0.0,1,0.5285440197886881,0,0.0,2,1.0570880395773763,0.69606453,0.3679007477330742,0,0.0,1,0.5285440197886881,0,0.0,3,1.5856320593660642,7.341308693170547,3.8802048071980018,5.0,2.6427200989434407,10.0,5.2854401978868815,2.0,1.0570880395773763,15.0,7.928160296830322,0.0,7.0,False,False,False
18,2020-04-12,0.37895912,0.2002965857172967,0,0.0,1,0.5285440197886881,0,0.0,2,1.0570880395773763,0.61610985,0.3256411673646653,0,0.0,1,0.5285440197886881,0,0.0,2,1.0570880395773763,6.464797968149186,3.416930305207314,4.0,2.1141760791547526,9.0,4.756896178098192,1.0,0.5285440197886881,13.0,6.871072257252945,0.0,6.0,False,False,False
19,2020-04-13,0.35424417,0.1872336383712536,0,0.0,1,0.5285440197886881,0,0.0,1,0.5285440197886881,0.5461272,0.2886522679546033,0,0.0,1,0.5285440197886881,0,0.0,2,1.0570880395773763,5.7013684273958205,3.013424186912098,3.0,1.5856320593660642,8.0,4.228352158309505,1.0,0.5285440197886881,12.0,6.342528237464257,0.0,5.0,False,False,False
20,2020-04-14,0.5878725,0.3107164957327768,0,0.0,1,0.5285440197886881,0,0.0,2,1.0570880395773763,0.4847865,0.2562310100984177,0,0.0,1,0.5285440197886881,0,0.0,2,1.0570880395773763,5.035494332909584,2.6614804163391903,3.0,1.5856320593660642,7.0,3.6998081385208166,1.0,0.5285440197886881,11.0,5.813984217675569,1.0,5.0,False,False,False
21,2020-04-15,0.567284,0.2998345507876365,0,0.0,1,0.5285440197886881,0,0.0,2,1.0570880395773763,0.43094894,0.2277754902024753,0,0.0,1,0.5285440197886881,0,0.0,2,1.0570880395773763,4.453896810054779,2.354080523710368,2.0,1.0570880395773763,6.0,3.1712641187321284,1.0,0.5285440197886881,10.0,5.2854401978868815,0.0,2.0,True,False,False
22,2020-04-16,0.53161067,0.2809796342262416,0,0.0,1,0.5285440197886881,0,0.0,2,1.0570880395773763,0.383632,0.2027664095294312,0,0.0,1,0.5285440197886881,0,0.0,2,1.0570880395773763,3.945202729225159,2.0852133093859684,2.0,1.0570880395773763,5.0,2.6427200989434407,0.0,0.0,9.0,4.756896178098192,0.0,1.0,True,False,False
23,2020-04-17,0.3756696,0.1985579274332849,0,0.0,1,0.5285440197886881,0,0.0,2,1.0570880395773763,0.34199053,0.1807570470191422,0,0.0,1,0.5285440197886881,0,0.0,2,1.0570880395773763,3.4996589531600475,1.8497238109926837,2.0,1.0570880395773763,5.0,2.6427200989434407,0.0,0.0,9.0,4.756896178098192,0.0,1.0,True,False,False
24,2020-04-18,0.23813717,0.1258659722225275,0,0.0,0,0.0,0,0.0,1,0.5285440197886881,0.30529487,0.1613617769180564,0,0.0,0,0.0,0,0.0,1,0.5285440197886881,3.1088900375664235,1.643185237536363,1.0,0.5285440197886881,4.0,2.1141760791547526,0.0,0.0,8.0,4.228352158309505,0.0,1.0,True,False,False
25,2020-04-19,0.16494107,0.0871786198786139,0,0.0,0,0.0,0,0.0,1,0.5285440197886881,0.27291468,0.1442474172108632,0,0.0,0,0.0,0,0.0,1,0.5285440197886881,2.7656945620179174,1.4617913213166651,1.0,0.5285440197886881,4.0,2.1141760791547526,0.0,0.0,7.0,3.6998081385208166,0.0,1.0,True,False,False
26,2020-04-20,0.15644893,0.0826901441541849,0,0.0,0,0.0,0,0.0,1,0.5285440197886881,0.24430461,0.1291257376578869,0,0.0,0,0.0,0,0.0,1,0.5285440197886881,2.463872533634305,1.3022650931740152,1.0,0.5285440197886881,3.0,1.5856320593660642,0.0,0.0,6.0,3.1712641187321284,,,False,False,True
27,2020-04-21,0.26609772,0.1406443630003195,0,0.0,0,0.0,0,0.0,1,0.5285440197886881,0.21899295,0.1157474116553203,0,0.0,0,0.0,0,0.0,1,0.5285440197886881,2.1980789892971515,1.161781504816173,1.0,0.5285440197886881,3.0,1.5856320593660642,0.0,0.0,6.0,3.1712641187321284,,,False,False,True
28,2020-04-22,0.25932154,0.1370628524455241,0,0.0,0,0.0,0,0.0,1,0.5285440197886881,0.19657005,0.1038959226207225,0,0.0,0,0.0,0,0.0,1,0.5285440197886881,1.963700390636921,1.0379020981278553,1.0,0.5285440197886881,3.0,1.5856320593660642,0.0,0.0,6.0,3.1712641187321284,,,False,False,True
29,2020-04-23,0.24779937,0.1309728759224526,0,0.0,0,0.0,0,0.0,1,0.5285440197886881,0.17668109,0.093383732746588,0,0.0,0,0.0,0,0.0,1,0.5285440197886881,1.7567494612112642,0.9285194219902136,0.0,0.0,2.0,1.0570880395773763,0.0,0.0,5.0,2.6427200989434407,,,False,False,True
30,2020-04-24,0.1762731,0.0931680915527977,0,0.0,0,0.0,0,0.0,1,0.5285440197886881,0.15901694,0.0840474513097433,0,0.0,0,0.0,0,0.0,1,0.5285440197886881,1.5737756056413057,0.8318096848510327,0.0,0.0,2.0,1.0570880395773763,0.0,0.0,5.0,2.6427200989434407,,,False,False,True
