,Raw Prediction Mean,Raw Prediction Mean 100k,Raw Prediction Q25,Raw Prediction Q25 100k,Raw Prediction Q75,Raw Prediction Q75 100k,Raw Prediction Q5,Raw Prediction Q5 100k,Raw Prediction Q95,Raw Prediction Q95 100k,Trend Prediction Mean,Trend Prediction Mean 100k,Trend Prediction Q25,Trend Prediction Q25 100k,Trend Prediction Q75,Trend Prediction Q75 100k,Trend Prediction Q5,Trend Prediction Q5 100k,Trend Prediction Q95,Trend Prediction Q95 100k,Trend 7Day Prediction Mean,Trend 7Day Prediction Mean 100k,Trend 7Day Prediction Q25,Trend 7Day Prediction Q25 100k,Trend 7Day Prediction Q75,Trend 7Day Prediction Q75 100k,Trend 7Day Prediction Q5,Trend 7Day Prediction Q5 100k,Trend 7Day Prediction Q95,Trend 7Day Prediction Q95 100k,RKI Meldedaten,RKI 7Day Incidence,is_nowcast,is_high,is_prediction
2021-04-30,18.280424,13.680801203008741,9,6.735468227299601,24,17.96124860613227,4,2.9935414343553783,46,34.42572649508685,15.359181,11.494586215121672,7,5.238697510121912,20,14.96770717177689,3,2.2451560757665336,34,25.44510219202072,,,,,,,,,,,16.0,,False,False,False
2021-05-01,11.087085,8.297411841340363,6,4.490312151533067,14,10.477395020243824,2,1.4967707171776892,26,19.45801932330996,14.568295,10.902697977144271,7,5.238697510121912,19,14.219321813188046,3,2.2451560757665336,35,26.193487550609557,,,,,,,,,,,14.0,,False,False,False
2021-05-02,7.264213,5.436430728877895,4,2.9935414343553783,10,7.483853585888445,1,0.7483853585888446,18,13.470936454599203,13.826648,10.347661009291187,7,5.238697510121912,19,14.219321813188046,2,1.4967707171776892,34,25.44510219202072,,,,,,,,,,,2.0,,False,False,False
2021-05-03,8.760025,6.555874279001728,4,2.9935414343553783,12,8.980624303066135,1,0.7483853585888446,21,15.716092530365737,13.130848,9.826934547163546,7,5.238697510121912,18,13.470936454599203,3,2.2451560757665336,30,22.451560757665337,,,,,,,,,,,9.0,,False,False,False
2021-05-04,15.495241,11.596411786740646,8,5.987082868710757,21,15.716092530365737,4,2.9935414343553783,35,26.193487550609557,12.477724,9.338145900983363,6,4.490312151533067,17,12.72255109601036,3,2.2451560757665336,30,22.451560757665337,,,,,,,,,,,28.0,,False,False,False
2021-05-05,24.54812,18.37145391618833,13,9.72900966165498,33,24.69671683343187,5,3.7419267929442226,54,40.41280936379761,11.864348,8.879104279913008,6,4.490312151533067,16,11.974165737421513,2,1.4967707171776892,27,20.206404681898803,,,,,,,,,,,16.0,,False,False,False
2021-05-06,14.009486,10.484494123375043,7,5.238697510121912,18,13.470936454599203,2,1.4967707171776892,32,23.948331474843027,11.288009,8.447780419373885,6,4.490312151533067,15,11.225780378832669,2,1.4967707171776892,26,19.45801932330996,92.51508460617066,69.23693476786633,70.0,52.386975101219114,110.0,82.3223894447729,50.0,37.41926792944223,148.0,110.761033071149,12.0,97.0,False,False,False
2021-05-07,13.326552,9.973396663554013,7,5.238697510121912,17,12.72255109601036,3,2.2451560757665336,29,21.703175399076493,10.746224,8.042316767387092,5,3.7419267929442226,15,11.225780378832669,2,1.4967707171776892,25,18.709633964721114,87.90213333129883,65.7846695738685,68.0,50.89020438404144,105.0,78.58046265182868,49.0,36.67088257085338,142.0,106.27072091961593,10.0,91.0,False,False,False
2021-05-08,8.743783,6.543719064211473,4,2.9935414343553783,11,8.23223894447729,1,0.7483853585888446,21,15.716092530365737,10.236655,7.660962728550658,5,3.7419267929442226,14,10.477395020243824,2,1.4967707171776892,25,18.709633964721114,83.57049708175659,62.5429364259784,65.0,48.645048308274895,100.0,74.83853585888446,47.0,35.1741118536757,132.0,98.78686733372749,5.0,82.0,False,False,False
2021-05-09,5.876861,4.39815667050425,3,2.2451560757665336,8,5.987082868710757,1,0.7483853585888446,14,10.477395020243824,9.757159,7.302115409402177,5,3.7419267929442226,13,9.72900966165498,2,1.4967707171776892,23,17.212863247543424,79.5009973373413,59.49738240047695,62.0,46.399892232508364,95.0,71.09660906594023,46.0,34.42572649508685,124.0,92.79978446501673,1.0,81.0,False,False,False
2021-05-10,6.44814,4.825693758903071,3,2.2451560757665336,9,6.735468227299601,1,0.7483853585888446,15,11.225780378832669,9.30574,6.964279600651935,5,3.7419267929442226,13,9.72900966165498,1,0.7483853585888446,21,15.716092530365737,75.67588390350342,56.63472351165118,59.0,44.154736156741826,90.0,67.35468227299602,45.0,33.67734113649801,116.0,86.81270159630597,12.0,84.0,False,False,False
2021-05-11,10.923165,8.174737013177946,6,4.490312151533067,15,11.225780378832669,2,1.4967707171776892,25,18.709633964721114,8.880569,6.646088149864227,5,3.7419267929442226,12,8.980624303066135,1,0.7483853585888446,21,15.716092530365737,72.07872523880005,53.942662634466174,57.0,42.657965439564144,85.0,63.612755480051796,40.0,29.93541434355378,113.0,84.56754552053944,17.0,73.0,False,False,False
2021-05-12,17.23451,12.898055138066411,9,6.735468227299601,22,16.46447788895458,3,2.2451560757665336,37,27.69025826778725,8.479927,6.346253212541342,4,2.9935414343553783,12,8.980624303066135,1,0.7483853585888446,20,14.96770717177689,68.69430086898804,51.409808988847594,54.0,40.41280936379761,81.0,60.61921404569641,39.0,29.18702898496494,107.0,80.07723336900636,24.0,81.0,False,True,False
2021-05-13,10.224683,7.652003114344552,5,3.7419267929442226,13,9.72900966165498,2,1.4967707171776892,24,17.96124860613227,8.102226,6.063587352400646,4,2.9935414343553783,11,8.23223894447729,1,0.7483853585888446,19,14.219321813188046,65.50850760269165,49.02560795286044,51.0,38.167653288031076,77.0,57.62567261134103,38.0,28.43864362637609,103.0,77.083691934651,8.0,77.0,False,False,False
2021-05-14,9.344704,6.993439455982298,5,3.7419267929442226,13,9.72900966165498,2,1.4967707171776892,22,16.46447788895458,7.745988,5.796983896289021,4,2.9935414343553783,11,8.23223894447729,1,0.7483853585888446,18,13.470936454599203,62.508267696380614,46.78027233472329,49.0,36.67088257085338,74.0,55.3805165355745,37.0,27.69025826778725,103.0,77.083691934651,6.0,73.0,False,False,False
2021-05-15,6.152856,4.60470728285145,3,2.2451560757665336,9,6.735468227299601,1,0.7483853585888446,15,11.225780378832669,7.409839,5.545415115193464,4,2.9935414343553783,10,7.483853585888445,1,0.7483853585888446,18,13.470936454599203,59.681453746795654,44.66472616339921,46.0,34.42572649508685,71.0,53.13536045980796,35.0,26.193487550609557,96.0,71.84499442452908,8.0,76.0,False,False,False
2021-05-16,4.2120156,3.1522107747150585,2,1.4967707171776892,6,4.490312151533067,0,0.0,10,7.483853585888445,7.0925117,5.307931860443205,3,2.2451560757665336,10,7.483853585888445,1,0.7483853585888446,18,13.470936454599203,57.016809963226315,42.670545769921134,45.0,33.67734113649801,68.0,50.89020438404144,32.0,23.948331474843027,91.0,68.10306763158486,0.0,75.0,False,False,False
2021-05-17,4.505057,3.3715186873450875,2,1.4967707171776892,6,4.490312151533067,0,0.0,11,8.23223894447729,6.792823,5.083649011794478,3,2.2451560757665336,9,6.735468227299601,1,0.7483853585888446,16,11.974165737421513,54.50388745117188,40.78991135463129,43.0,32.18057041932031,65.0,48.645048308274895,29.0,21.703175399076493,86.0,64.36114083864062,4.0,67.0,False,False,False
2021-05-18,7.789915,5.829858491779305,4,2.9935414343553783,10,7.483853585888445,1,0.7483853585888446,18,13.470936454599203,6.509666,4.871738565270789,3,2.2451560757665336,9,6.735468227299601,1,0.7483853585888446,15,11.225780378832669,52.13298140335083,39.01555998185228,40.0,29.93541434355378,63.0,47.14827759109721,28.0,20.954790040487648,84.0,62.86437012146295,12.0,62.0,False,False,False
2021-05-19,12.728938,9.526150824967772,7,5.238697510121912,18,13.470936454599203,2,1.4967707171776892,30,22.451560757665337,6.242023,4.671438728109933,3,2.2451560757665336,9,6.735468227299601,1,0.7483853585888446,16,11.974165737421513,49.895073276519774,37.34074230586493,38.0,28.43864362637609,60.0,44.903121515330675,26.0,19.45801932330996,81.0,60.61921404569641,7.0,45.0,False,False,False
2021-05-20,7.616101,5.699778193957172,3,2.2451560757665336,10,7.483853585888445,1,0.7483853585888446,18,13.470936454599203,5.9889336,4.482030271901749,3,2.2451560757665336,8,5.987082868710757,1,0.7483853585888446,15,11.225780378832669,47.78177854537964,35.7591834706967,36.0,26.941872909198405,58.0,43.406350798152985,24.0,17.96124860613227,80.0,59.87082868710756,9.0,46.0,False,False,False
2021-05-21,6.80283,5.091138518764637,3,2.2451560757665336,9,6.735468227299601,1,0.7483853585888446,17,12.72255109601036,5.7495055,4.3028456275351346,3,2.2451560757665336,8,5.987082868710757,1,0.7483853585888446,14,10.477395020243824,45.78529961013794,34.26504786683077,34.0,25.44510219202072,55.0,41.16119472238645,23.0,17.212863247543424,77.0,57.62567261134103,6.0,46.0,True,False,False
2021-05-22,4.3323298,3.2422522053821012,2,1.4967707171776892,6,4.490312151533067,0,0.0,11,8.23223894447729,5.522917,4.133269976591691,2,1.4967707171776892,8,5.987082868710757,0,0.0,13,9.72900966165498,43.89838061904907,32.852905321056625,32.0,23.948331474843027,53.0,39.66442400520876,21.0,15.716092530365737,74.0,55.3805165355745,9.0,47.0,True,False,False
2021-05-23,3.1098907,2.3273965780390427,1,0.7483853585888446,4,2.9935414343553783,0,0.0,9,6.735468227299601,5.308397,3.972726335632615,2,1.4967707171776892,8,5.987082868710757,0,0.0,14,10.477395020243824,42.11426693916321,31.51770076497198,30.0,22.451560757665337,51.0,38.167653288031076,19.0,14.219321813188046,75.0,56.12890189416334,0.0,47.0,True,False,False
2021-05-24,3.410926,2.552687146817334,1,0.7483853585888446,5,3.7419267929442226,0,0.0,9,6.735468227299601,5.105223,3.820674101007171,2,1.4967707171776892,7,5.238697510121912,0,0.0,13,9.72900966165498,40.426667527198795,30.254726073894666,28.0,20.954790040487648,49.0,36.67088257085338,18.0,13.470936454599203,71.0,53.13536045980796,1.0,44.0,True,False,False
2021-05-25,5.774813,4.321785672800615,2,1.4967707171776892,8,5.987082868710757,0,0.0,14,10.477395020243824,4.912724,3.6766108678421006,2,1.4967707171776892,7,5.238697510121912,0,0.0,12,8.980624303066135,38.82972146892548,29.059595025426752,27.0,20.206404681898803,48.0,35.92249721226454,17.0,12.72255109601036,70.0,52.386975101219114,0.0,32.0,True,False,False
2021-05-26,9.603175,7.186875882325694,4,2.9935414343553783,13,9.72900966165498,1,0.7483853585888446,25,18.709633964721114,4.730265,3.5400611523073167,2,1.4967707171776892,7,5.238697510121912,0,0.0,13,9.72900966165498,37.317965526580814,27.92821901241632,26.0,19.45801932330996,46.0,34.42572649508685,16.0,11.974165737421513,69.0,51.63858974263027,,,False,False,True
2021-05-27,6.0942626,4.56085690530017,2,1.4967707171776892,8,5.987082868710757,1,0.7483853585888446,17,12.72255109601036,4.557268,3.410592762520537,2,1.4967707171776892,6,4.490312151533067,0,0.0,12,8.980624303066135,35.886304425239565,26.856784805711353,24.0,17.96124860613227,45.0,33.67734113649801,14.0,10.477395020243824,70.0,52.386975101219114,,,False,False,True
2021-05-28,5.455003,4.082444138475694,2,1.4967707171776892,7,5.238697510121912,0,0.0,15,11.225780378832669,4.3931856,3.2877956982702017,2,1.4967707171776892,6,4.490312151533067,0,0.0,12,8.980624303066135,34.529985125541685,25.841735300245983,22.0,16.46447788895458,43.0,32.18057041932031,13.0,9.72900966165498,67.0,50.14181902545259,,,False,False,True
2021-05-29,3.394517,2.540406785556115,1,0.7483853585888446,5,3.7419267929442226,0,0.0,10,7.483853585888445,4.2375045,3.171286152792163,1,0.7483853585888446,6,4.490312151533067,0,0.0,11,8.23223894447729,33.24457135009766,24.879750450975266,21.0,15.716092530365737,41.0,30.683799702142625,12.0,8.980624303066135,67.0,50.14181902545259,,,False,False,True
2021-05-30,2.355841,1.7630769434617832,1,0.7483853585888446,3,2.2451560757665336,0,0.0,7,5.238697510121912,4.08975,3.060709059354849,1,0.7483853585888446,5,3.7419267929442226,0,0.0,12,8.980624303066135,32.025920631885526,23.967730096231524,20.0,14.96770717177689,40.0,29.93541434355378,11.0,8.23223894447729,66.0,49.39343366686374,,,False,False,True
