,Unnamed: 0,Raw Prediction Mean,Raw Prediction Mean 100k,Raw Prediction Q25,Raw Prediction Q25 100k,Raw Prediction Q75,Raw Prediction Q75 100k,Raw Prediction Q5,Raw Prediction Q5 100k,Raw Prediction Q95,Raw Prediction Q95 100k,Trend Prediction Mean,Trend Prediction Mean 100k,Trend Prediction Q25,Trend Prediction Q25 100k,Trend Prediction Q75,Trend Prediction Q75 100k,Trend Prediction Q5,Trend Prediction Q5 100k,Trend Prediction Q95,Trend Prediction Q95 100k,Trend 7Day Prediction Mean,Trend 7Day Prediction Mean 100k,Trend 7Day Prediction Q25,Trend 7Day Prediction Q25 100k,Trend 7Day Prediction Q75,Trend 7Day Prediction Q75 100k,Trend 7Day Prediction Q5,Trend 7Day Prediction Q5 100k,Trend 7Day Prediction Q95,Trend 7Day Prediction Q95 100k,RKI Meldedaten,RKI 7Day Incidence,is_nowcast,is_high,is_prediction
0,2020-04-12,10.206286,2.798220702970866,4,1.096665588278838,14,3.838329558975933,1,0.2741663970697095,29,7.950825515021577,22.710829,6.22654624748975,9,2.467497573627386,30,8.224991912091285,3,0.8224991912091286,61,16.724150221252284,,,,,,,,,,,3.0,,False,False,False
1,2020-04-13,10.81251,2.964426857943181,4,1.096665588278838,15,4.112495956045643,1,0.2741663970697095,30,8.224991912091285,18.50943,5.074663567938842,8,2.193331176557676,26,7.128326323812448,2,0.548332794139419,50,13.708319853485476,,,,,,,,,,,0.0,,False,False,False
2,2020-04-14,14.18204,3.888239007210359,6,1.6449983824182572,19,5.209161544324481,2,0.548332794139419,35,9.595823897439834,15.112581,4.1433620936004445,6,1.6449983824182572,21,5.757494338463901,1,0.2741663970697095,39,10.692489485718673,,,,,,,,,,,4.0,,False,False,False
3,2020-04-15,18.424957,5.051504194852896,8,2.193331176557676,25,6.854159926742738,2,0.548332794139419,46,12.61165426520664,12.361342,3.389064659131691,5,1.3708319853485478,18,4.934995147254772,1,0.2741663970697095,32,8.773324706230705,,,,,,,,,,,30.0,,False,False,False
4,2020-04-16,15.148517,4.15321410400793,6,1.6449983824182572,20,5.483327941394191,2,0.548332794139419,36,9.869990294509543,10.129109,2.7770614906330597,4,1.096665588278838,14,3.838329558975933,1,0.2741663970697095,25,6.854159926742738,,,,,,,,,,,45.0,,False,True,False
5,2020-04-17,8.301923,2.276108352816664,3,0.8224991912091286,11,3.015830367766805,1,0.2741663970697095,22,6.03166073553361,8.314816,2.2796431949245743,4,1.096665588278838,12,3.2899967648365145,1,0.2741663970697095,22,6.03166073553361,,,,,,,,,,,11.0,,False,False,False
6,2020-04-18,5.1752815,1.418888314219657,2,0.548332794139419,7,1.9191647794879667,0,0.0,14,3.838329558975933,6.837639,1.8746508430922404,3,0.8224991912091286,9,2.467497573627386,0,0.0,17,4.660828750185063,93.97574711227416,25.76499199770637,64.0,17.54664941246141,119.0,32.625801251295435,43.0,11.789155073997511,180.0,49.34995147254772,5.0,98.0,False,False,False
7,2020-04-19,3.193489,0.8755473572819028,1,0.2741663970697095,4,1.096665588278838,0,0.0,9,2.467497573627386,5.6328416,1.544335827929899,2,0.548332794139419,8,2.193331176557676,0,0.0,16,4.386662353115352,76.89777215576171,21.082785134632623,54.0,14.804985441764316,97.0,26.594140515761826,34.0,9.321657500370126,142.0,38.931628383898754,2.0,97.0,False,False,False
8,2020-04-20,4.955717,1.3586911336460616,2,0.548332794139419,7,1.9191647794879667,0,0.0,14,3.838329558975933,4.6485057,1.274464011657983,2,0.548332794139419,7,1.9191647794879667,0,0.0,13,3.564163161906224,63.03684078979492,17.282583521994976,45.0,12.33748786813693,80.0,21.933311765576764,29.0,7.950825515021577,113.0,30.98080286887718,4.0,101.0,False,False,False
9,2020-04-21,4.516592,1.2382977729430422,1,0.2741663970697095,6,1.6449983824182572,0,0.0,13,3.564163161906224,3.8429031,1.0535949513723608,1,0.2741663970697095,6,1.6449983824182572,0,0.0,10,2.741663970697096,51.76716837882996,14.192818040924807,37.0,10.144156691579251,64.0,17.54664941246141,25.0,6.854159926742738,92.0,25.22330853041328,2.0,99.0,False,False,False
10,2020-04-22,5.7379565,1.5731548046460375,2,0.548332794139419,8,2.193331176557676,0,0.0,16,4.386662353115352,3.1824572,0.8725228326511569,1,0.2741663970697095,4,1.096665588278838,0,0.0,9,2.467497573627386,42.58827960968018,11.67627517798339,31.0,8.499158309160997,52.0,14.256652647624897,20.0,5.483327941394191,75.0,20.562479780228216,12.0,81.0,False,True,False
11,2020-04-23,5.6927805,1.5607691238983534,2,0.548332794139419,7,1.9191647794879667,0,0.0,16,4.386662353115352,2.6400824,0.7238218586280709,1,0.2741663970697095,4,1.096665588278838,0,0.0,8,2.193331176557676,35.09924440956116,9.623033379638528,25.0,6.854159926742738,44.0,12.06332147106722,16.0,4.386662353115352,62.0,16.998316618321994,0.0,36.0,False,False,False
12,2020-04-24,3.713221,1.0180404387938324,1,0.2741663970697095,5,1.3708319853485478,0,0.0,10,2.741663970697096,2.1939187,0.6014987775415648,1,0.2741663970697095,3,0.8224991912091286,0,0.0,7,1.9191647794879667,28.97834288883209,7.944887862881733,20.0,5.483327941394191,36.0,9.869990294509543,13.0,3.564163161906224,51.0,13.982486250555189,0.0,25.0,False,False,False
13,2020-04-25,1.8029753,0.494315236210241,0,0.0,3,0.8224991912091286,0,0.0,5,1.3708319853485478,1.8262802,0.5007046638638712,0,0.0,3,0.8224991912091286,0,0.0,6,1.6449983824182572,23.96698632144928,6.57094228837076,17.0,4.660828750185063,29.0,7.950825515021577,11.0,3.015830367766805,43.0,11.789155073997511,2.0,22.0,False,False,False
14,2020-04-26,0.9795598,0.2685623712750384,0,0.0,1,0.2741663970697095,0,0.0,4,1.096665588278838,1.5228338,0.41750986383704,0,0.0,2,0.548332794139419,0,0.0,5,1.3708319853485478,19.85698087692261,5.444116903707992,13.0,3.564163161906224,25.0,6.854159926742738,8.0,2.193331176557676,37.0,10.144156691579251,0.0,20.0,False,False,False
15,2020-04-27,1.189764,0.3261933215981116,0,0.0,2,0.548332794139419,0,0.0,4,1.096665588278838,1.2719555,0.3487274625513237,0,0.0,2,0.548332794139419,0,0.0,4,1.096665588278838,16.48043280029297,4.518380883005788,11.0,3.015830367766805,21.0,5.757494338463901,6.0,1.6449983824182572,30.0,8.224991912091285,2.0,18.0,False,False,False
16,2020-04-28,1.3171405,0.3611156444094376,0,0.0,2,0.548332794139419,0,0.0,5,1.3708319853485478,1.0641932,0.2917660367529606,0,0.0,2,0.548332794139419,0,0.0,4,1.096665588278838,13.70172126722336,3.7565515534880434,9.0,2.467497573627386,17.0,4.660828750185063,5.0,1.3708319853485478,26.0,7.128326323812448,2.0,18.0,False,False,False
17,2020-04-29,1.3810011,0.3786240995395928,0,0.0,2,0.548332794139419,0,0.0,5,1.3708319853485478,0.8918525,0.244515990743821,0,0.0,1,0.2741663970697095,0,0.0,3,0.8224991912091286,11.411117041110993,3.128544845702166,7.0,1.9191647794879667,14.0,3.838329558975933,3.0,0.8224991912091286,23.0,6.305827132603319,0.0,6.0,False,False,False
18,2020-04-30,1.1274004,0.309095298689499,0,0.0,2,0.548332794139419,0,0.0,4,1.096665588278838,0.7486587,0.2052570607702364,0,0.0,1,0.2741663970697095,0,0.0,3,0.8224991912091286,9.519693019390106,2.6099799363358502,6.0,1.6449983824182572,12.0,3.2899967648365145,3.0,0.8224991912091286,19.0,5.209161544324481,3.0,9.0,False,False,False
19,2020-05-01,0.7925721,0.2172966333091608,0,0.0,1,0.2741663970697095,0,0.0,3,0.8224991912091286,0.6294894,0.1725848505884641,0,0.0,1,0.2741663970697095,0,0.0,3,0.8224991912091286,7.955263247966767,2.181065862436124,5.0,1.3708319853485478,10.0,2.741663970697096,2.0,0.548332794139419,17.0,4.660828750185063,0.0,9.0,False,False,False
20,2020-05-02,0.44428098,0.1218069201058824,0,0.0,1,0.2741663970697095,0,0.0,2,0.548332794139419,0.5301531,0.1453501681680791,0,0.0,1,0.2741663970697095,0,0.0,2,0.548332794139419,6.659136016726494,1.8257113293030405,4.0,1.096665588278838,9.0,2.467497573627386,1.0,0.2741663970697095,16.0,4.386662353115352,0.0,7.0,False,False,False
21,2020-05-03,0.24075957,0.0660081809655821,0,0.0,0,0.0,0,0.0,1,0.2741663970697095,0.44721386,0.1226110157404036,0,0.0,1,0.2741663970697095,0,0.0,2,0.548332794139419,5.583515655398369,1.5308123702228886,3.0,0.8224991912091286,7.0,1.9191647794879667,1.0,0.2741663970697095,13.0,3.564163161906224,3.0,10.0,True,True,False
22,2020-05-04,0.33945096,0.0930660462472587,0,0.0,1,0.2741663970697095,0,0.0,2,0.548332794139419,0.3778555,0.1035952891470515,0,0.0,1,0.2741663970697095,0,0.0,2,0.548332794139419,4.6894155049920085,1.2856801533664917,2.0,0.548332794139419,6.0,1.6449983824182572,0.0,0.0,11.0,3.015830367766805,2.0,10.0,True,False,False
23,2020-05-05,0.41149825,0.1128189978771843,0,0.0,1,0.2741663970697095,0,0.0,2,0.548332794139419,0.31976187,0.0876679621342191,0,0.0,0,0.0,0,0.0,1,0.2741663970697095,3.94498436242342,1.0815821491419744,2.0,0.548332794139419,5.0,1.3708319853485478,0.0,0.0,10.0,2.741663970697096,0.0,8.0,True,False,False
24,2020-05-06,0.39214748,0.1075136651706998,0,0.0,1,0.2741663970697095,0,0.0,2,0.548332794139419,0.27102625,0.0743062912533787,0,0.0,0,0.0,0,0.0,2,0.548332794139419,3.3241586447358134,0.9113725989153464,1.0,0.2741663970697095,5.0,1.3708319853485478,0.0,0.0,9.0,2.467497573627386,9.0,17.0,True,True,False
25,2020-05-07,0.34010875,0.0932463933622784,0,0.0,1,0.2741663970697095,0,0.0,2,0.548332794139419,0.23007774,0.0630795852885057,0,0.0,0,0.0,0,0.0,1,0.2741663970697095,2.8055772004425528,0.769194992746257,1.0,0.2741663970697095,4.0,1.096665588278838,0.0,0.0,8.0,2.193331176557676,11.0,25.0,True,True,False
26,2020-05-08,0.21765399,0.0596734082591865,0,0.0,0,0.0,0,0.0,1,0.2741663970697095,0.19561784,0.0536318395916168,0,0.0,0,0.0,0,0.0,1,0.2741663970697095,2.371705397084356,0.6502419236294026,1.0,0.2741663970697095,3.0,0.8224991912091286,0.0,0.0,7.0,1.9191647794879667,,,False,False,True
27,2020-05-09,0.120188214,0.0329515700059346,0,0.0,0,0.0,0,0.0,1,0.2741663970697095,0.16657381,0.0456689406291843,0,0.0,0,0.0,0,0.0,1,0.2741663970697095,2.008126794934273,0.5505608882262731,1.0,0.2741663970697095,3.0,0.8224991912091286,0.0,0.0,6.0,1.6449983824182572,,,False,False,True
28,2020-05-10,0.065879285,0.0180618869194404,0,0.0,0,0.0,0,0.0,1,0.2741663970697095,0.14205728,0.0389473342465862,0,0.0,0,0.0,0,0.0,1,0.2741663970697095,1.7029702773839237,0.4668972252671541,0.0,0.0,2.0,0.548332794139419,0.0,0.0,5.0,1.3708319853485478,,,False,False,True
29,2020-05-11,0.082361326,0.0225807085030282,0,0.0,0,0.0,0,0.0,1,0.2741663970697095,0.12133081,0.0332648312451056,0,0.0,0,0.0,0,0.0,1,0.2741663970697095,1.4464456534609198,0.396566793366522,0.0,0.0,2.0,0.548332794139419,0.0,0.0,5.0,1.3708319853485478,,,False,False,True
30,2020-05-12,0.10714287,0.0293749764068707,0,0.0,0,0.0,0,0.0,1,0.2741663970697095,0.1037823,0.0284536213257524,0,0.0,0,0.0,0,0.0,1,0.2741663970697095,1.2304661159962416,0.3373524617390488,0.0,0.0,2.0,0.548332794139419,0.0,0.0,4.0,1.096665588278838,,,False,False,True
