,Unnamed: 0,Raw Prediction Mean,Raw Prediction Mean 100k,Raw Prediction Q25,Raw Prediction Q25 100k,Raw Prediction Q75,Raw Prediction Q75 100k,Raw Prediction Q5,Raw Prediction Q5 100k,Raw Prediction Q95,Raw Prediction Q95 100k,Trend Prediction Mean,Trend Prediction Mean 100k,Trend Prediction Q25,Trend Prediction Q25 100k,Trend Prediction Q75,Trend Prediction Q75 100k,Trend Prediction Q5,Trend Prediction Q5 100k,Trend Prediction Q95,Trend Prediction Q95 100k,Trend 7Day Prediction Mean,Trend 7Day Prediction Mean 100k,Trend 7Day Prediction Q25,Trend 7Day Prediction Q25 100k,Trend 7Day Prediction Q75,Trend 7Day Prediction Q75 100k,Trend 7Day Prediction Q5,Trend 7Day Prediction Q5 100k,Trend 7Day Prediction Q95,Trend 7Day Prediction Q95 100k,RKI Meldedaten,RKI 7Day Incidence,is_nowcast,is_high,is_prediction
0,2020-04-12,5.083667,3.168834882671945,2,1.2466729415871394,7,4.363355295554988,0,0.0,14,8.726710591109976,11.794708,7.35207213438116,4,2.4933458831742787,16,9.973383532697117,1,0.6233364707935697,34,21.19344000698137,,,,,,,,,,,0.0,,False,False,False
1,2020-04-13,5.1947308,3.2380652555730194,2,1.2466729415871394,7,4.363355295554988,0,0.0,14,8.726710591109976,9.440131,5.884377969778143,4,2.4933458831742787,13,8.103374120316404,1,0.6233364707935697,27,16.83008471142638,,,,,,,,,,,9.0,,False,False,False
2,2020-04-14,6.7804766,4.2265182855771855,3,1.870009412380709,10,6.233364707935697,1,0.6233364707935697,17,10.596720003490685,7.5713563,4.719502612715587,3,1.870009412380709,11,6.856701178729267,1,0.6233364707935697,20,12.466729415871391,,,,,,,,,,,9.0,,False,False,False
3,2020-04-15,8.131333,5.068556492915377,3,1.870009412380709,11,6.856701178729267,1,0.6233364707935697,21,13.09006588666496,6.085115,3.793074210989289,2,1.2466729415871394,9,5.610028237142127,0,0.0,16,9.973383532697117,,,,,,,,,,,2.0,,False,False,False
4,2020-04-16,7.3730025,4.595861537382007,3,1.870009412380709,10,6.233364707935697,0,0.0,18,11.220056474284254,4.900702,3.054786429856904,2,1.2466729415871394,7,4.363355295554988,0,0.0,14,8.726710591109976,,,,,,,,,,,5.0,,False,False,False
5,2020-04-17,5.4501057,3.3972497476497665,2,1.2466729415871394,7,4.363355295554988,0,0.0,14,8.726710591109976,3.9549155,2.4652430511196144,1,0.6233364707935697,6,3.740018824761418,0,0.0,11,6.856701178729267,,,,,,,,,,,8.0,,False,False,False
6,2020-04-18,3.3515658,2.0891531676170416,1,0.6233364707935697,4,2.4933458831742787,0,0.0,9,5.610028237142127,3.1981583,1.993528712773696,1,0.6233364707935697,4,2.4933458831742787,0,0.0,8,4.9866917663485575,46.94508538818359,29.262583846973133,31.0,19.32343059460066,59.0,36.77685177682061,20.0,12.466729415871391,93.0,57.970291783801976,2.0,35.0,False,False,False
7,2020-04-19,1.9078188,1.1892130714841187,0,0.0,3,1.870009412380709,0,0.0,6,3.740018824761418,2.5914419,1.615340261196252,1,0.6233364707935697,4,2.4933458831742787,0,0.0,8,4.9866917663485575,37.74182460594177,23.52585575117765,26.0,16.20674824063281,47.0,29.296814127297772,16.0,9.973383532697117,72.0,44.88022589713702,2.0,37.0,False,False,False
8,2020-04-20,2.3726122,1.478935701015871,1,0.6233364707935697,3,1.870009412380709,0,0.0,7,4.363355295554988,2.1040504,1.3115313777234403,1,0.6233364707935697,3,1.870009412380709,0,0.0,6,3.740018824761418,30.40574782562256,18.95301154146282,21.0,13.09006588666496,39.0,24.31012236094921,13.0,8.103374120316404,55.0,34.28350589364633,8.0,36.0,False,True,False
9,2020-04-21,2.5551527,1.5927198546705768,1,0.6233364707935697,4,2.4933458831742787,0,0.0,7,4.363355295554988,1.7117454,1.066993354470469,0,0.0,3,1.870009412380709,0,0.0,6,3.740018824761418,24.546138118743897,15.300503106549334,17.0,10.596720003490685,30.0,18.70009412380709,10.0,6.233364707935697,44.0,27.42680471491707,0.0,27.0,False,False,False
10,2020-04-22,2.2760842,1.4187662600306794,1,0.6233364707935697,3,1.870009412380709,0,0.0,6,3.740018824761418,1.3953545,0.8697753401065711,0,0.0,2,1.2466729415871394,0,0.0,5,3.1166823539678483,19.85637593173981,12.37720329604107,14.0,8.726710591109976,25.0,15.58341176983924,8.0,4.9866917663485575,36.0,22.44011294856851,3.0,28.0,False,False,False
11,2020-04-23,1.7932265,1.117783449444687,0,0.0,3,1.870009412380709,0,0.0,5,3.1166823539678483,1.1396915,0.7104112683009589,0,0.0,2,1.2466729415871394,0,0.0,4,2.4933458831742787,16.095361963748932,10.032826122628318,11.0,6.856701178729267,20.0,12.466729415871391,7.0,4.363355295554988,30.0,18.70009412380709,2.0,25.0,False,False,False
12,2020-04-24,1.3630922,0.849665048008319,0,0.0,2,1.2466729415871394,0,0.0,5,3.1166823539678483,0.9327007,0.5813863481307635,0,0.0,2,1.2466729415871394,0,0.0,3,1.870009412380709,13.073144659042358,8.148967853941269,9.0,5.610028237142127,17.0,10.596720003490685,5.0,3.1166823539678483,24.0,14.960075299045672,0.0,17.0,False,False,False
13,2020-04-25,0.7769944,0.4843289389100391,0,0.0,1,0.6233364707935697,0,0.0,3,1.870009412380709,0.76479125,0.4767222890222911,0,0.0,1,0.6233364707935697,0,0.0,3,1.870009412380709,10.639776889324189,6.632160976222325,7.0,4.363355295554988,14.0,8.726710591109976,4.0,2.4933458831742787,20.0,12.466729415871391,0.0,15.0,False,False,False
14,2020-04-26,0.397959,0.2480623606970766,0,0.0,1,0.6233364707935697,0,0.0,2,1.2466729415871394,0.62832576,0.3916583409591112,0,0.0,1,0.6233364707935697,0,0.0,3,1.870009412380709,8.676660670280457,5.408479040485989,6.0,3.740018824761418,11.0,6.856701178729267,3.0,1.870009412380709,18.0,11.220056474284254,0.0,13.0,False,False,False
15,2020-04-27,0.46533233,0.2900586196119548,0,0.0,1,0.6233364707935697,0,0.0,2,1.2466729415871394,0.5172041,0.3223921794415219,0,0.0,1,0.6233364707935697,0,0.0,2,1.2466729415871394,7.089813805580139,4.419339516153851,5.0,3.1166823539678483,9.0,5.610028237142127,2.0,1.2466729415871394,15.0,9.350047061903544,0.0,5.0,False,False,False
16,2020-04-28,0.53299695,0.3322364364066743,0,0.0,1,0.6233364707935697,0,0.0,2,1.2466729415871394,0.426548,0.2658829316715128,0,0.0,1,0.6233364707935697,0,0.0,2,1.2466729415871394,5.804617042183876,3.6182295013831065,4.0,2.4933458831742787,8.0,4.9866917663485575,1.0,0.6233364707935697,12.0,7.480037649522836,2.0,7.0,False,False,False
17,2020-04-29,0.5076077,0.3164103873132262,0,0.0,1,0.6233364707935697,0,0.0,2,1.2466729415871394,0.3524503,0.2196951299993088,0,0.0,1,0.6233364707935697,0,0.0,2,1.2466729415871394,4.761713016152382,2.968149386420229,3.0,1.870009412380709,7.0,4.363355295554988,1.0,0.6233364707935697,10.0,6.233364707935697,1.0,5.0,False,False,False
18,2020-04-30,0.43087488,0.2685800382096204,0,0.0,1,0.6233364707935697,0,0.0,2,1.2466729415871394,0.2917736,0.181873122073739,0,0.0,0,0.0,0,0.0,1,0.6233364707935697,3.913794931948185,2.439611120290341,2.0,1.2466729415871394,6.0,3.740018824761418,1.0,0.6233364707935697,9.0,5.610028237142127,0.0,3.0,False,False,False
19,2020-05-01,0.30828992,0.1921683406180818,0,0.0,0,0.0,0,0.0,2,1.2466729415871394,0.24199475,0.1508441528130788,0,0.0,0,0.0,0,0.0,1,0.6233364707935697,3.223089354515076,2.009069143295752,2.0,1.2466729415871394,5.0,3.1166823539678483,0.0,0.0,8.0,4.9866917663485575,0.0,3.0,False,False,False
20,2020-05-02,0.17607191,0.1097520453186007,0,0.0,0,0.0,0,0.0,1,0.6233364707935697,0.20108111,0.1253411937796045,0,0.0,0,0.0,0,0.0,1,0.6233364707935697,2.6593787631690504,1.6576877727371642,1.0,0.6233364707935697,4.0,2.4933458831742787,0.0,0.0,7.0,4.363355295554988,0.0,3.0,False,False,False
21,2020-05-03,0.094231196,0.0587377428473701,0,0.0,0,0.0,0,0.0,1,0.6233364707935697,0.16739298,0.1043421548274636,0,0.0,0,0.0,0,0.0,1,0.6233364707935697,2.198445751905441,1.3703714162238534,1.0,0.6233364707935697,3.0,1.870009412380709,0.0,0.0,7.0,4.363355295554988,0.0,3.0,True,False,False
22,2020-05-04,0.11311549,0.0705090087649296,0,0.0,0,0.0,0,0.0,1,0.6233364707935697,0.13960366,0.0870200551617017,0,0.0,0,0.0,0,0.0,1,0.6233364707935697,1.8208453131467104,1.1349992913578826,1.0,0.6233364707935697,3.0,1.870009412380709,0.0,0.0,6.0,3.740018824761418,0.0,3.0,True,False,False
23,2020-05-05,0.13510886,0.0842182771521038,0,0.0,0,0.0,0,0.0,1,0.6233364707935697,0.11663909,0.072705398679318,0,0.0,0,0.0,0,0.0,1,0.6233364707935697,1.5109360771030187,0.9418215618960764,0.0,0.0,2.0,1.2466729415871394,0.0,0.0,5.0,3.1166823539678483,0.0,1.0,True,False,False
24,2020-05-06,0.13657765,0.0851338313623273,0,0.0,0,0.0,0,0.0,1,0.6233364707935697,0.09762769,0.0608548987202084,0,0.0,0,0.0,0,0.0,1,0.6233364707935697,1.2561132179051635,0.7829811801661589,0.0,0.0,2.0,1.2466729415871394,0.0,0.0,4.0,2.4933458831742787,2.0,2.0,True,True,False
25,2020-05-07,0.111446895,0.0694689163083239,0,0.0,0,0.0,0,0.0,1,0.6233364707935697,0.08186127,0.0510271149778418,0,0.0,0,0.0,0,0.0,1,0.6233364707935697,1.046200700595975,0.6521350524512551,0.0,0.0,2.0,1.2466729415871394,0.0,0.0,4.0,2.4933458831742787,0.0,2.0,True,False,False
26,2020-05-08,0.072928175,0.0454587905096559,0,0.0,0,0.0,0,0.0,1,0.6233364707935697,0.068762526,0.0428621888204361,0,0.0,0,0.0,0,0.0,1,0.6233364707935697,0.8729685813188552,0.5441531545929645,0.0,0.0,1.0,0.6233364707935697,0.0,0.0,3.0,1.870009412380709,,,False,False,True
27,2020-05-09,0.039798748,0.0248080112896786,0,0.0,0,0.0,0,0.0,0,0.0,0.057861473,0.0360671663202083,0,0.0,0,0.0,0,0.0,0,0.0,0.7297487828470767,0.4548790308657998,0.0,0.0,1.0,0.6233364707935697,0.0,0.0,3.0,1.870009412380709,,,False,False,True
28,2020-05-10,0.021610565,0.0134706539256512,0,0.0,0,0.0,0,0.0,0,0.0,0.048773468,0.0304022819364035,0,0.0,0,0.0,0,0.0,0,0.0,0.6111292337439954,0.3809391397607606,0.0,0.0,1.0,0.6233364707935697,0.0,0.0,2.0,1.2466729415871394,,,False,False,True
29,2020-05-11,0.026688335,0.0166358134379152,0,0.0,0,0.0,0,0.0,0,0.0,0.04118394,0.0256714514534905,0,0.0,0,0.0,0,0.0,0,0.0,0.5127095485236496,0.3195905605188961,0.0,0.0,1.0,0.6233364707935697,0.0,0.0,2.0,1.2466729415871394,,,False,False,True
30,2020-05-12,0.03427455,0.0213645762414671,0,0.0,0,0.0,0,0.0,0,0.0,0.03483515,0.021714018316743,0,0.0,0,0.0,0,0.0,0,0.0,0.4309055517520755,0.2685991458744947,0.0,0.0,1.0,0.6233364707935697,0.0,0.0,2.0,1.2466729415871394,,,False,False,True
