,Unnamed: 0,Raw Prediction Mean,Raw Prediction Mean 100k,Raw Prediction Q25,Raw Prediction Q25 100k,Raw Prediction Q75,Raw Prediction Q75 100k,Raw Prediction Q5,Raw Prediction Q5 100k,Raw Prediction Q95,Raw Prediction Q95 100k,Trend Prediction Mean,Trend Prediction Mean 100k,Trend Prediction Q25,Trend Prediction Q25 100k,Trend Prediction Q75,Trend Prediction Q75 100k,Trend Prediction Q5,Trend Prediction Q5 100k,Trend Prediction Q95,Trend Prediction Q95 100k,Trend 7Day Prediction Mean,Trend 7Day Prediction Mean 100k,Trend 7Day Prediction Q25,Trend 7Day Prediction Q25 100k,Trend 7Day Prediction Q75,Trend 7Day Prediction Q75 100k,Trend 7Day Prediction Q5,Trend 7Day Prediction Q5 100k,Trend 7Day Prediction Q95,Trend 7Day Prediction Q95 100k,RKI Meldedaten,RKI 7Day Incidence,is_nowcast,is_high,is_prediction
0,2020-04-18,7.3963394,4.78488982480485,3,1.9407803230752312,10,6.469267743584104,0,0.0,20,12.938535487168208,9.017087,5.833394970977679,3,1.9407803230752312,13,8.410048066659334,1,0.6469267743584103,24,15.52624258460185,,,,,,,,,,,5.0,,False,False,False
1,2020-04-19,4.54559,2.9406637622741982,2,1.2938535487168206,6,3.8815606461504624,0,0.0,13,8.410048066659334,8.057952,5.212904943618923,3,1.9407803230752312,11,7.116194517942514,1,0.6469267743584103,23,14.87931581024344,,,,,,,,,,,8.0,,False,False,False
2,2020-04-20,5.448221,3.5246001061750576,2,1.2938535487168206,8,5.175414194867282,0,0.0,15,9.703901615376155,7.2083716,4.663288564188406,3,1.9407803230752312,10,6.469267743584104,1,0.6469267743584103,19,12.291608712809795,,,,,,,,,,,6.0,,False,False,False
3,2020-04-21,7.81673,5.056852023699321,3,1.9407803230752312,11,7.116194517942514,1,0.6469267743584103,20,12.938535487168208,6.4551063,4.17598093918059,2,1.2938535487168206,9,5.822340969225693,0,0.0,18,11.644681938451386,,,,,,,,,,,7.0,,False,False,False
4,2020-04-22,8.747597,5.659054659190588,3,1.9407803230752312,12,7.763121292300925,1,0.6469267743584103,23,14.87931581024344,5.786573,3.7434889236465096,2,1.2938535487168206,8,5.175414194867282,0,0.0,16,10.350828389734565,,,,,,,,,,,5.0,,False,False,False
5,2020-04-23,7.4601264,4.826155418413691,3,1.9407803230752312,10,6.469267743584104,1,0.6469267743584103,20,12.938535487168208,5.192653,3.359266338520684,2,1.2938535487168206,7,4.528487420508872,0,0.0,13,8.410048066659334,,,,,,,,,,,6.0,,False,False,False
6,2020-04-24,5.4446154,3.5222674341639504,2,1.2938535487168206,8,5.175414194867282,0,0.0,15,9.703901615376155,4.6645303,3.017609560629353,2,1.2938535487168206,7,4.528487420508872,0,0.0,12,7.763121292300925,46.38226840209961,30.00593128479632,33.0,21.34858355382754,57.0,36.87482613842939,20.0,12.938535487168208,87.0,56.282629369181706,0.0,37.0,False,False,False
7,2020-04-25,3.028536,1.959241126314737,1,0.6469267743584103,4,2.587707097433641,0,0.0,8,5.175414194867282,4.194438,2.713494177442044,2,1.2938535487168206,6,3.8815606461504624,0,0.0,11,7.116194517942514,41.55961380386353,26.8860269017147,29.0,18.760876456393905,51.0,32.99326549227893,19.0,12.291608712809795,74.0,47.87258130252237,2.0,34.0,False,False,False
8,2020-04-26,2.1223366,1.3729963939113077,1,0.6469267743584103,3,1.9407803230752312,0,0.0,6,3.8815606461504624,3.7756114,2.442544064251706,1,0.6469267743584103,5,3.234633871792052,0,0.0,11,7.116194517942514,37.27727453804016,24.115666973767222,26.0,16.820096133318668,46.0,29.75863162048688,17.0,10.997755164092975,65.0,42.05024033329668,3.0,29.0,False,False,False
9,2020-04-27,2.7947574,1.808003435144201,1,0.6469267743584103,4,2.587707097433641,0,0.0,8,5.175414194867282,3.402094,2.200905692006927,1,0.6469267743584103,5,3.234633871792052,0,0.0,10,6.469267743584104,33.470995330810545,21.65328304392668,24.0,15.52624258460185,41.0,26.52399774869483,16.0,10.350828389734565,58.0,37.52175291278781,7.0,30.0,False,False,False
10,2020-04-28,3.8070784,2.4629009203636087,2,1.2938535487168206,5,3.234633871792052,0,0.0,10,6.469267743584104,3.0686634,1.9852004697895609,1,0.6469267743584103,5,3.234633871792052,0,0.0,9,5.822340969225693,30.08455858039856,19.46250644041388,21.0,13.585462261526615,36.0,23.28936387690277,15.0,9.703901615376155,53.0,34.28711904099575,7.0,30.0,False,False,False
11,2020-04-29,4.249818,2.749320992734283,2,1.2938535487168206,6,3.8815606461504624,0,0.0,11,7.116194517942514,2.7707422,1.7924672647495754,1,0.6469267743584103,4,2.587707097433641,0,0.0,8,5.175414194867282,27.06873432826996,17.511488984952454,20.0,12.938535487168208,33.0,21.34858355382754,13.0,8.410048066659334,47.0,30.405558394845286,1.0,26.0,False,False,False
12,2020-04-30,3.778511,2.444419988023583,1,0.6469267743584103,5,3.234633871792052,0,0.0,10,6.469267743584104,2.5042942,1.6200949175981805,1,0.6469267743584103,4,2.587707097433641,0,0.0,7,4.528487420508872,24.38037170219421,15.77231522295957,18.0,11.644681938451386,30.0,19.40780323075231,12.0,7.763121292300925,43.0,27.817851297411643,1.0,21.0,False,False,False
13,2020-05-01,2.817877,1.8229600755148567,1,0.6469267743584103,4,2.587707097433641,0,0.0,8,5.175414194867282,2.26577,1.46578722706181,0,0.0,3,1.9407803230752312,0,0.0,6,3.8815606461504624,21.98161392402649,14.220494591062378,16.0,10.350828389734565,27.0,17.46702290767708,10.0,6.469267743584104,39.0,25.230144199978007,4.0,25.0,False,False,False
14,2020-05-02,1.610498,1.041874202201143,0,0.0,2,1.2938535487168206,0,0.0,5,3.234633871792052,2.052043,1.327521567873191,1,0.6469267743584103,3,1.9407803230752312,0,0.0,6,3.8815606461504624,19.839217710495,12.834521119244776,14.0,9.056974841017745,24.0,15.52624258460185,9.0,5.822340969225693,34.0,21.99551032818595,0.0,23.0,False,False,False
15,2020-05-03,1.098078,0.7103760708560003,0,0.0,2,1.2938535487168206,0,0.0,4,2.587707097433641,1.860358,1.203515421366319,0,0.0,3,1.9407803230752312,0,0.0,5,3.234633871792052,17.923965571403503,11.59549323081927,12.0,7.763121292300925,22.0,14.232389035885028,7.0,4.528487420508872,31.0,20.054730005110724,0.0,20.0,False,False,False
16,2020-05-04,1.4009581,0.9063172910828144,0,0.0,2,1.2938535487168206,0,0.0,5,3.234633871792052,1.6882801,1.0921936336671934,0,0.0,2,1.2938535487168206,0,0.0,5,3.234633871792052,16.210154177188873,10.48678275370131,12.0,7.763121292300925,20.0,12.938535487168208,7.0,4.528487420508872,28.0,18.11394968203549,1.0,14.0,False,False,False
17,2020-05-05,1.9294543,1.2482156307669356,0,0.0,3,1.9407803230752312,0,0.0,6,3.8815606461504624,1.5336633,0.9921678611135576,0,0.0,2,1.2938535487168206,0,0.0,5,3.234633871792052,14.675152430534364,9.49374902510358,10.0,6.469267743584104,18.0,11.644681938451386,6.0,3.8815606461504624,26.0,16.820096133318668,5.0,12.0,False,False,False
18,2020-05-06,2.1846323,1.413297104591038,1,0.6469267743584103,3,1.9407803230752312,0,0.0,7,4.528487420508872,1.3946058,0.9022078302223236,0,0.0,2,1.2938535487168206,0,0.0,5,3.234633871792052,13.299015744209289,8.60348935754303,9.0,5.822340969225693,17.0,10.997755164092975,5.0,3.234633871792052,24.0,15.52624258460185,3.0,14.0,False,False,False
19,2020-05-07,1.9320534,1.2498971045715734,0,0.0,3,1.9407803230752312,0,0.0,6,3.8815606461504624,1.2694305,0.8212286047637463,0,0.0,2,1.2938535487168206,0,0.0,5,3.234633871792052,12.064151449680327,7.804622582713034,8.0,5.175414194867282,15.0,9.703901615376155,4.0,2.587707097433641,22.0,14.232389035885028,1.0,14.0,False,False,False
20,2020-05-08,1.4334106,0.92731170298066,0,0.0,2,1.2938535487168206,0,0.0,5,3.234633871792052,1.1566465,0.7482655746571254,0,0.0,2,1.2938535487168206,0,0.0,4,2.587707097433641,10.955027730941772,7.087100752985096,7.0,4.528487420508872,14.0,9.056974841017745,4.0,2.587707097433641,21.0,13.585462261526615,1.0,11.0,False,False,False
21,2020-05-09,0.8278024,0.5355275334295584,0,0.0,1,0.6469267743584103,0,0.0,3,1.9407803230752312,1.0549369,0.6824669071647804,0,0.0,2,1.2938535487168206,0,0.0,4,2.587707097433641,9.957921237945556,6.442045865779228,6.0,3.8815606461504624,13.0,8.410048066659334,3.0,1.9407803230752312,21.0,13.585462261526615,0.0,11.0,True,False,False
22,2020-05-10,0.55949265,0.3619507651819731,0,0.0,1,0.6469267743584103,0,0.0,2,1.2938535487168206,0.96313125,0.6230754024727503,0,0.0,1,0.6469267743584103,0,0.0,3,1.9407803230752312,9.060694410085675,5.861605808164008,5.0,3.234633871792052,12.0,7.763121292300925,2.0,1.2938535487168206,19.0,12.291608712809795,0.0,11.0,True,False,False
23,2020-05-11,0.71836823,0.464731647298322,0,0.0,1,0.6469267743584103,0,0.0,3,1.9407803230752312,0.88018936,0.5694180799764581,0,0.0,1,0.6469267743584103,0,0.0,3,1.9407803230752312,8.252604007005692,5.338830490309484,5.0,3.234633871792052,11.0,7.116194517942514,2.0,1.2938535487168206,18.0,11.644681938451386,1.0,11.0,True,False,False
24,2020-05-12,1.027896,0.6649734586972045,0,0.0,1,0.6469267743584103,0,0.0,4,2.587707097433641,0.80519015,0.5208990842220373,0,0.0,1,0.6469267743584103,0,0.0,3,1.9407803230752312,7.5241320039033885,4.8675624471321015,4.0,2.587707097433641,10.0,6.469267743584104,2.0,1.2938535487168206,16.0,10.350828389734565,2.0,8.0,True,False,False
25,2020-05-13,1.1895785,0.7695702151977457,0,0.0,2,1.2938535487168206,0,0.0,5,3.234633871792052,0.73731303,0.4769875431520631,0,0.0,1,0.6469267743584103,0,0.0,3,1.9407803230752312,6.866839104771614,4.442342072088095,4.0,2.587707097433641,9.0,5.822340969225693,1.0,0.6469267743584103,15.0,9.703901615376155,1.0,6.0,True,False,False
26,2020-05-14,1.0425614,0.6744608981534839,0,0.0,2,1.2938535487168206,0,0.0,4,2.587707097433641,0.6758269,0.4372105195216136,0,0.0,1,0.6469267743584103,0,0.0,3,1.9407803230752312,6.273236066699028,4.058324373418444,3.0,1.9407803230752312,8.0,5.175414194867282,1.0,0.6469267743584103,14.0,9.056974841017745,,,False,False,True
27,2020-05-15,0.7788553,0.5038623839936918,0,0.0,1,0.6469267743584103,0,0.0,3,1.9407803230752312,0.6200815,0.4011473265563836,0,0.0,1,0.6469267743584103,0,0.0,2,1.2938535487168206,5.736670792639256,3.711205931438218,3.0,1.9407803230752312,8.0,5.175414194867282,1.0,0.6469267743584103,14.0,9.056974841017745,,,False,False,True
28,2020-05-16,0.4534599,0.2933553332695737,0,0.0,1,0.6469267743584103,0,0.0,2,1.2938535487168206,0.56949633,0.3684224338940112,0,0.0,1,0.6469267743584103,0,0.0,2,1.2938535487168206,5.251229946315289,3.3971612505840385,2.0,1.2938535487168206,7.0,4.528487420508872,1.0,0.6469267743584103,13.0,8.410048066659334,,,False,False,True
29,2020-05-17,0.30825725,0.1994198782995226,0,0.0,0,0.0,0,0.0,2,1.2938535487168206,0.5235531,0.3387005108379526,0,0.0,1,0.6469267743584103,0,0.0,2,1.2938535487168206,4.811652665436268,3.1127869381837323,2.0,1.2938535487168206,7.0,4.528487420508872,0.0,0.0,12.0,7.763121292300925,,,False,False,True
30,2020-05-18,0.38802424,0.2510232661734335,0,0.0,1,0.6469267743584103,0,0.0,2,1.2938535487168206,0.48179144,0.3116837888228474,0,0.0,1,0.6469267743584103,0,0.0,2,1.2938535487168206,4.413254374504089,2.8550524169210743,2.0,1.2938535487168206,6.0,3.8815606461504624,0.0,0.0,12.0,7.763121292300925,,,False,False,True
