,Raw Prediction Mean,Raw Prediction Mean 100k,Raw Prediction Q25,Raw Prediction Q25 100k,Raw Prediction Q75,Raw Prediction Q75 100k,Raw Prediction Q5,Raw Prediction Q5 100k,Raw Prediction Q95,Raw Prediction Q95 100k,Trend Prediction Mean,Trend Prediction Mean 100k,Trend Prediction Q25,Trend Prediction Q25 100k,Trend Prediction Q75,Trend Prediction Q75 100k,Trend Prediction Q5,Trend Prediction Q5 100k,Trend Prediction Q95,Trend Prediction Q95 100k,Trend 7Day Prediction Mean,Trend 7Day Prediction Mean 100k,Trend 7Day Prediction Q25,Trend 7Day Prediction Q25 100k,Trend 7Day Prediction Q75,Trend 7Day Prediction Q75 100k,Trend 7Day Prediction Q5,Trend 7Day Prediction Q5 100k,Trend 7Day Prediction Q95,Trend 7Day Prediction Q95 100k,RKI Meldedaten,RKI 7Day Incidence,is_nowcast,is_high,is_prediction
2020-08-24,2.332948,1.469795734010404,1,0.6300165064324685,3,1.8900495192974058,0,0.0,7,4.4101155450272795,1.701434,1.0719315469032153,0,0.0,3,1.8900495192974058,0,0.0,6,3.7800990385948117,,,,,,,,,,,4.0,,False,False,False
2020-08-25,2.7214847,1.714580321277026,1,0.6300165064324685,4,2.520066025729874,0,0.0,8,5.040132051459748,1.8329706,1.1548017027962487,0,0.0,3,1.8900495192974058,0,0.0,5,3.150082532162343,,,,,,,,,,,1.0,,False,False,False
2020-08-26,3.1676035,1.9956425603595562,1,0.6300165064324685,5,3.150082532162343,0,0.0,10,6.300165064324686,1.976809,1.2454222996893805,0,0.0,3,1.8900495192974058,0,0.0,6,3.7800990385948117,,,,,,,,,,,2.0,,False,False,False
2020-08-27,3.2642832,2.056552330031991,1,0.6300165064324685,5,3.150082532162343,0,0.0,10,6.300165064324686,2.1342294,1.3445997865346726,1,0.6300165064324685,3,1.8900495192974058,0,0.0,6,3.7800990385948117,,,,,,,,,,,4.0,,False,False,False
2020-08-28,2.8592334,1.801364305720199,1,0.6300165064324685,4,2.520066025729874,0,0.0,9,5.670148557892217,2.3066673,1.453238473914098,1,0.6300165064324685,3,1.8900495192974058,0,0.0,6,3.7800990385948117,,,,,,,,,,,3.0,,False,False,False
2020-08-29,2.1935062,1.3819450941809919,1,0.6300165064324685,3,1.8900495192974058,0,0.0,7,4.4101155450272795,2.4957173,1.5723431715741754,1,0.6300165064324685,4,2.520066025729874,0,0.0,8,5.040132051459748,,,,,,,,,,,0.0,,False,False,False
2020-08-30,1.1434851,0.7204144822026137,0,0.0,2,1.260033012864937,0,0.0,4,2.520066025729874,2.703163,1.7030371964210644,1,0.6300165064324685,4,2.520066025729874,0,0.0,8,5.040132051459748,15.150990149974824,9.545373883279881,10.0,6.300165064324686,19.0,11.970313622216901,5.0,3.150082532162343,30.0,18.900495192974056,0.0,14.0,False,False,False
2020-08-31,3.34107,2.104929262713995,1,0.6300165064324685,5,3.150082532162343,0,0.0,10,6.300165064324686,2.931,1.8465783796273172,1,0.6300165064324685,4,2.520066025729874,0,0.0,8,5.040132051459748,16.380557693004608,10.32002173116226,11.0,6.930181570757154,20.0,12.600330128649372,6.0,3.7800990385948117,31.0,19.530511699406524,10.0,20.0,False,True,False
2020-09-01,3.7934203,2.389917426626198,1,0.6300165064324685,5,3.150082532162343,0,0.0,10,6.300165064324686,3.1814532,2.0043680706294253,1,0.6300165064324685,4,2.520066025729874,0,0.0,8,5.040132051459748,17.72904169845581,11.169588913256687,12.0,7.560198077189623,21.0,13.230346635081839,7.0,4.4101155450272795,33.0,20.790544712271462,2.0,21.0,False,False,False
2020-09-02,4.671899,2.94337332888972,2,1.260033012864937,7,4.4101155450272795,0,0.0,12,7.560198077189623,3.4570205,2.177980059059337,1,0.6300165064324685,5,3.150082532162343,0,0.0,10,6.300165064324686,19.20925501060486,12.102147732951664,13.0,8.19021458362209,24.0,15.120396154379247,8.0,5.040132051459748,35.0,22.0505777251364,6.0,25.0,False,False,False
2020-09-03,5.000368,3.1503142963629216,2,1.260033012864937,7,4.4101155450272795,0,0.0,13,8.19021458362209,3.7604942,2.3691734895692207,1,0.6300165064324685,5,3.150082532162343,0,0.0,10,6.300165064324686,20.835520881652833,13.126722075559666,14.0,8.820231090054559,25.0,15.750412660811712,9.0,5.670148557892217,37.0,23.310610738001337,2.0,23.0,False,False,False
2020-09-04,4.739884,2.9862050723750144,2,1.260033012864937,7,4.4101155450272795,0,0.0,13,8.19021458362209,4.0950103,2.5799241484492086,2,1.260033012864937,5,3.150082532162343,0,0.0,10,6.300165064324686,22.623864349365235,14.25340797938916,16.0,10.080264102919497,27.0,17.010445673676653,10.0,6.300165064324686,40.0,25.200660257298743,1.0,21.0,False,False,False
2020-09-05,3.9681659,2.5000099412864074,1,0.6300165064324685,5,3.150082532162343,0,0.0,10,6.300165064324686,4.4640827,2.8124457458034158,2,1.260033012864937,6,3.7800990385948117,0,0.0,12,7.560198077189623,24.592230672836305,15.493511253881724,18.0,11.340297115784434,29.0,18.270478686541587,11.0,6.930181570757154,43.0,27.09070977659615,3.0,24.0,False,False,False
2020-09-06,2.0828626,1.3122378732077777,1,0.6300165064324685,3,1.8900495192974058,0,0.0,6,3.7800990385948117,4.8716598,3.0692259315401316,2,1.260033012864937,7,4.4101155450272795,0,0.0,13,8.19021458362209,26.760731911659242,16.85970282855943,20.0,12.600330128649372,32.0,20.160528205838993,12.0,7.560198077189623,45.0,28.350742789461087,0.0,24.0,False,False,False
2020-09-07,6.0245786,3.7955840525683016,2,1.260033012864937,8,5.040132051459748,0,0.0,15,9.450247596487028,5.3221993,3.353073407197371,2,1.260033012864937,7,4.4101155450272795,0,0.0,14,8.820231090054559,29.151931449890135,18.36619800781859,21.0,13.230346635081839,35.0,22.0505777251364,14.0,8.820231090054559,49.0,30.87080881519096,7.0,21.0,False,False,False
2020-09-08,6.730699,4.240451380610466,3,1.8900495192974058,9,5.670148557892217,1,0.6300165064324685,18,11.340297115784434,5.8206844,3.667127384687774,2,1.260033012864937,8,5.040132051459748,0,0.0,16,10.080264102919497,31.79116252708435,20.02895715074049,23.0,14.490379647946776,38.0,23.940627244433802,16.0,10.080264102919497,54.0,34.020891347353306,4.0,23.0,False,False,False
2020-09-09,8.172487,5.148801938048564,4,2.520066025729874,11,6.930181570757154,1,0.6300165064324685,21,13.230346635081839,6.3727584,4.01494289690163,3,1.8900495192974058,8,5.040132051459748,0,0.0,18,11.340297115784434,34.70689597702027,21.865917352557403,25.0,15.750412660811712,41.0,25.83067676373121,17.0,10.710280609351964,59.0,37.17097387951564,24.0,41.0,False,True,False
2020-09-10,9.222045,5.810040602227673,4,2.520066025729874,13,8.19021458362209,1,0.6300165064324685,24,15.120396154379247,6.9847536,4.400510078994557,3,1.8900495192974058,9,5.670148557892217,1,0.6300165064324685,17,10.710280609351964,37.931156635284424,23.897254788304643,28.0,17.640462180109118,45.0,28.350742789461087,19.0,11.970313622216901,64.0,40.321056411677986,17.0,56.0,False,False,False
2020-09-11,7.7359705,4.873788930126466,3,1.8900495192974058,11,6.930181570757154,1,0.6300165064324685,22,13.860363141514307,7.663854,4.828354576602578,3,1.8900495192974058,11,6.930181570757154,0,0.0,19,11.970313622216901,41.500000274658206,26.145685189986647,30.0,18.900495192974056,50.0,31.500825321623424,21.0,13.230346635081839,70.0,44.1011554502728,5.0,60.0,False,False,False
2020-09-12,6.1215863,3.856700277538039,2,1.260033012864937,8,5.040132051459748,0,0.0,17,10.710280609351964,8.418141,5.303568104864098,3,1.8900495192974058,11,6.930181570757154,1,0.6300165064324685,22,13.860363141514307,45.45406125640869,28.636808875930026,32.0,20.160528205838993,54.0,34.020891347353306,22.0,13.860363141514307,80.0,50.40132051459749,3.0,60.0,False,False,False
2020-09-13,3.3618631,2.1180292606004514,1,0.6300165064324685,5,3.150082532162343,0,0.0,10,6.300165064324686,9.256784,5.831927046529017,4,2.520066025729874,12,7.560198077189623,1,0.6300165064324685,23,14.490379647946776,49.83917400932312,31.39950229283364,34.0,21.420561218703927,60.0,37.80099038594811,23.0,14.490379647946776,89.0,56.0714690724897,0.0,60.0,False,False,False
2020-09-14,9.954487,6.271491292864084,4,2.520066025729874,13,8.19021458362209,1,0.6300165064324685,27,17.010445673676653,10.190106,6.4199353801086545,4,2.520066025729874,14,8.820231090054559,1,0.6300165064324685,24,15.120396154379247,54.70708580780029,34.46636707773162,37.0,23.310610738001337,65.0,40.951072918110455,26.0,16.38042916724418,99.0,62.371634136814386,14.0,67.0,True,False,False
2020-09-15,12.003986,7.5627096521202475,5,3.150082532162343,16,10.080264102919497,1,0.6300165064324685,31,19.530511699406524,11.229886,7.075013854773715,5,3.150082532162343,15,9.450247596487028,1,0.6300165064324685,31,19.530511699406524,60.11628195762634,37.87424993865299,40.0,25.200660257298743,72.0,45.36118846313774,27.0,17.010445673676653,110.0,69.30181570757154,7.0,70.0,True,False,False
2020-09-16,13.865107,8.735246228752658,5,3.150082532162343,20,12.600330128649372,2,1.260033012864937,40,25.200660257298743,12.389402,7.805528002791107,5,3.150082532162343,16,10.080264102919497,1,0.6300165064324685,32,20.160528205838993,66.13291581726074,41.66482858338315,44.0,27.720726283028615,81.0,51.03133702102995,27.0,17.010445673676653,120.0,75.60198077189622,8.0,54.0,True,False,False
2020-09-17,17.40641,10.966325498884544,7,4.4101155450272795,23,14.490379647946776,2,1.260033012864937,49,30.87080881519096,13.683742,8.620983135187998,5,3.150082532162343,18,11.340297115784434,1,0.6300165064324685,35,22.0505777251364,72.83189951705933,45.88529889057831,47.0,29.61077580232602,89.0,56.0714690724897,29.0,18.270478686541587,135.0,85.05222836838325,9.0,46.0,True,False,False
2020-09-18,17.667175,11.130612256238237,7,4.4101155450272795,22,13.860363141514307,2,1.260033012864937,50,31.500825321623424,15.130085,9.53220296651125,6,3.7800990385948117,20,12.600330128649372,1,0.6300165064324685,40,25.200660257298743,80.29813221740723,50.589148732663354,51.0,32.1308418280559,98.0,61.74161763038192,31.0,19.530511699406524,158.0,99.54260801633002,3.0,44.0,True,False,False
2020-09-19,13.477932,8.491319749737158,5,3.150082532162343,18,11.340297115784434,1,0.6300165064324685,41,25.83067676373121,16.747955,10.551488230703399,6,3.7800990385948117,21,13.230346635081839,2,1.260033012864937,43,27.09070977659615,88.62793501091004,55.83706198789741,55.0,34.65090785378577,109.0,68.67179920113907,33.0,20.790544712271462,171.0,107.73282259995212,,,False,False,True
2020-09-20,7.6155267,4.797907604370266,3,1.8900495192974058,11,6.930181570757154,1,0.6300165064324685,22,13.860363141514307,18.559523,11.692805856000632,6,3.7800990385948117,24,15.120396154379247,2,1.260033012864937,54,34.020891347353306,97.93070069885253,61.69795792677478,59.0,37.17097387951564,122.0,76.86201378476116,34.0,21.420561218703927,202.0,127.26333429935865,,,False,False,True
2020-09-21,22.71857,14.313074643723667,8,5.040132051459748,28,17.640462180109118,2,1.260033012864937,70,44.1011554502728,20.590176,12.97215058002621,7,4.4101155450272795,25,15.750412660811712,2,1.260033012864937,59,37.17097387951564,108.33077320480346,68.25017527361834,62.0,39.06102339881305,134.0,84.42221186195079,34.0,21.420561218703927,225.0,141.7537139473054,,,False,False,True
2020-09-22,24.742788,15.588365204166621,9,5.670148557892217,30,18.900495192974056,3,1.8900495192974058,68,42.841122437407854,22.868763,14.407698472496122,8,5.040132051459748,30,18.900495192974056,2,1.260033012864937,65,40.951072918110455,119.96965424728394,75.58286244678499,67.0,42.21110593097539,150.0,94.50247596487029,38.0,23.940627244433802,256.0,161.28422564671195,,,False,False,True
2020-09-23,28.87033,18.188785179518163,10,6.300165064324686,36,22.68059423156887,3,1.8900495192974058,83,52.29137003389489,25.428247,16.02021511644125,8,5.040132051459748,32,20.160528205838993,2,1.260033012864937,70,44.1011554502728,133.00851511001588,83.7975600153824,72.0,45.36118846313774,166.0,104.58274006778979,41.0,25.83067676373121,284.0,178.92468782682104,,,False,False,True
