,Unnamed: 0,Raw Prediction Mean,Raw Prediction Mean 100k,Raw Prediction Q25,Raw Prediction Q25 100k,Raw Prediction Q75,Raw Prediction Q75 100k,Raw Prediction Q5,Raw Prediction Q5 100k,Raw Prediction Q95,Raw Prediction Q95 100k,Trend Prediction Mean,Trend Prediction Mean 100k,Trend Prediction Q25,Trend Prediction Q25 100k,Trend Prediction Q75,Trend Prediction Q75 100k,Trend Prediction Q5,Trend Prediction Q5 100k,Trend Prediction Q95,Trend Prediction Q95 100k,Trend 7Day Prediction Mean,Trend 7Day Prediction Mean 100k,Trend 7Day Prediction Q25,Trend 7Day Prediction Q25 100k,Trend 7Day Prediction Q75,Trend 7Day Prediction Q75 100k,Trend 7Day Prediction Q5,Trend 7Day Prediction Q5 100k,Trend 7Day Prediction Q95,Trend 7Day Prediction Q95 100k,RKI Meldedaten,RKI 7Day Incidence,is_nowcast,is_high,is_prediction
0,2020-08-29,0.03354013,0.0168058619465227,0,0.0,0,0.0,0,0.0,0,0.0,0.04558489,0.0228410968361458,0,0.0,0,0.0,0,0.0,0,0.0,,,,,,,,,,,0.0,,False,False,False
1,2020-08-30,0.03273607,0.0164029742677485,0,0.0,0,0.0,0,0.0,0,0.0,0.055461925,0.0277901563094928,0,0.0,0,0.0,0,0.0,1,0.5010672732921122,,,,,,,,,,,0.0,,False,False,False
2,2020-08-31,0.057325628,0.0287239970475639,0,0.0,0,0.0,0,0.0,1,0.5010672732921122,0.067719355,0.0339319512931979,0,0.0,0,0.0,0,0.0,1,0.5010672732921122,,,,,,,,,,,0.0,,False,False,False
3,2020-09-01,0.10263075,0.0514249109073716,0,0.0,0,0.0,0,0.0,1,0.5010672732921122,0.08298547,0.0415813019571942,0,0.0,0,0.0,0,0.0,1,0.5010672732921122,,,,,,,,,,,0.0,,False,False,False
4,2020-09-02,0.1425747,0.0714395127943134,0,0.0,0,0.0,0,0.0,1,0.5010672732921122,0.10206867,0.051143268819942,0,0.0,0,0.0,0,0.0,1,0.5010672732921122,,,,,,,,,,,2.0,,False,True,False
5,2020-09-03,0.15674545,0.0785400118274992,0,0.0,0,0.0,0,0.0,1,0.5010672732921122,0.12601212,0.0631405498552339,0,0.0,0,0.0,0,0.0,1,0.5010672732921122,,,,,,,,,,,0.0,,False,False,False
6,2020-09-04,0.1964201,0.0984196844910911,0,0.0,0,0.0,0,0.0,1,0.5010672732921122,0.15616892,0.0782511335728486,0,0.0,0,0.0,0,0.0,1,0.5010672732921122,0.6360015992932022,0.3186795871672674,0.0,0.0,1.0,0.5010672732921122,0.0,0.0,3.0,1.5032018198763366,0.0,2.0,False,False,False
7,2020-09-05,0.15337619,0.0768517907090426,0,0.0,0,0.0,0,0.0,1,0.5010672732921122,0.19429965,0.0973572014117962,0,0.0,0,0.0,0,0.0,1,0.5010672732921122,0.7847163826972247,0.3931956981857479,0.0,0.0,1.0,0.5010672732921122,0.0,0.0,3.0,1.5032018198763366,0.0,2.0,False,False,False
8,2020-09-06,0.15694693,0.0786409714237379,0,0.0,0,0.0,0,0.0,1,0.5010672732921122,0.24270527,0.1216116629620955,0,0.0,0,0.0,0,0.0,1,0.5010672732921122,0.9719598119966686,0.4870172527466848,0.0,0.0,2.0,1.0021345465842244,0.0,0.0,4.0,2.004269093168449,0.0,2.0,False,False,False
9,2020-09-07,0.27501538,0.137801202981791,0,0.0,0,0.0,0,0.0,1,0.5010672732921122,0.30440563,0.1525276957181631,0,0.0,0,0.0,0,0.0,2,1.0021345465842244,1.2086459668055176,0.6056129389627495,0.0,0.0,2.0,1.0021345465842244,0.0,0.0,4.0,2.004269093168449,0.0,2.0,False,False,False
10,2020-09-08,0.48571405,0.2433754161756951,0,0.0,1,0.5010672732921122,0,0.0,2,1.0021345465842244,0.3833802,0.1920992644954822,0,0.0,1,0.5010672732921122,0,0.0,2,1.0021345465842244,1.5090405374020337,0.7561308273633007,0.0,0.0,2.0,1.0021345465842244,0.0,0.0,5.0,2.505336366460561,0.0,2.0,False,False,False
11,2020-09-09,0.6760174,0.3387302058399655,0,0.0,1,0.5010672732921122,0,0.0,3,1.5032018198763366,0.48489738,0.2429662117719999,0,0.0,1,0.5010672732921122,0,0.0,2,1.0021345465842244,1.8918693800717592,0.9479538316973952,1.0,0.5010672732921122,3.0,1.5032018198763366,0.0,0.0,5.0,2.505336366460561,0.0,0.0,False,False,False
12,2020-09-10,0.77604616,0.3888513219862943,0,0.0,1,0.5010672732921122,0,0.0,3,1.5032018198763366,0.6159634,0.3086390961470897,0,0.0,1,0.5010672732921122,0,0.0,3,1.5032018198763366,2.3818203245699405,1.1934522155039935,1.0,0.5010672732921122,3.0,1.5032018198763366,0.0,0.0,6.0,3.006403639752673,0.0,0.0,False,False,False
13,2020-09-11,1.0042006,0.503172032040311,0,0.0,2,1.0021345465842244,0,0.0,4,2.004269093168449,0.78593534,0.3938064764952287,0,0.0,1,0.5010672732921122,0,0.0,3,1.5032018198763366,3.011586763560772,1.509007567900013,1.0,0.5010672732921122,4.0,2.004269093168449,0.0,0.0,8.0,4.008538186336898,0.0,0.0,False,False,False
14,2020-09-12,0.8061372,0.403928970627021,0,0.0,1,0.5010672732921122,0,0.0,3,1.5032018198763366,1.0073764,0.5047633749200031,0,0.0,1,0.5010672732921122,0,0.0,3,1.5032018198763366,3.824663279891014,1.9164136009154569,2.0,1.0021345465842244,5.0,2.505336366460561,0.0,0.0,9.0,4.50960545962901,1.0,1.0,False,False,False
15,2020-09-13,0.85360086,0.4277114385331515,0,0.0,1,0.5010672732921122,0,0.0,3,1.5032018198763366,1.297227,0.649997991786222,0,0.0,2,1.0021345465842244,0,0.0,4,2.004269093168449,4.8791859418153765,2.444800395750637,2.0,1.0021345465842244,7.0,3.507470913044785,1.0,0.5010672732921122,11.0,5.511740006213234,1.0,2.0,False,False,False
16,2020-09-14,1.5220289,0.762638865126064,0,0.0,2,1.0021345465842244,0,0.0,5,2.505336366460561,1.6784581,0.8410203918174375,0,0.0,2,1.0021345465842244,0,0.0,6,3.006403639752673,6.253238194704056,3.133293011466452,4.0,2.004269093168449,8.0,4.008538186336898,1.0,0.5010672732921122,13.0,6.513874552797459,4.0,6.0,False,False,False
17,2020-09-15,2.732767,1.3693001164938323,1,0.5010672732921122,4,2.004269093168449,0,0.0,9,4.50960545962901,2.1823614,1.0935098543995991,1,0.5010672732921122,3,1.5032018198763366,0,0.0,6,3.006403639752673,8.052217643499374,4.034702738582868,5.0,2.505336366460561,11.0,5.511740006213234,2.0,1.0021345465842244,17.0,8.518143645965907,0.0,6.0,False,False,False
18,2020-09-16,3.9821415,1.995320781134069,1,0.5010672732921122,5,2.505336366460561,0,0.0,10,5.010672732921122,2.8517983,1.428942778147757,1,0.5010672732921122,4,2.004269093168449,0,0.0,8,4.008538186336898,10.419120436668395,5.220680267303554,6.0,3.006403639752673,13.0,6.513874552797459,3.0,1.5032018198763366,21.0,10.522412739134356,2.0,8.0,False,False,False
19,2020-09-17,4.8467317,2.4285385734401643,2,1.0021345465842244,7,3.507470913044785,0,0.0,14,7.01494182608957,3.7458262,1.876910937426146,1,0.5010672732921122,5,2.505336366460561,0,0.0,10,5.010672732921122,13.54898290538788,6.788951920284145,9.0,4.50960545962901,17.0,8.518143645965907,5.0,2.505336366460561,26.0,13.027749105594918,7.0,15.0,False,False,False
20,2020-09-18,6.1974645,3.105346695519984,2,1.0021345465842244,8,4.008538186336898,0,0.0,18,9.01921091925802,4.9462204,2.478389251336921,2,1.0021345465842244,7,3.507470913044785,0,0.0,14,7.01494182608957,17.709267101287843,8.873534178444007,11.0,5.511740006213234,22.0,11.023480012426468,7.0,3.507470913044785,34.0,17.036287291931814,7.0,22.0,False,False,False
21,2020-09-19,5.024226,2.5174753318424337,2,1.0021345465842244,7,3.507470913044785,0,0.0,14,7.01494182608957,6.5669208,3.2904692488955334,2,1.0021345465842244,9,4.50960545962901,0,0.0,18,9.01921091925802,23.268815059661865,11.659241714683208,14.0,7.01494182608957,30.0,15.032018198763366,8.0,4.008538186336898,45.0,22.548027298145048,4.0,25.0,True,False,False
22,2020-09-20,5.628899,2.820457120833453,2,1.0021345465842244,7,3.507470913044785,0,0.0,16,8.017076372673795,8.767653,4.393184281070717,3,1.5032018198763366,12,6.012807279505346,1,0.5010672732921122,25,12.526681832302804,30.73923492050171,15.40242462470147,19.0,9.520278192550132,39.0,19.54162365839237,11.0,5.511740006213234,62.0,31.066170944110954,2.0,26.0,True,False,False
23,2020-09-21,10.882242,5.452735422295518,4,2.004269093168449,14,7.01494182608957,1,0.5010672732921122,32,16.03415274534759,11.773589,5.899360257899389,4,2.004269093168449,16,8.017076372673795,0,0.0,36,18.03842183851604,40.83437288856506,20.460767879866648,24.0,12.025614559010693,51.0,25.55443093789772,12.0,6.012807279505346,87.0,43.59285277641376,2.0,24.0,True,False,False
24,2020-09-22,21.414074,10.72989180102013,7,3.507470913044785,27,13.528816378887027,2,1.0021345465842244,57,28.5608345776504,15.9044,7.969174475874752,5,2.505336366460561,21,10.522412739134356,1,0.5010672732921122,47,23.55016184472927,54.55641240406037,27.336432803902493,30.0,15.032018198763366,69.0,34.57364185715574,16.0,8.017076372673795,120.0,60.12807279505346,0.0,24.0,True,False,False
25,2020-09-23,31.237528,15.652102592866868,9,4.50960545962901,39,19.54162365839237,3,1.5032018198763366,100,50.10672732921122,21.616562,10.831351391971111,7,3.507470913044785,27,13.528816378887027,2,1.0021345465842244,66,33.070440037279404,73.3211747751236,36.738841119145576,37.0,18.53948911180815,91.0,45.59712186958221,19.0,9.520278192550132,177.0,88.68890737270385,1.0,23.0,True,False,False
26,2020-09-24,37.5633,18.8217411050573,10,5.010672732921122,44,22.046960024852936,2,1.0021345465842244,122,61.13020734163769,29.566488,14.814799942541867,8,4.008538186336898,35,17.537354565223925,2,1.0021345465842244,105,52.61206369567178,99.14183975696564,49.67673131618629,47.0,23.55016184472927,120.0,60.12807279505346,23.0,11.52454728571858,258.0,129.27535650936494,,,False,False,True
27,2020-09-25,50.611374,25.35970415920019,13,6.513874552797459,62,31.066170944110954,3,1.5032018198763366,181,90.69317646587233,40.704296,20.39559039985761,10,5.010672732921122,47,23.55016184472927,3,1.5032018198763366,137,68.64621644101936,134.89995475578309,67.59395249670953,58.0,29.061901850942505,161.0,80.67183100003005,27.0,13.528816378887027,367.0,183.8916892982052,,,False,False,True
28,2020-09-26,42.87147,21.481490693986416,10,5.010672732921122,48,24.051229118021386,3,1.5032018198763366,144,72.15368735406416,56.41472,28.26756972353905,14,7.01494182608957,63,31.567238217403062,4,2.004269093168449,174,87.18570555282751,184.7477635707855,92.57105813922932,74.0,37.0789782236163,218.0,109.23266557768046,36.0,18.03842183851604,518.0,259.5528475653141,,,False,False,True
29,2020-09-27,48.8872,24.49577441439033,9,4.50960545962901,53,26.556565484481947,2,1.0021345465842244,166,83.17716736649062,78.7297,39.44887430407107,15,7.516009099381683,75,37.58004549690841,5,2.505336366460561,276,138.29456742862297,254.709788230896,127.6267390696664,90.0,45.096054596290095,290.0,145.30950925471254,42.0,21.044825478268717,742.0,371.7919167827473,,,False,False,True
30,2020-09-28,96.638885,48.422583495266736,18,9.01921091925802,96,48.10245823604277,5,2.505336366460561,324,162.34579654664435,110.65126,55.44372252188623,21,10.522412739134356,114,57.12166915530079,6,3.006403639752673,406,203.4333129565976,353.58750628852846,177.17112764615052,111.0,55.618467335424455,391.0,195.91730385721587,51.0,25.55443093789772,1103.0,552.6772024411998,,,False,False,True
