,Raw Prediction Mean,Raw Prediction Mean 100k,Raw Prediction Q25,Raw Prediction Q25 100k,Raw Prediction Q75,Raw Prediction Q75 100k,Raw Prediction Q5,Raw Prediction Q5 100k,Raw Prediction Q95,Raw Prediction Q95 100k,Trend Prediction Mean,Trend Prediction Mean 100k,Trend Prediction Q25,Trend Prediction Q25 100k,Trend Prediction Q75,Trend Prediction Q75 100k,Trend Prediction Q5,Trend Prediction Q5 100k,Trend Prediction Q95,Trend Prediction Q95 100k,Trend 7Day Prediction Mean,Trend 7Day Prediction Mean 100k,Trend 7Day Prediction Q25,Trend 7Day Prediction Q25 100k,Trend 7Day Prediction Q75,Trend 7Day Prediction Q75 100k,Trend 7Day Prediction Q5,Trend 7Day Prediction Q5 100k,Trend 7Day Prediction Q95,Trend 7Day Prediction Q95 100k,RKI Meldedaten,RKI 7Day Incidence,is_nowcast,is_high,is_prediction
2021-08-02,1.0546454,0.6506863428512588,0,0.0,2,1.233943312644217,0,0.0,3,1.8509149689663258,1.3433834,0.8288295248348732,0,0.0,2,1.233943312644217,0,0.0,4,2.467886625288434,,,,,,,,,,,1.0,,False,False,False
2021-08-03,2.1241426,1.3105358448228799,1,0.6169716563221085,3,1.8509149689663258,0,0.0,7,4.318801594254761,1.463776,0.9031083209265489,0,0.0,2,1.233943312644217,0,0.0,4,2.467886625288434,,,,,,,,,,,3.0,,False,False,False
2021-08-04,2.3091967,1.4247088984120637,1,0.6169716563221085,3,1.8509149689663258,0,0.0,7,4.318801594254761,1.596254,0.9848434274317697,0,0.0,2,1.233943312644217,0,0.0,5,3.084858281610543,,,,,,,,,,,3.0,,False,False,False
2021-08-05,2.1951523,1.354346750304103,1,0.6169716563221085,3,1.8509149689663258,0,0.0,6,3.7018299379326516,1.7421403,1.0748512067948468,0,0.0,3,1.8509149689663258,0,0.0,5,3.084858281610543,,,,,,,,,,,4.0,,False,False,False
2021-08-06,2.118777,1.3072253750578966,1,0.6169716563221085,3,1.8509149689663258,0,0.0,6,3.7018299379326516,1.9029069,1.1740396075765602,1,0.6169716563221085,3,1.8509149689663258,0,0.0,6,3.7018299379326516,,,,,,,,,,,2.0,,False,False,False
2021-08-07,1.7466779,1.077650722436374,1,0.6169716563221085,3,1.8509149689663258,0,0.0,5,3.084858281610543,2.0802038,1.2834268090955447,1,0.6169716563221085,3,1.8509149689663258,0,0.0,6,3.7018299379326516,,,,,,,,,,,1.0,,False,False,False
2021-08-08,0.7181572,0.44308262658887543,0,0.0,1,0.6169716563221085,0,0.0,3,1.8509149689663258,2.2758794,1.404153044859413,1,0.6169716563221085,3,1.8509149689663258,0,0.0,6,3.7018299379326516,12.404546058177948,7.653253327437932,8.0,4.935773250576868,16.0,9.871546501153736,4.0,2.467886625288434,24.0,14.807319751730606,0.0,14.0,False,False,False
2021-08-09,1.9975445,1.2324283488851506,1,0.6169716563221085,3,1.8509149689663258,0,0.0,5,3.084858281610543,2.4919968,1.5374913346022367,1,0.6169716563221085,3,1.8509149689663258,0,0.0,6,3.7018299379326516,13.5531613945961,8.361916434024815,9.0,5.552744906898977,17.0,10.488518157475845,5.0,3.084858281610543,25.0,15.424291408052714,1.0,14.0,False,False,False
2021-08-10,4.041448,2.493458850949537,2,1.233943312644217,6,3.7018299379326516,0,0.0,10,6.169716563221086,2.7308726,1.684870949247852,1,0.6169716563221085,4,2.467886625288434,0,0.0,7,4.318801594254761,14.820258219718934,9.143679260941335,10.0,6.169716563221086,19.0,11.722461470120063,6.0,3.7018299379326516,26.0,16.041263064374824,4.0,15.0,False,False,False
2021-08-11,4.440791,2.7398422389524058,2,1.233943312644217,6,3.7018299379326516,0,0.0,10,6.169716563221086,2.995097,1.8478898709872738,1,0.6169716563221085,4,2.467886625288434,0,0.0,8,4.935773250576868,16.21910265493393,10.006726629072896,12.0,7.403659875865303,20.0,12.339433126442172,7.0,4.318801594254761,28.0,17.275206377019042,5.0,17.0,False,False,False
2021-08-12,4.2136965,2.5997313059633598,2,1.233943312644217,6,3.7018299379326516,1,0.6169716563221085,11,6.786688219543194,3.2875884,2.0283488993300125,1,0.6169716563221085,5,3.084858281610543,0,0.0,9,5.552744906898977,17.764551933288573,10.960225030101165,13.0,8.020631532187412,22.0,13.573376439086388,8.0,4.935773250576868,31.0,19.126121345985364,3.0,16.0,False,False,False
2021-08-13,4.134346,2.550774297560565,2,1.233943312644217,6,3.7018299379326516,0,0.0,11,6.786688219543194,3.6116116,2.228262019343674,1,0.6169716563221085,5,3.084858281610543,0,0.0,9,5.552744906898977,19.47325666427612,12.014447418143977,14.0,8.637603188509521,24.0,14.807319751730606,9.0,5.552744906898977,33.0,20.360064658629582,4.0,18.0,False,False,False
2021-08-14,3.4186268,2.109195884258952,2,1.233943312644217,5,3.084858281610543,0,0.0,8,4.935773250576868,3.9708395,2.4498955099261366,2,1.233943312644217,5,3.084858281610543,0,0.0,10,6.169716563221086,21.363890800476074,13.18091509265438,16.0,9.871546501153736,26.0,16.041263064374824,10.0,6.169716563221086,35.0,21.5940079712738,4.0,21.0,False,False,False
2021-08-15,1.4108903,0.8704793799552135,0,0.0,2,1.233943312644217,0,0.0,4,2.467886625288434,4.369401,2.695796501939185,2,1.233943312644217,6,3.7018299379326516,0,0.0,11,6.786688219543194,23.45741234207153,14.472558545718545,18.0,11.105489813797954,29.0,17.89217803334115,11.0,6.786688219543194,38.0,23.444922940240126,1.0,22.0,False,False,False
2021-08-16,3.9096096,2.4121183741954155,2,1.233943312644217,5,3.084858281610543,0,0.0,10,6.169716563221086,4.811942,2.968831904581748,2,1.233943312644217,6,3.7018299379326516,0,0.0,12,7.403659875865303,25.777361434936523,15.903901380126431,20.0,12.339433126442172,31.0,19.126121345985364,13.0,8.020631532187412,43.0,26.52978122185067,1.0,22.0,False,False,False
2021-08-17,7.9836907,4.92571089125704,4,2.467886625288434,11,6.786688219543194,1,0.6169716563221085,18,11.105489813797954,5.3037086,3.272237881901674,3,1.8509149689663258,7,4.318801594254761,1,0.6169716563221085,12,7.403659875865303,28.3501959400177,17.49126734616904,22.0,13.573376439086388,34.0,20.97703631495169,14.0,8.637603188509521,47.0,28.9976678471391,8.0,26.0,False,False,False
2021-08-18,8.952159,5.523228173842654,4,2.467886625288434,12,7.403659875865303,1,0.6169716563221085,21,12.95640478276428,5.850583,3.6096440453547984,3,1.8509149689663258,8,4.935773250576868,1,0.6169716563221085,13,8.020631532187412,31.205676671981813,19.253018022964806,24.0,14.807319751730606,37.0,22.82795128391802,16.0,9.871546501153736,51.0,31.465554472427534,3.0,24.0,False,False,False
2021-08-19,8.628112,5.323300501913764,4,2.467886625288434,12,7.403659875865303,1,0.6169716563221085,20,12.339433126442172,6.459213,3.985151124652475,3,1.8509149689663258,9,5.552744906898977,1,0.6169716563221085,15,9.254574844831629,34.37730370903015,21.209822009248498,26.0,16.041263064374824,40.0,24.678866252884344,18.0,11.105489813797954,55.0,33.93344109771597,9.0,30.0,False,False,False
2021-08-20,8.446581,5.211300958762877,4,2.467886625288434,11,6.786688219543194,2,1.233943312644217,20,12.339433126442172,7.137122,4.4034019083483145,4,2.467886625288434,9,5.552744906898977,1,0.6169716563221085,16,9.871546501153736,37.902813591003415,23.384961680509505,28.0,17.275206377019042,44.0,27.146752878172776,20.0,12.339433126442172,62.0,38.25224269197073,9.0,35.0,False,False,False
2021-08-21,7.0563693,4.3535797885851935,4,2.467886625288434,10,6.169716563221086,1,0.6169716563221085,17,10.488518157475845,7.8927765,4.869619442615658,4,2.467886625288434,10,6.169716563221086,1,0.6169716563221085,19,11.722461470120063,41.82475186920166,25.804686436002555,31.0,19.126121345985364,49.0,30.23161115978332,22.0,13.573376439086388,69.0,42.57104428622549,5.0,36.0,False,False,False
2021-08-22,2.9536521,1.8223196093458682,1,0.6169716563221085,4,2.467886625288434,0,0.0,7,4.318801594254761,8.735765,5.389719808590598,4,2.467886625288434,11,6.786688219543194,1,0.6169716563221085,20,12.339433126442172,46.19111820411682,28.498610705764253,34.0,20.97703631495169,54.0,33.31646944139386,24.0,14.807319751730606,77.0,47.50681753680236,8.0,43.0,False,False,False
2021-08-23,8.4025,5.184104520594701,4,2.467886625288434,11,6.786688219543194,1,0.6169716563221085,20,12.339433126442172,9.676946,5.970401252852753,5,3.084858281610543,13,8.020631532187412,2,1.233943312644217,23,14.190348095408496,51.056106512069704,31.500170600109637,38.0,23.444922940240126,60.0,37.018299379326514,25.0,15.424291408052714,86.0,53.05956244370134,8.0,50.0,True,False,False
2021-08-24,16.143072,9.959818271454424,9,5.552744906898977,22,13.573376439086388,3,1.8509149689663258,39,24.061894596562233,10.728562,6.619218765990809,5,3.084858281610543,14,8.637603188509521,2,1.233943312644217,26,16.041263064374824,56.48095878410339,34.847150691689016,41.0,25.29583790920645,65.0,40.10315766093706,27.0,16.65823472069693,98.0,60.46322231956664,12.0,54.0,True,False,False
2021-08-25,17.806707,10.986233974108472,8,4.935773250576868,23,14.190348095408496,3,1.8509149689663258,44,27.146752878172776,11.904554,7.344772893702611,6,3.7018299379326516,17,10.488518157475845,2,1.233943312644217,30,18.509149689663257,62.53492411804199,38.58227571108574,45.0,27.763724534494884,74.0,45.65590256783604,29.0,17.89217803334115,111.0,68.48385385175405,12.0,63.0,True,False,False
2021-08-26,18.15148,11.19894877774641,9,5.552744906898977,23,14.190348095408496,3,1.8509149689663258,46,28.38069619081699,13.220681,8.156785770552233,6,3.7018299379326516,18,11.105489813797954,2,1.233943312644217,32,19.74309300230747,69.29638251686096,42.75390389855811,49.0,30.23161115978332,82.0,50.5916758184129,31.0,19.126121345985364,126.0,77.73842869658567,8.0,62.0,True,False,False
2021-08-27,18.157137,11.202439054613933,8,4.935773250576868,24,14.807319751730606,3,1.8509149689663258,46,28.38069619081699,14.694838,9.066297934623435,7,4.318801594254761,19,11.722461470120063,2,1.233943312644217,37,22.82795128391802,76.85410360717773,47.41680359767139,54.0,33.31646944139386,93.0,57.37836403795609,32.0,19.74309300230747,143.0,88.22694685406152,7.0,60.0,True,False,False
2021-08-28,15.142978,9.342787961941212,7,4.318801594254761,19,11.722461470120063,3,1.8509149689663258,37,22.82795128391802,16.34739,10.085875692311674,7,4.318801594254761,21,12.95640478276428,3,1.8509149689663258,43,26.52978122185067,85.30871565628051,52.63305959716718,58.0,35.7843560666823,104.0,64.1650522574993,34.0,20.97703631495169,161.0,99.33243666785947,,,False,False,True
2021-08-29,6.3480225,3.9165497582871467,3,1.8509149689663258,9,5.552744906898977,0,0.0,18,11.105489813797954,18.201437,11.229770461795852,9,5.552744906898977,24,14.807319751730606,3,1.8509149689663258,51,31.465554472427534,94.77438199043274,58.473107433541514,63.0,38.869214348292836,117.0,72.1856837896867,38.0,23.444922940240126,186.0,114.75672807591218,,,False,False,True
2021-08-30,18.169186,11.209872900508344,8,4.935773250576868,23,14.190348095408496,3,1.8509149689663258,46,28.38069619081699,20.283266,12.514200352597982,9,5.552744906898977,27,16.65823472069693,3,1.8509149689663258,53,32.699497785071756,105.38071594429016,65.01691486055834,68.0,41.95407262990338,133.0,82.05723029084044,39.0,24.061894596562233,213.0,131.4149627966091,,,False,False,True
2021-08-31,37.16167,22.927697864361107,16,9.871546501153736,48,29.614639503461213,6,3.7018299379326516,104,64.1650522574993,22.62286,13.957663031760603,10,6.169716563221086,29,17.89217803334115,3,1.8509149689663258,58,35.7843560666823,117.27500625228882,72.35535485266027,74.0,45.65590256783604,144.0,88.84391851038363,42.0,25.91280956552856,245.0,151.1580557989166,,,False,False,True
2021-09-01,40.798195,25.171329616568983,17,10.488518157475845,55,33.93344109771597,6,3.7018299379326516,109,67.24991053910983,25.25428,15.581175102852285,11,6.786688219543194,33,20.360064658629582,4,2.467886625288434,67,41.33710097358127,130.6247528038025,80.59177009402802,82.0,50.5916758184129,160.0,98.71546501153738,43.0,26.52978122185067,286.0,176.45389370812305,,,False,False,True
