,Unnamed: 0,Raw Prediction Mean,Raw Prediction Mean 100k,Raw Prediction Q25,Raw Prediction Q25 100k,Raw Prediction Q75,Raw Prediction Q75 100k,Raw Prediction Q5,Raw Prediction Q5 100k,Raw Prediction Q95,Raw Prediction Q95 100k,Trend Prediction Mean,Trend Prediction Mean 100k,Trend Prediction Q25,Trend Prediction Q25 100k,Trend Prediction Q75,Trend Prediction Q75 100k,Trend Prediction Q5,Trend Prediction Q5 100k,Trend Prediction Q95,Trend Prediction Q95 100k,Trend 7Day Prediction Mean,Trend 7Day Prediction Mean 100k,Trend 7Day Prediction Q25,Trend 7Day Prediction Q25 100k,Trend 7Day Prediction Q75,Trend 7Day Prediction Q75 100k,Trend 7Day Prediction Q5,Trend 7Day Prediction Q5 100k,Trend 7Day Prediction Q95,Trend 7Day Prediction Q95 100k,RKI Meldedaten,RKI 7Day Incidence,is_nowcast,is_high,is_prediction
0,2020-03-08,0.11630423,0.2876823828046326,0,0.0,0,0.0,0,0.0,1,2.473533194815474,0.16038214,0.3967105385527247,0,0.0,0,0.0,0,0.0,1,2.473533194815474,,,,,,,,,,,0.0,,False,False,False
1,2020-03-09,0.22803059,0.5640412382490467,0,0.0,0,0.0,0,0.0,1,2.473533194815474,0.18619877,0.4605688445735723,0,0.0,0,0.0,0,0.0,1,2.473533194815474,,,,,,,,,,,0.0,,False,False,False
2,2020-03-10,0.3280771,0.8115096534311306,0,0.0,0,0.0,0,0.0,2,4.947066389630949,0.21675189,0.5361429884942481,0,0.0,0,0.0,0,0.0,1,2.473533194815474,,,,,,,,,,,0.0,,False,False,False
3,2020-03-11,0.41788083,1.0336420928069856,0,0.0,1,2.473533194815474,0,0.0,2,4.947066389630949,0.2530013,0.6258071152842604,0,0.0,0,0.0,0,0.0,1,2.473533194815474,,,,,,,,,,,0.0,,False,False,False
4,2020-03-12,0.48997194,1.211961807712214,0,0.0,1,2.473533194815474,0,0.0,2,4.947066389630949,0.2961159,0.7324525086005451,0,0.0,0,0.0,0,0.0,2,4.947066389630949,,,,,,,,,,,2.0,,False,False,False
5,2020-03-13,0.5060249,1.2516693459474482,0,0.0,1,2.473533194815474,0,0.0,2,4.947066389630949,0.34752658,0.8596185580245219,0,0.0,1,2.473533194815474,0,0.0,2,4.947066389630949,,,,,,,,,,,0.0,,False,False,False
6,2020-03-14,0.4517738,1.1174774954270106,0,0.0,1,2.473533194815474,0,0.0,2,4.947066389630949,0.40898448,1.0116366865986492,0,0.0,1,2.473533194815474,0,0.0,2,4.947066389630949,1.8689614599049087,4.622938210905583,1.0,2.473533194815474,3.0,7.420599584446424,0.0,0.0,5.0,12.367665974077372,0.0,2.0,False,False,False
7,2020-03-15,0.33531597,0.8294151484733447,0,0.0,1,2.473533194815474,0,0.0,2,4.947066389630949,0.48264134,1.1938293937419076,0,0.0,1,2.473533194815474,0,0.0,2,4.947066389630949,2.1912211920917035,5.420058355821964,1.0,2.473533194815474,3.0,7.420599584446424,0.0,0.0,6.0,14.841199168892848,1.0,3.0,False,False,False
8,2020-03-16,0.6659763,1.647314456931781,0,0.0,1,2.473533194815474,0,0.0,3,7.420599584446424,0.5711482,1.4127540453046097,0,0.0,1,2.473533194815474,0,0.0,2,4.947066389630949,2.5761708030700685,6.372243996908253,1.0,2.473533194815474,4.0,9.894132779261898,0.0,0.0,7.0,17.31473236370832,0.0,3.0,False,False,False
9,2020-03-17,0.9965029,2.4648828912177123,0,0.0,1,2.473533194815474,0,0.0,4,9.894132779261898,0.67777395,1.6764963220339268,0,0.0,1,2.473533194815474,0,0.0,3,7.420599584446424,3.037192730665207,7.512597038352644,1.0,2.473533194815474,4.0,9.894132779261898,0.0,0.0,8.0,19.7882655585238,2.0,5.0,False,False,False
10,2020-03-18,1.2650659,3.129182368866168,0,0.0,2,4.947066389630949,0,0.0,5,12.367665974077372,0.8065654,1.995066304516513,0,0.0,1,2.473533194815474,0,0.0,3,7.420599584446424,3.590757201015949,8.881857131235652,2.0,4.947066389630949,5.0,12.367665974077372,0.0,0.0,8.0,19.7882655585238,1.0,6.0,False,False,False
11,2020-03-19,1.4445642,3.5731776733882725,0,0.0,2,4.947066389630949,0,0.0,5,12.367665974077372,0.9625444,2.3808854166418314,0,0.0,2,4.947066389630949,0,0.0,4,9.894132779261898,4.257184768557549,10.53028784148993,2.0,4.947066389630949,5.0,12.367665974077372,1.0,2.473533194815474,9.0,22.26179875333927,4.0,8.0,False,False,False
12,2020-03-20,1.52165,3.763851782423444,0,0.0,2,4.947066389630949,0,0.0,5,12.367665974077372,1.1519512,2.8493896024883725,0,0.0,2,4.947066389630949,0,0.0,4,9.894132779261898,5.061609143018723,12.520058234438316,3.0,7.420599584446424,7.0,17.31473236370832,1.0,2.473533194815474,11.0,27.20886514297022,1.0,9.0,False,False,False
13,2020-03-21,1.2795277,3.16495425067842,0,0.0,2,4.947066389630949,0,0.0,4,9.894132779261898,1.3825717,3.419836866669357,0,0.0,2,4.947066389630949,0,0.0,5,12.367665974077372,6.035195591211319,14.9282566320652,3.0,7.420599584446424,8.0,19.7882655585238,1.0,2.473533194815474,12.0,29.682398337785692,0.0,9.0,False,False,False
14,2020-03-22,0.9409897,2.327569200133439,0,0.0,2,4.947066389630949,0,0.0,4,9.894132779261898,1.664134,4.116290801903233,0,0.0,2,4.947066389630949,0,0.0,5,12.367665974077372,7.216688142299652,17.850717676609413,4.0,9.894132779261898,9.0,22.26179875333927,2.0,4.947066389630949,14.0,34.62946472741664,0.0,8.0,False,False,False
15,2020-03-23,2.0162756,4.987324791727588,0,0.0,3,7.420599584446424,0,0.0,6,14.841199168892848,2.008836,4.968922439729795,0,0.0,3,7.420599584446424,0,0.0,6,14.841199168892848,8.654375383377076,21.40688479117709,5.0,12.367665974077372,11.0,27.20886514297022,2.0,4.947066389630949,17.0,42.05006431186307,1.0,9.0,False,False,False
16,2020-03-24,2.9612226,7.324682519538328,1,2.473533194815474,4,9.894132779261898,0,0.0,9,22.26179875333927,2.4319944,6.0156191466376185,1,2.473533194815474,4,9.894132779261898,0,0.0,7,17.31473236370832,10.408599065303802,25.74601529955428,7.0,17.31473236370832,13.0,32.155931532601166,3.0,7.420599584446424,20.0,49.47066389630949,3.0,10.0,False,False,False
17,2020-03-25,3.6938226,9.136793232755736,1,2.473533194815474,5,12.367665974077372,0,0.0,10,24.735331948154744,2.952925,7.304157770704478,1,2.473533194815474,4,9.894132779261898,0,0.0,9,22.26179875333927,12.55496019744873,31.05511080797648,8.0,19.7882655585238,16.0,39.5765311170476,4.0,9.894132779261898,24.0,59.36479667557139,4.0,13.0,False,False,False
18,2020-03-26,4.3352723,10.723440209403634,1,2.473533194815474,6,14.841199168892848,0,0.0,13,32.155931532601166,3.5960097,8.894849452190101,1,2.473533194815474,5,12.367665974077372,0,0.0,10,24.735331948154744,15.188427988052368,37.569080805511945,10.0,24.735331948154744,19.0,46.997130701494015,5.0,12.367665974077372,29.0,71.73246264964875,1.0,10.0,False,False,False
19,2020-03-27,4.55111,11.257320875301955,1,2.473533194815474,6,14.841199168892848,0,0.0,13,32.155931532601166,4.3921447,10.86411575670354,1,2.473533194815474,6,14.841199168892848,0,0.0,14,34.62946472741664,18.428621940135955,45.58380810363104,12.0,29.682398337785692,23.0,56.89126348075592,6.0,14.841199168892848,37.0,91.52072820817256,3.0,12.0,False,False,False
20,2020-03-28,3.6787093,9.09940936253406,1,2.473533194815474,5,12.367665974077372,0,0.0,12,29.682398337785692,5.3805604,13.3089954033494,2,4.947066389630949,7,17.31473236370832,0,0.0,16,39.5765311170476,22.42661248874664,55.4729704381781,14.0,34.62946472741664,28.0,69.25892945483328,8.0,19.7882655585238,46.0,113.78252696151183,7.0,19.0,False,False,False
21,2020-03-29,2.8697393,7.098395144566894,1,2.473533194815474,4,9.894132779261898,0,0.0,9,22.26179875333927,6.611221,16.35307417018339,2,4.947066389630949,9,22.26179875333927,0,0.0,20,49.47066389630949,27.373703340530398,67.70976387783317,16.0,39.5765311170476,35.0,86.57366181854161,9.0,22.26179875333927,56.0,138.51785890966656,10.0,29.0,True,False,False
22,2020-03-30,5.688497,14.070686302147806,2,4.947066389630949,8,19.7882655585238,0,0.0,17,42.05006431186307,8.147941,20.15420177485794,2,4.947066389630949,11,27.20886514297022,0,0.0,26,64.31186306520233,33.5128129529953,82.89505529087586,19.0,46.997130701494015,42.0,103.88839418224993,11.0,27.20886514297022,75.0,185.5149896111606,2.0,30.0,True,False,False
23,2020-03-31,9.468086,23.41962535865605,3,7.420599584446424,13,32.155931532601166,0,0.0,27,66.7853962600178,10.072403,24.914424284361303,3,7.420599584446424,14,34.62946472741664,0,0.0,28,69.25892945483328,41.15322674942016,101.79387243845888,23.0,56.89126348075592,52.0,128.62372613040466,13.0,32.155931532601166,95.0,234.9856535074701,1.0,28.0,True,False,False
24,2020-04-01,12.535144,31.00609465036541,4,9.894132779261898,16,39.5765311170476,1,2.473533194815474,42,103.88839418224993,12.4895315,30.89327074121684,3,7.420599584446424,17,42.05006431186307,1,2.473533194815474,40,98.94132779261898,50.68982756233216,125.38297111490094,27.0,66.7853962600178,65.0,160.77965766300585,15.0,37.10299792223211,122.0,301.7710497674879,1.0,25.0,True,False,False
25,2020-04-02,15.791027,39.059630944393575,4,9.894132779261898,19,46.997130701494015,1,2.473533194815474,46,113.78252696151183,15.534325,38.424666854552925,4,9.894132779261898,20,49.47066389630949,1,2.473533194815474,50,123.67665974077372,62.62814385890961,154.91279276469183,32.0,79.15306223409519,83.0,205.3032551696844,16.0,39.5765311170476,150.0,371.0299792223212,2.0,26.0,True,False,False
26,2020-04-03,18.160679,44.92104344535619,5,12.367665974077372,23,56.89126348075592,1,2.473533194815474,60,148.41199168892845,19.381165,47.93995467480272,5,12.367665974077372,25,61.83832987038687,1,2.473533194815474,55,136.04432571485108,77.61715571594239,191.98861115054515,37.0,91.52072820817256,100.0,247.35331948154743,18.0,44.52359750667854,186.0,460.0771742356783,,,False,False,True
27,2020-04-04,16.802202,41.56080540269613,4,9.894132779261898,20,49.47066389630949,1,2.473533194815474,54,133.5707925200356,24.25569,59.99725544825196,6,14.841199168892848,29,71.73246264964875,1,2.473533194815474,78,192.935589195607,96.49229697799684,238.676899619068,45.0,111.30899376669636,118.0,291.876916988226,21.0,51.94419709112496,240.0,593.6479667557138,,,False,False,True
28,2020-04-05,13.362055,33.051485661417246,3,7.420599584446424,15,37.10299792223211,0,0.0,45,111.30899376669636,30.450886,75.32127783633769,7,17.31473236370832,36,89.04719501335708,2,4.947066389630949,100,247.35331948154743,120.33194783496856,297.6450673665988,50.0,123.67665974077372,149.0,368.5564460275057,24.0,59.36479667557139,300.0,742.0599584446423,,,False,False,True
29,2020-04-06,28.438444,70.34343434497714,6,14.841199168892848,34,84.10012862372614,1,2.473533194815474,95,234.9856535074701,38.347958,94.85494811087848,9,22.26179875333927,41,101.41486098743444,2,4.947066389630949,120,296.8239833778569,150.5319637079239,372.345809112308,60.0,148.41199168892845,183.0,452.6565746512318,28.0,69.25892945483328,398.0,984.4662115365588,,,False,False,True
30,2020-04-07,44.88169,111.01635172963142,10,24.735331948154744,51,126.1501929355892,2,4.947066389630949,169,418.0271099238152,48.444466,119.8289915919304,10,24.735331948154744,54,133.5707925200356,2,4.947066389630949,182,450.18304145641633,188.904027967453,467.26038381184577,70.0,173.14732363708322,226.0,559.0185020282972,30.0,74.20599584446423,540.0,1335.7079252003562,,,False,False,True
