,Unnamed: 0,Raw Prediction Mean,Raw Prediction Mean 100k,Raw Prediction Q25,Raw Prediction Q25 100k,Raw Prediction Q75,Raw Prediction Q75 100k,Raw Prediction Q5,Raw Prediction Q5 100k,Raw Prediction Q95,Raw Prediction Q95 100k,Trend Prediction Mean,Trend Prediction Mean 100k,Trend Prediction Q25,Trend Prediction Q25 100k,Trend Prediction Q75,Trend Prediction Q75 100k,Trend Prediction Q5,Trend Prediction Q5 100k,Trend Prediction Q95,Trend Prediction Q95 100k,Trend 7Day Prediction Mean,Trend 7Day Prediction Mean 100k,Trend 7Day Prediction Q25,Trend 7Day Prediction Q25 100k,Trend 7Day Prediction Q75,Trend 7Day Prediction Q75 100k,Trend 7Day Prediction Q5,Trend 7Day Prediction Q5 100k,Trend 7Day Prediction Q95,Trend 7Day Prediction Q95 100k,RKI Meldedaten,RKI 7Day Incidence,is_nowcast,is_high,is_prediction
0,2020-03-31,14.34327,9.178694017464297,7,4.479512629025963,19,12.158677135927611,2,1.2798607511502749,33,21.11770239397953,15.423626,9.870046778814867,7,4.479512629025963,21,13.438537887077883,2,1.2798607511502749,39,24.957284647430363,,,,,,,,,,,12.0,,False,False,False
1,2020-04-01,14.671791,9.38892480917275,7,4.479512629025963,20,12.79860751150275,3,1.919791126725412,35,22.39756314512981,13.062027,8.358788181794807,6,3.839582253450824,18,11.518746760352474,2,1.2798607511502749,32,20.4777720184044,,,,,,,,,,,11.0,,False,False,False
2,2020-04-02,13.1310625,8.402965613640845,6,3.839582253450824,17,10.878816384777336,2,1.2798607511502749,33,21.11770239397953,11.075159,7.087330595823005,5,3.1996518778756875,14,8.959025258051925,2,1.2798607511502749,27,17.27812014052871,,,,,,,,,,,18.0,,False,False,False
3,2020-04-03,10.759991,6.885644688736647,5,3.1996518778756875,14,8.959025258051925,2,1.2798607511502749,25,15.998259389378436,9.401593,6.016364932293072,4,2.5597215023005497,13,8.319094882476787,1,0.6399303755751374,24,15.358329013803298,,,,,,,,,,,7.0,,False,False,False
4,2020-04-04,7.4888225,4.792325125890784,3,1.919791126725412,10,6.399303755751375,1,0.6399303755751374,18,11.518746760352474,7.990276,5.113220322527923,4,2.5597215023005497,11,7.039234131326511,1,0.6399303755751374,20,12.79860751150275,,,,,,,,,,,4.0,,False,False,False
5,2020-04-05,4.592442,2.938843135780189,2,1.2798607511502749,7,4.479512629025963,0,0.0,11,7.039234131326511,6.7987494,4.350726158008911,3,1.919791126725412,9,5.759373380176237,1,0.6399303755751374,17,10.878816384777336,,,,,,,,,,,8.0,,False,False,False
6,2020-04-06,4.243729,2.7156911528436467,2,1.2798607511502749,6,3.839582253450824,0,0.0,11,7.039234131326511,5.791612,3.706228380906396,3,1.919791126725412,8,5.1194430046011,1,0.6399303755751374,14,8.959025258051925,69.54305342483521,44.50271229679664,51.0,32.63644915433201,84.0,53.75415154831154,35.0,22.39756314512981,117.0,74.87185394229107,3.0,63.0,False,False,False
7,2020-04-07,6.004192,3.842264777631499,3,1.919791126725412,8,5.1194430046011,1,0.6399303755751374,15,9.59895563362706,4.9393606,3.160846972605213,2,1.2798607511502749,7,4.479512629025963,1,0.6399303755751374,13,8.319094882476787,59.05878081893921,37.79350779047349,44.0,28.156936525306044,72.0,46.0749870414099,30.0,19.19791126725412,97.0,62.07324643078833,8.0,59.0,False,False,False
8,2020-04-08,5.77638,3.696481144288555,3,1.919791126725412,8,5.1194430046011,1,0.6399303755751374,14,8.959025258051925,4.217343,2.6988058380084112,2,1.2798607511502749,6,3.839582253450824,0,0.0,11,7.039234131326511,50.21409269142151,32.13352319518613,38.0,24.317354271855223,60.0,38.39582253450824,27.0,17.27812014052871,83.0,53.1142211727364,4.0,52.0,False,False,False
9,2020-04-09,5.1930976,3.323220880702138,2,1.2798607511502749,7,4.479512629025963,0,0.0,13,8.319094882476787,3.6049657,2.3069271264830604,1,0.6399303755751374,5,3.1996518778756875,0,0.0,9,5.759373380176237,42.743904148101805,27.35312263504246,32.0,20.4777720184044,51.0,32.63644915433201,23.0,14.71839863822816,72.0,46.0749870414099,6.0,40.0,False,False,False
10,2020-04-10,3.9238918,2.511017555661965,1,0.6399303755751374,5,3.1996518778756875,0,0.0,9,5.759373380176237,3.084994,1.9741813957807608,1,0.6399303755751374,4,2.5597215023005497,0,0.0,8,5.1194430046011,36.427309041976926,23.31094155642389,28.0,17.91805051610385,44.0,28.156936525306044,19.0,12.158677135927611,60.0,38.39582253450824,3.0,36.0,False,False,False
11,2020-04-11,2.413379,1.5443945812876336,1,0.6399303755751374,4,2.5597215023005497,0,0.0,7,4.479512629025963,2.6429784,1.6913221770664677,1,0.6399303755751374,4,2.5597215023005497,0,0.0,7,4.479512629025963,31.080010583877563,19.88904284582001,24.0,15.358329013803298,38.0,24.317354271855223,15.0,9.59895563362706,51.0,32.63644915433201,2.0,34.0,False,False,False
12,2020-04-12,1.5131453,0.9683076314104256,0,0.0,2,1.2798607511502749,0,0.0,5,3.1996518778756875,2.266821,1.4506075785902794,1,0.6399303755751374,3,1.919791126725412,0,0.0,6,3.839582253450824,26.548081325531005,16.98892365344635,20.0,12.79860751150275,33.0,21.11770239397953,13.0,8.319094882476787,44.0,28.156936525306044,3.0,29.0,False,False,False
13,2020-04-13,1.3531888,0.8659465493110474,0,0.0,2,1.2798607511502749,0,0.0,4,2.5597215023005497,1.9463525,1.2455300748115403,1,0.6399303755751374,3,1.919791126725412,0,0.0,6,3.839582253450824,22.702816948890685,14.528222176717213,17.0,10.878816384777336,28.0,17.91805051610385,11.0,7.039234131326511,39.0,24.957284647430363,2.0,28.0,False,False,False
14,2020-04-14,1.8505598,1.1842294043162838,0,0.0,3,1.919791126725412,0,0.0,6,3.839582253450824,1.6730248,1.0706193279474974,0,0.0,3,1.919791126725412,0,0.0,5,3.1996518778756875,19.43647942352295,12.437993577353474,14.0,8.959025258051925,24.0,15.358329013803298,9.0,5.759373380176237,34.0,21.75763276955467,0.0,20.0,False,False,False
15,2020-04-15,1.9705918,1.2610415069502778,1,0.6399303755751374,3,1.919791126725412,0,0.0,6,3.839582253450824,1.4396497,0.9212755685439332,0,0.0,2,1.2798607511502749,0,0.0,4,2.5597215023005497,16.658784046649934,10.6604619315978,12.0,7.679164506901649,21.0,13.438537887077883,7.0,4.479512629025963,30.0,19.19791126725412,1.0,17.0,False,False,False
16,2020-04-16,1.6962801,1.0855012078536674,0,0.0,3,1.919791126725412,0,0.0,5,3.1996518778756875,1.2401685,0.7936214387882501,0,0.0,2,1.2798607511502749,0,0.0,4,2.5597215023005497,14.293986770153046,9.147156322290083,10.0,6.399303755751375,18.0,11.518746760352474,5.0,3.1996518778756875,27.0,17.27812014052871,2.0,13.0,False,False,False
17,2020-04-17,1.2561651,0.8038582564040553,0,0.0,2,1.2798607511502749,0,0.0,4,2.5597215023005497,1.0694761,0.6843902610853547,0,0.0,2,1.2798607511502749,0,0.0,4,2.5597215023005497,12.278472677707672,7.857367632134534,8.0,5.1194430046011,16.0,10.2388860092022,5.0,3.1996518778756875,23.0,14.71839863822816,1.0,11.0,False,False,False
18,2020-04-18,0.7735286,0.4950044512952445,0,0.0,1,0.6399303755751374,0,0.0,3,1.919791126725412,0.92326146,0.590823037782684,0,0.0,1,0.6399303755751374,0,0.0,3,1.919791126725412,10.55875471997261,6.756867873557827,7.0,4.479512629025963,14.0,8.959025258051925,3.0,1.919791126725412,20.0,12.79860751150275,1.0,10.0,False,False,False
19,2020-04-19,0.48614007,0.3110958004981512,0,0.0,1,0.6399303755751374,0,0.0,2,1.2798607511502749,0.7978784,0.5105865966470446,0,0.0,1,0.6399303755751374,0,0.0,3,1.919791126725412,9.089811535596848,5.816846509881708,6.0,3.839582253450824,12.0,7.679164506901649,3.0,1.919791126725412,17.0,10.878816384777336,1.0,8.0,False,False,False
20,2020-04-20,0.48536572,0.3106002623098902,0,0.0,1,0.6399303755751374,0,0.0,2,1.2798607511502749,0.6902474,0.4417102900333702,0,0.0,1,0.6399303755751374,0,0.0,3,1.919791126725412,7.833706310510635,5.013026621430395,5.0,3.1996518778756875,10.0,6.399303755751375,2.0,1.2798607511502749,16.0,10.2388860092022,0.0,6.0,False,False,False
21,2020-04-21,0.6800533,0.4351867573859636,0,0.0,1,0.6399303755751374,0,0.0,3,1.919791126725412,0.59775656,0.3825226031040074,0,0.0,1,0.6399303755751374,0,0.0,3,1.919791126725412,6.758438220143318,4.324929908517677,4.0,2.5597215023005497,9.0,5.759373380176237,2.0,1.2798607511502749,14.0,8.959025258051925,0.0,6.0,True,False,False
22,2020-04-22,0.6818621,0.43634427129291,0,0.0,1,0.6399303755751374,0,0.0,3,1.919791126725412,0.51819426,0.3316082484161597,0,0.0,1,0.6399303755751374,0,0.0,2,1.2798607511502749,5.836983219146728,3.735262863654341,3.0,1.919791126725412,8.0,5.1194430046011,1.0,0.6399303755751374,13.0,8.319094882476787,2.0,7.0,True,False,False
23,2020-04-23,0.6115474,0.3913477485184558,0,0.0,1,0.6399303755751374,0,0.0,3,1.919791126725412,0.44968206,0.2877652150345966,0,0.0,1,0.6399303755751374,0,0.0,2,1.2798607511502749,5.0464962334036825,3.229406229980535,3.0,1.919791126725412,7.0,4.479512629025963,1.0,0.6399303755751374,11.0,7.039234131326511,0.0,5.0,True,False,False
24,2020-04-24,0.44578463,0.2852711304512922,0,0.0,1,0.6399303755751374,0,0.0,2,1.2798607511502749,0.39062423,0.2499722995707998,0,0.0,1,0.6399303755751374,0,0.0,2,1.2798607511502749,4.36764387011528,2.7949879821813184,2.0,1.2798607511502749,6.0,3.839582253450824,0.0,0.0,10.0,6.399303755751375,5.0,9.0,True,True,False
25,2020-04-25,0.2710038,0.1734235752337554,0,0.0,0,0.0,0,0.0,1,0.6399303755751374,0.33966482,0.2173618440792779,0,0.0,1,0.6399303755751374,0,0.0,2,1.2798607511502749,3.784047464668751,2.42152691525962,2.0,1.2798607511502749,5.0,3.1996518778756875,0.0,0.0,9.0,5.759373380176237,1.0,9.0,True,False,False
26,2020-04-26,0.16978247,0.1086489646695554,0,0.0,0,0.0,0,0.0,1,0.6399303755751374,0.29564807,0.1891941792564466,0,0.0,0,0.0,0,0.0,1,0.6399303755751374,3.2818170541226865,2.100134420013622,1.0,0.6399303755751374,5.0,3.1996518778756875,0.0,0.0,8.0,5.1194430046011,,,False,False,True
27,2020-04-27,0.1701204,0.1088652084035857,0,0.0,0,0.0,0,0.0,1,0.6399303755751374,0.25759065,0.1648400825615681,0,0.0,0,0.0,0,0.0,1,0.6399303755751374,2.8491604382395743,1.823264309316474,1.0,0.6399303755751374,4.0,2.5597215023005497,0.0,0.0,7.0,4.479512629025963,,,False,False,True
28,2020-04-28,0.24011202,0.1536549802949594,0,0.0,0,0.0,0,0.0,1,0.6399303755751374,0.22465268,0.1437620767319458,0,0.0,0,0.0,0,0.0,1,0.6399303755751374,2.4760561125129463,1.5845035180255245,1.0,0.6399303755751374,4.0,2.5597215023005497,0.0,0.0,7.0,4.479512629025963,,,False,False,True
29,2020-04-29,0.25418702,0.162661990543711,0,0.0,0,0.0,0,0.0,1,0.6399303755751374,0.19611676,0.1255010715794924,0,0.0,0,0.0,0,0.0,1,0.6399303755751374,2.153978731647134,1.3783964187238085,1.0,0.6399303755751374,3.0,1.919791126725412,0.0,0.0,6.0,3.839582253450824,,,False,False,True
30,2020-04-30,0.24074635,0.1540608991490444,0,0.0,0,0.0,0,0.0,1,0.6399303755751374,0.1713711,0.1096655751098296,0,0.0,0,0.0,0,0.0,1,0.6399303755751374,1.8756679109185932,1.2002968706883688,0.0,0.0,3.0,1.919791126725412,0.0,0.0,5.0,3.1996518778756875,,,False,False,True
